"from","to","interval","rep","Tmax","strength"
"s1","s2",2.68396737834773,9,20,0.5
"s1","s2",2.96824231113635,9,20,0.5
"s1","s2",2.62369529440852,9,20,0.5
"s1","s2",2.56508405537523,9,20,0.5
"s1","s2",2.4991788675953,9,20,0.5
"s1","s2",3.54407849234342,9,20,0.5
"s1","s2",3.03125173418167,9,20,0.5
"s1","s2",3.65616104260869,9,20,0.5
"s1","s2",4.18205674484881,9,20,0.5
"s1","s2",3.27813785854818,9,20,0.5
"s1","s2",2.1907464705056,9,20,0.5
"s1","s2",6.41898522951622,9,20,0.5
"s1","s2",4.81583184805111,9,20,0.5
"s1","s2",3.45306746871871,9,20,0.5
"s1","s2",2.37580132534247,9,20,0.5
"s1","s2",3.76153393146357,9,20,0.5
"s1","s2",5.06141396991547,9,20,0.5
"s1","s2",4.97643520555391,9,20,0.5
"s1","s2",2.4883292247773,9,20,0.5
"s1","s2",3.01643632303063,9,20,0.5
"s1","s2",4.47673837956935,9,20,0.5
"s1","s2",2.99129777599062,9,20,0.5
"s1","s2",4.14481053885329,9,20,0.5
"s1","s2",4.49878960608041,9,20,0.5
"s1","s2",5.41782699419001,9,20,0.5
"s1","s2",4.07616924726045,9,20,0.5
"s1","s2",3.73360451169873,9,20,0.5
"s1","s2",3.95628589271583,9,20,0.5
"s1","s2",4.77474453155123,9,20,0.5
"s1","s2",2.46063648628764,9,20,0.5
"s1","s2",4.43356699828873,9,20,0.5
"s1","s2",5.68447317341794,9,20,0.5
"s1","s2",4.9089766900058,9,20,0.5
"s1","s2",3.34961531232896,9,20,0.5
"s1","s2",3.02142339972984,9,20,0.5
"s1","s2",2.6798966726864,9,20,0.5
"s1","s2",2.26584331989259,9,20,0.5
"s1","s2",6.7896656495556,9,20,0.5
"s1","s2",4.511490848761,9,20,0.5
"s1","s2",5.70977064110166,9,20,0.5
"s1","s2",2.68396737834773,9,20,0.5
"s1","s2",3.87615449936101,9,20,0.5
"s1","s2",3.44608423805465,9,20,0.5
"s1","s2",2.12992984481217,9,20,0.5
"s1","s2",3.96223143351087,9,20,0.5
"s1","s2",3.44608423805465,9,20,0.5
"s1","s2",2.89655800002417,9,20,0.5
"s1","s2",5.23511947258857,9,20,0.5
"s1","s2",6.6908550264716,9,20,0.5
"s1","s2",4.73095287077859,9,20,0.5
"s1","s2",3.46601468429337,9,20,0.5
"s1","s2",4.01449300991175,9,20,0.5
"s1","s2",3.44608423805465,9,20,0.5
"s1","s2",2.65156405972007,9,20,0.5
"s1","s2",2.996949455968,9,20,0.5
"s1","s2",3.5274922787775,9,20,0.5
"s1","s2",3.60459843579326,9,20,0.5
"s1","s2",2.30701704299223,9,20,0.5
"s1","s2",2.10828133979531,9,20,0.5
"s1","s2",2.35130592871916,9,20,0.5
"s1","s2",3.58185459503719,9,20,0.5
"s1","s2",3.7963873904397,9,20,0.5
"s1","s2",2.56638142524147,9,20,0.5
"s1","s2",3.79244669897031,9,20,0.5
"s1","s2",4.511490848761,9,20,0.5
"s1","s2",2.62369529440852,9,20,0.5
"s1","s2",4.55465658564452,9,20,0.5
"s1","s2",3.64021448989503,9,20,0.5
"s1","s2",4.35676679374983,9,20,0.5
"s1","s2",3.9718796093825,9,20,0.5
"s1","s2",3.4306904012427,9,20,0.5
"s1","s2",5.04830402644756,9,20,0.5
"s1","s2",4.19149874531643,9,20,0.5
"s1","s2",4.56724296041657,9,20,0.5
"s1","s2",3.11145772320025,9,20,0.5
"s1","s2",4.41873398282218,9,20,0.5
"s1","s2",3.03125173418167,9,20,0.5
"s1","s2",3.51565194624157,9,20,0.5
"s1","s2",4.19149874531643,9,20,0.5
"s1","s2",2.62556495331024,9,20,0.5
"s1","s2",2.47448285553247,9,20,0.5
"s1","s2",3.73085454254942,9,20,0.5
"s1","s2",3.78120865147909,9,20,0.5
"s1","s2",2.27093897131353,9,20,0.5
"s1","s2",5.2420856527106,9,20,0.5
"s1","s2",2.65156405972007,9,20,0.5
"s1","s2",2.47591126112021,9,20,0.5
"s1","s2",3.80455689749385,9,20,0.5
"s1","s2",2.96824231113635,9,20,0.5
"s1","s2",3.96079253421099,9,20,0.5
"s1","s2",2.6091953752831,9,20,0.5
"s1","s2",4.38275979940484,9,20,0.5
"s1","s2",4.57651594321226,9,20,0.5
"s1","s2",3.40802932837425,9,20,0.5
"s1","s2",3.60459843579326,9,20,0.5
"s1","s2",2.62369529440852,9,20,0.5
"s1","s2",3.65665879524315,9,20,0.5
"s1","s2",3.33103149226117,9,20,0.5
"s1","s2",4.53936690458879,9,20,0.5
"s1","s2",3.98923938293396,9,20,0.5
"s1","s2",3.86518021832876,9,20,0.5
"s1","s2",2.63915316666679,9,20,0.5
"s1","s2",4.02380698972691,9,20,0.5
"s1","s2",2.13947468539743,9,20,0.5
"s1","s2",3.1618399160945,9,20,0.5
"s1","s2",2.4991788675953,9,20,0.5
"s1","s2",3.73360451169873,9,20,0.5
"s1","s2",3.611738875988,9,20,0.5
"s1","s2",2.48132054616475,9,20,0.5
"s1","s2",2.9694091454149,9,20,0.5
"s1","s2",2.89467372716407,9,20,0.5
"s1","s2",3.9499151060743,9,20,0.5
"s1","s2",2.87988676210959,9,20,0.5
"s1","s2",4.04450006913291,9,20,0.5
"s1","s2",2.55582449387286,9,20,0.5
"s1","s2",3.12789518662366,9,20,0.5
"s1","s2",3.47896189986803,9,20,0.5
"s1","s2",3.80165257281195,9,20,0.5
"s1","s2",3.51565194624157,9,20,0.5
"s1","s2",3.44608423805465,9,20,0.5
"s1","s2",3.18482047643454,9,20,0.5
"s1","s2",3.99803096398656,9,20,0.5
"s1","s2",5.37156884186458,9,20,0.5
"s1","s2",4.84697646810956,9,20,0.5
"s1","s2",3.67598354422612,9,20,0.5
"s1","s2",3.79244669897031,9,20,0.5
"s1","s2",2.36296877564422,9,20,0.5
"s1","s2",2.31932677649637,9,20,0.5
"s1","s2",3.86110959117125,9,20,0.5
"s1","s2",3.69375666889629,9,20,0.5
"s1","s2",2.94525210078612,9,20,0.5
"s1","s2",4.55461144749494,9,20,0.5
"s1","s2",4.511490848761,9,20,0.5
"s1","s2",2.62369529440852,9,20,0.5
"s1","s2",3.47896189986803,9,20,0.5
"s1","s2",5.30349964598688,9,20,0.5
"s1","s2",3.20966768236258,9,20,0.5
"s1","s2",1.7783200105055,9,20,0.5
"s1","s2",4.2266912827691,9,20,0.5
"s1","s2",3.73333279923874,9,20,0.5
"s1","s2",4.83246606676836,9,20,0.5
"s1","s2",4.58578892600796,9,20,0.5
"s1","s2",2.96824231113635,9,20,0.5
"s1","s2",2.04967308008907,9,20,0.5
"s1","s2",2.18857829895292,9,20,0.5
"s1","s2",4.42912422335981,9,20,0.5
"s1","s2",2.62029858136321,9,20,0.5
"s1","s2",2.94525210078612,9,20,0.5
"s1","s2",4.50071790716017,9,20,0.5
"s1","s2",3.35915229258052,9,20,0.5
"s1","s2",2.43206527505988,9,20,0.5
"s1","s2",4.56097234210533,9,20,0.5
"s1","s2",2.36102714577356,9,20,0.5
"s1","s2",2.63593132054164,9,20,0.5
"s1","s2",2.44362774167732,9,20,0.5
"s1","s2",3.65665879524315,9,20,0.5
"s1","s2",4.511490848761,9,20,0.5
"s1","s2",4.33323793388556,9,20,0.5
"s1","s2",3.14839082589625,9,20,0.5
"s1","s2",3.02675175675737,9,20,0.5
"s1","s2",3.35534092179345,9,20,0.5
"s1","s2",3.66910147374599,9,20,0.5
"s1","s2",2.72026737920527,9,20,0.5
"s1","s2",3.4973069230548,9,20,0.5
"s1","s2",2.52396812552406,9,20,0.5
"s1","s2",4.53936690458879,9,20,0.5
"s1","s2",3.19166371221882,9,20,0.5
"s1","s2",3.80455689749385,9,20,0.5
"s1","s2",2.45135244328634,9,20,0.5
"s1","s2",3.9410105308634,9,20,0.5
"s1","s2",2.67765510672585,9,20,0.5
"s1","s2",2.45887571077016,9,20,0.5
"s1","s2",3.95472651614785,9,20,0.5
"s1","s2",1.99732791976373,9,20,0.5
"s1","s2",5.30349964598688,9,20,0.5
"s1","s2",2.62029858136321,9,20,0.5
"s1","s2",4.21015470706626,9,20,0.5
"s1","s2",2.48132054616475,9,20,0.5
"s1","s2",4.71464744917507,9,20,0.5
"s1","s2",3.18786627861087,9,20,0.5
"s1","s2",3.77699031521694,9,20,0.5
"s1","s2",2.13947468539743,9,20,0.5
"s1","s2",3.9410105308634,9,20,0.5
"s1","s2",4.84186061077851,9,20,0.5
"s1","s2",6.20597662590603,9,20,0.5
"s1","s2",3.35367176189064,9,20,0.5
"s1","s2",2.75311371992812,9,20,0.5
"s1","s2",4.34514417569842,9,20,0.5
"s1","s2",2.9882519174839,9,20,0.5
"s1","s2",2.86064499654104,9,20,0.5
"s1","s2",3.09594752169505,9,20,0.5
"s1","s2",2.40249172509434,9,20,0.5
"s1","s2",2.6091953752831,9,20,0.5
"s1","s2",3.27034958731188,9,20,0.5
"s1","s2",3.22585044329022,9,20,0.5
"s1","s2",3.78120865147909,9,20,0.5
"s1","s2",2.72619124694852,9,20,0.5
"s1","s2",2.55582449387286,9,20,0.5
"s1","s2",2.55582449387286,9,20,0.5
"s1","s2",2.62369529440852,9,20,0.5
"s1","s2",2.16797913007349,9,20,0.5
"s1","s2",3.89818398342309,9,20,0.5
"s1","s2",5.39582145894504,9,20,0.5
"s1","s2",4.68628641097251,9,20,0.5
"s1","s2",2.46063648628764,9,20,0.5
"s1","s2",3.27672604543506,9,20,0.5
"s1","s2",2.56536408045999,9,20,0.5
"s1","s2",3.34259469978513,9,20,0.5
"s1","s2",4.61480972869036,9,20,0.5
"s1","s2",2.42686499290047,9,20,0.5
"s1","s2",4.41873398282218,9,20,0.5
"s1","s2",2.4991788675953,9,20,0.5
"s1","s2",3.38664255051392,9,20,0.5
"s1","s2",4.48022152007782,9,20,0.5
"s1","s2",3.11401214982642,9,20,0.5
"s1","s2",2.14136240505888,9,20,0.5
"s1","s2",4.52501458560548,9,20,0.5
"s1","s2",6.2012691413481,9,20,0.5
"s1","s2",3.8330002185268,9,20,0.5
"s1","s2",2.4883292247773,9,20,0.5
"s1","s2",4.11862156066952,9,20,0.5
"s1","s2",2.9694091454149,9,20,0.5
"s1","s2",5.31133249905541,9,20,0.5
"s1","s2",3.8008361838077,9,20,0.5
"s1","s2",3.611738875988,9,20,0.5
"s1","s2",3.03350192204423,9,20,0.5
"s1","s2",5.56367605812618,9,20,0.5
"s1","s2",3.58214745647072,9,20,0.5
"s1","s2",5.38883961693131,9,20,0.5
"s1","s2",2.75311371992812,9,20,0.5
"s1","s2",2.75311371992812,9,20,0.5
"s1","s2",3.12789518662366,9,20,0.5
"s1","s2",3.5513715166489,9,20,0.5
"s1","s2",3.3251848505942,9,20,0.5
"s1","s2",3.3251848505942,9,20,0.5
"s1","s2",4.36834439049704,9,20,0.5
"s1","s2",3.84140530933655,9,20,0.5
"s1","s2",4.23161702597755,9,20,0.5
"s1","s2",3.92980414730179,9,20,0.5
"s1","s2",2.51246426911973,9,20,0.5
"s1","s2",2.4601736256764,9,20,0.5
"s1","s2",4.05469831396398,9,20,0.5
"s1","s2",2.77287998499485,9,20,0.5
"s1","s2",2.69150943612876,9,20,0.5
"s1","s2",3.27672604543506,9,20,0.5
"s1","s2",2.57490366704711,9,20,0.5
"s1","s2",2.55582449387286,9,20,0.5
"s1","s2",3.92127668720954,9,20,0.5
"s1","s2",3.65665879524315,9,20,0.5
"s1","s2",4.511490848761,9,20,0.5
"s1","s2",5.6478664574231,9,20,0.5
"s1","s2",3.39492134691161,9,20,0.5
"s1","s2",5.44681437144871,9,20,0.5
"s1","s2",3.33267622680092,9,20,0.5
"s1","s2",3.35915229258052,9,20,0.5
"s1","s2",3.09759469867356,9,20,0.5
"s1","s2",2.85906604289048,9,20,0.5
"s1","s2",5.45191983504282,9,20,0.5
"s1","s2",3.60459843579326,9,20,0.5
"s1","s2",2.06407285702989,9,20,0.5
"s1","s2",2.76261681964388,9,20,0.5
"s1","s2",1.9601665839863,9,20,0.5
"s1","s2",3.12221847481387,9,20,0.5
"s1","s2",2.98600192877174,9,20,0.5
"s1","s2",4.43521944252061,9,20,0.5
"s1","s2",3.87100059284504,9,20,0.5
"s1","s2",3.35915229258052,9,20,0.5
"s1","s2",5.52202045750418,9,20,0.5
"s1","s2",2.53744587807985,9,20,0.5
"s1","s2",5.33223640517721,9,20,0.5
"s1","s2",4.76189320934808,9,20,0.5
"s1","s2",4.90932026878902,9,20,0.5
"s1","s2",2.93145801915021,9,20,0.5
"s1","s2",2.44362774167732,9,20,0.5
"s1","s2",3.35441412989544,9,20,0.5
"s1","s2",3.28700379060408,9,20,0.5
"s1","s2",5.04429491295125,9,20,0.5
"s1","s2",3.47896189986803,9,20,0.5
"s1","s2",4.55989522730292,9,20,0.5
"s1","s2",4.08683647888962,9,20,0.5
"s1","s2",5.23511947258857,9,20,0.5
"s1","s2",2.62029858136321,9,20,0.5
"s1","s2",3.72062190690243,9,20,0.5
"s1","s2",4.07907652105554,9,20,0.5
"s1","s2",2.45702585647043,9,20,0.5
"s1","s2",3.92127668720954,9,20,0.5
"s1","s2",3.61140923362516,9,20,0.5
"s1","s2",2.6091953752831,9,20,0.5
"s1","s2",3.611738875988,9,20,0.5
"s1","s2",2.49894644707895,9,20,0.5
"s1","s2",3.54467274892397,9,20,0.5
"s1","s2",2.63949933596601,9,20,0.5
"s1","s2",3.8330002185268,9,20,0.5
"s1","s2",2.78521227797745,9,20,0.5
"s1","s2",2.31300989327432,9,20,0.5
"s1","s2",1.98083431606058,9,20,0.5
"s1","s2",2.35755226984098,9,20,0.5
"s1","s2",3.30166135457119,9,20,0.5
"s1","s2",4.63866054025142,9,20,0.5
"s1","s2",3.11401214982642,9,20,0.5
"s1","s2",4.9089766900058,9,20,0.5
"s1","s2",3.44608423805465,9,20,0.5
"s1","s2",3.12045970827212,9,20,0.5
"s1","s2",2.44362774167732,9,20,0.5
"s1","s2",2.49211175717526,9,20,0.5
"s1","s2",2.2097394013222,9,20,0.5
"s1","s2",2.02292306769742,9,20,0.5
"s1","s2",5.08819664155887,9,20,0.5
"s1","s2",3.72833123855249,9,20,0.5
"s1","s2",4.46152305714557,9,20,0.5
"s1","s2",4.10005347466693,9,20,0.5
"s1","s2",2.6091953752831,9,20,0.5
"s1","s2",2.88384000466221,9,20,0.5
"s1","s2",4.19149874531643,9,20,0.5
"s1","s2",2.91886049623483,9,20,0.5
"s1","s2",2.02424148828619,9,20,0.5
"s1","s2",4.10005347466693,9,20,0.5
"s1","s2",3.4306904012427,9,20,0.5
"s1","s2",5.72201518383432,9,20,0.5
"s1","s2",4.84610521274638,9,20,0.5
"s1","s2",5.35398814435221,9,20,0.5
"s1","s2",3.03125173418167,9,20,0.5
"s1","s2",6.55067806539596,9,20,0.5
"s1","s2",2.97350371647975,9,20,0.5
"s1","s2",3.49537849348931,9,20,0.5
"s1","s2",3.22009469922935,9,20,0.5
"s1","s2",2.34992065050874,9,20,0.5
"s1","s2",3.98288837817122,9,20,0.5
"s1","s2",3.56034311202205,9,20,0.5
"s1","s2",2.62369529440852,9,20,0.5
"s1","s2",3.47896189986803,9,20,0.5
"s1","s2",2.42034703220258,9,20,0.5
"s1","s2",3.14970050736028,9,20,0.5
"s1","s2",2.62369529440852,9,20,0.5
"s1","s2",4.0039499671241,9,20,0.5
"s1","s2",4.5960726245895,9,20,0.5
"s1","s2",3.11401214982642,9,20,0.5
"s1","s2",3.09759469867356,9,20,0.5
"s1","s2",2.77311889344207,9,20,0.5
"s1","s2",2.41821890581505,9,20,0.5
"s1","s2",2.57183790844767,9,20,0.5
"s1","s2",3.53933261131344,9,20,0.5
"s1","s2",3.35367176189064,9,20,0.5
"s1","s2",1.88047941264454,9,20,0.5
"s1","s2",2.55582449387286,9,20,0.5
"s1","s2",3.78120865147909,9,20,0.5
"s1","s2",3.95628589271583,9,20,0.5
"s1","s2",2.67389182602098,9,20,0.5
"s1","s2",3.33103149226117,9,20,0.5
"s1","s2",4.30165110697017,9,20,0.5
"s1","s2",3.76153393146357,9,20,0.5
"s1","s2",3.78120865147909,9,20,0.5
"s1","s2",5.23198209267458,9,20,0.5
"s1","s2",2.9727417159787,9,20,0.5
"s1","s2",4.41112239675566,9,20,0.5
"s1","s2",4.43521944252061,9,20,0.5
"s1","s2",3.12789518662366,9,20,0.5
"s1","s2",3.63184530988475,9,20,0.5
"s1","s2",2.99808045108613,9,20,0.5
"s1","s2",4.43233209266695,9,20,0.5
"s1","s2",3.1263011000238,9,20,0.5
"s1","s2",3.84140530933655,9,20,0.5
"s1","s2",2.2421594229156,9,20,0.5
"s1","s2",3.38912615965646,9,20,0.5
"s1","s2",4.2266912827691,9,20,0.5
"s1","s2",3.20082350857552,9,20,0.5
"s1","s2",5.50801821114059,9,20,0.5
"s1","s2",4.22086270948643,9,20,0.5
"s1","s2",3.19166371221882,9,20,0.5
"s1","s2",3.35152955100639,9,20,0.5
"s1","s2",3.77532551894847,9,20,0.5
"s1","s2",5.50801821114059,9,20,0.5
"s1","s2",3.92374904804002,9,20,0.5
"s1","s2",2.85113970744316,9,20,0.5
"s1","s2",1.95678297273808,9,20,0.5
"s1","s2",4.3420527965711,9,20,0.5
"s1","s2",3.85278906910699,9,20,0.5
"s1","s2",3.5411920467779,9,20,0.5
"s1","s2",2.43399013585205,9,20,0.5
"s1","s2",4.17044934350162,9,20,0.5
"s1","s2",3.32149530508483,9,20,0.5
"s1","s2",2.98761242270746,9,20,0.5
"s1","s2",3.80455689749385,9,20,0.5
"s1","s2",2.29625789608581,9,20,0.5
"s1","s2",5.03135996746735,9,20,0.5
"s1","s2",2.87988676210959,9,20,0.5
"s1","s2",5.93399389075971,9,20,0.5
"s1","s2",3.63079509735326,9,20,0.5
"s1","s2",3.39110997612454,9,20,0.5
"s1","s2",5.43449568775406,9,20,0.5
"s1","s2",4.58578892600796,9,20,0.5
"s1","s2",5.65604865933833,9,20,0.5
"s1","s2",3.14970050736028,9,20,0.5
"s1","s2",2.24633416688902,9,20,0.5
"s1","s2",3.92127668720954,9,20,0.5
"s1","s2",3.67267169384337,9,20,0.5
"s1","s2",3.95173464346531,9,20,0.5
"s1","s2",2.62029858136321,9,20,0.5
"s1","s2",4.29462993927254,9,20,0.5
"s1","s2",1.84301761594241,9,20,0.5
"s1","s2",2.88728024463683,9,20,0.5
"s1","s2",2.91886049623483,9,20,0.5
"s1","s2",3.92127668720954,9,20,0.5
"s1","s2",3.04136580173942,9,20,0.5
"s1","s2",2.83385416941887,9,20,0.5
"s1","s2",2.68670615064566,9,20,0.5
"s1","s2",3.35534092179345,9,20,0.5
"s1","s2",2.66752024558632,9,20,0.5
"s1","s2",3.0809889316052,9,20,0.5
"s1","s2",2.35130592871916,9,20,0.5
"s1","s2",3.48501150627807,9,20,0.5
"s1","s2",2.95483641685519,9,20,0.5
"s1","s2",3.35930529280984,9,20,0.5
"s1","s2",3.27672604543506,9,20,0.5
"s1","s2",2.45254746887569,9,20,0.5
"s1","s2",4.08061220538004,9,20,0.5
"s1","s2",3.2528568283127,9,20,0.5
"s1","s2",3.4804073656211,9,20,0.5
"s1","s2",3.79244669897031,9,20,0.5
"s1","s2",3.0082275974542,9,20,0.5
"s1","s2",2.38278194759753,9,20,0.5
"s1","s2",6.37384792214647,9,20,0.5
"s1","s2",2.85016701775989,9,20,0.5
"s1","s2",6.65671627527654,9,20,0.5
"s1","s2",4.29112840127099,9,20,0.5
"s1","s2",3.73085454254942,9,20,0.5
"s1","s2",3.35915229258052,9,20,0.5
"s1","s2",3.78120865147909,9,20,0.5
"s1","s2",5.12017284734121,9,20,0.5
"s1","s2",6.21508563797882,9,20,0.5
"s1","s2",4.19149874531643,9,20,0.5
"s1","s2",3.31864507556435,9,20,0.5
"s1","s2",4.73095287077859,9,20,0.5
"s1","s2",3.33103149226117,9,20,0.5
"s1","s2",2.63762967706429,9,20,0.5
"s1","s2",2.53366151804292,9,20,0.5
"s1","s2",2.02494400444678,9,20,0.5
"s1","s2",3.80455689749385,9,20,0.5
"s1","s2",3.60459843579326,9,20,0.5
"s1","s2",2.92477286884937,9,20,0.5
"s1","s2",2.13446162458842,9,20,0.5
"s1","s2",6.28294473491787,9,20,0.5
"s1","s2",3.13879784699197,9,20,0.5
"s1","s2",2.46699699859288,9,20,0.5
"s1","s2",4.28011953793134,9,20,0.5
"s1","s2",2.24288377665379,9,20,0.5
"s1","s2",3.73360451169873,9,20,0.5
"s1","s2",2.47863694343767,9,20,0.5
"s1","s2",2.89655800002417,9,20,0.5
"s1","s2",3.95628589271583,9,20,0.5
"s1","s2",2.34074859971172,9,20,0.5
"s1","s2",3.27672604543506,9,20,0.5
"s1","s2",2.72020011529058,9,20,0.5
"s1","s2",3.75603159701426,9,20,0.5
"s1","s2",4.5547017237941,9,20,0.5
"s1","s2",2.52320230076999,9,20,0.5
"s1","s2",3.5513715166489,9,20,0.5
"s1","s2",2.44362774167732,9,20,0.5
"s1","s2",4.17044934350162,9,20,0.5
"s1","s2",2.55582449387286,9,20,0.5
"s1","s2",3.09686720361414,9,20,0.5
"s1","s2",2.95483641685519,9,20,0.5
"s1","s2",2.85898110023274,9,20,0.5
"s1","s2",3.21431309546736,9,20,0.5
"s1","s2",4.56315028872568,9,20,0.5
"s1","s2",2.37580132534247,9,20,0.5
"s1","s2",3.98817634508615,9,20,0.5
"s1","s2",3.47896189986803,9,20,0.5
"s1","s2",3.20966768236258,9,20,0.5
"s1","s2",2.47548776303254,9,20,0.5
"s1","s2",3.27813785854818,9,20,0.5
"s1","s2",3.87278371417862,9,20,0.5
"s1","s2",4.223137502846,9,20,0.5
"s1","s2",3.60459843579326,9,20,0.5
"s1","s2",2.54216589034808,9,20,0.5
"s1","s2",3.35915229258052,9,20,0.5
"s1","s2",3.95853921346341,9,20,0.5
"s1","s2",3.87249313381095,9,20,0.5
"s1","s2",3.35152955100639,9,20,0.5
"s1","s2",2.89467372716407,9,20,0.5
"s1","s2",3.35915229258052,9,20,0.5
"s1","s2",3.24420561845645,9,20,0.5
"s1","s2",3.73505053029147,9,20,0.5
"s1","s2",3.33103149226117,9,20,0.5
"s1","s2",2.90698269782447,9,20,0.5
"s1","s2",3.35915229258052,9,20,0.5
"s1","s2",4.10855740675705,9,20,0.5
"s1","s2",3.15425408937292,9,20,0.5
"s1","s2",2.62743461221196,9,20,0.5
"s1","s2",3.82606561487948,9,20,0.5
"s1","s2",3.15469479636493,9,20,0.5
"s1","s2",2.96824231113635,9,20,0.5
"s1","s2",2.56309038274806,9,20,0.5
"s1","s2",3.15398888980836,9,20,0.5
"s1","s2",3.0052850749253,9,20,0.5
"s1","s2",5.39582145894504,9,20,0.5
"s1","s2",2.72619124694852,9,20,0.5
"s1","s2",2.63508321247699,9,20,0.5
"s1","s2",4.59555351074222,9,20,0.5
"s1","s2",3.12789518662366,9,20,0.5
"s1","s2",3.92127668720954,9,20,0.5
"s1","s2",3.75496142970554,9,20,0.5
"s1","s2",2.77127789532168,9,20,0.5
"s1","s2",2.44284807098119,9,20,0.5
"s1","s2",5.22005818594815,9,20,0.5
"s1","s2",2.39830975924535,9,20,0.5
"s1","s2",4.24348297558328,9,20,0.5
"s1","s2",3.92127668720954,9,20,0.5
"s1","s2",5.30349964598688,9,20,0.5
"s1","s2",3.4306904012427,9,20,0.5
"s1","s2",2.89467372716407,9,20,0.5
"s1","s2",3.80455689749385,9,20,0.5
"s1","s2",3.54882437337341,9,20,0.5
"s1","s2",2.87988676210959,9,20,0.5
"s1","s2",4.12628150537501,9,20,0.5
"s1","s2",4.46511241579159,9,20,0.5
"s1","s2",6.28464931426739,9,20,0.5
"s1","s2",3.54628271186237,9,20,0.5
"s1","s2",3.43160776632465,9,20,0.5
"s1","s2",3.44608423805465,9,20,0.5
"s1","s2",2.714439398712,9,20,0.5
"s1","s2",3.44543108115991,9,20,0.5
"s1","s2",4.30165110697017,9,20,0.5
"s1","s2",2.16983462306719,9,20,0.5
"s1","s2",2.67792005141009,9,20,0.5
"s1","s2",3.03064432124657,9,20,0.5
"s1","s2",3.95173464346531,9,20,0.5
"s1","s2",3.92127668720954,9,20,0.5
"s1","s2",4.61480972869036,9,20,0.5
"s1","s2",3.14970050736028,9,20,0.5
"s1","s2",4.75284870116491,9,20,0.5
"s1","s2",4.74554323941741,9,20,0.5
"s1","s2",3.8286908420059,9,20,0.5
"s1","s2",4.61480972869036,9,20,0.5
"s1","s2",4.53300522304289,9,20,0.5
"s1","s2",3.09759469867356,9,20,0.5
"s1","s2",4.77474453155123,9,20,0.5
"s1","s2",3.78120865147909,9,20,0.5
"s1","s2",3.06220476800062,9,20,0.5
"s1","s2",2.67162573230921,9,20,0.5
"s1","s2",2.20362216860542,9,20,0.5
"s1","s2",4.40116351668108,9,20,0.5
"s1","s2",3.1088546674681,9,20,0.5
"s1","s2",3.3251848505942,9,20,0.5
"s1","s2",4.84610521274638,9,20,0.5
"s1","s2",4.58578892600796,9,20,0.5
"s1","s2",3.44187893498071,9,20,0.5
"s1","s2",3.35915229258052,9,20,0.5
"s1","s2",4.14577610999168,9,20,0.5
"s1","s2",3.61875928982302,9,20,0.5
"s1","s2",3.02621555776437,9,20,0.5
"s1","s2",3.35152955100639,9,20,0.5
"s1","s2",3.22837349562704,9,20,0.5
"s1","s2",3.89400461682609,9,20,0.5
"s1","s2",2.22994253437186,9,20,0.5
"s1","s2",3.25641816389659,9,20,0.5
"s1","s2",3.33103149226117,9,20,0.5
"s1","s2",3.25320630157603,9,20,0.5
"s1","s2",1.76956759333452,9,20,0.5
"s1","s2",2.51698539021302,9,20,0.5
"s1","s2",3.34231914964791,9,20,0.5
"s1","s2",3.11677926200012,9,20,0.5
"s1","s2",2.45166925337124,9,20,0.5
"s1","s2",2.75311371992812,9,20,0.5
"s1","s2",3.75170866410208,9,20,0.5
"s1","s2",3.61156855010651,9,20,0.5
"s1","s2",2.36355362703082,9,20,0.5
"s1","s2",4.26911067459168,9,20,0.5
"s1","s2",3.76153393146357,9,20,0.5
"s1","s2",3.4306904012427,9,20,0.5
"s1","s2",3.18467322827125,9,20,0.5
"s1","s2",5.30349964598688,9,20,0.5
"s1","s2",2.4153520397009,9,20,0.5
"s1","s2",2.39746683519824,9,20,0.5
"s1","s2",2.44362774167732,9,20,0.5
"s1","s2",3.77280448332833,9,20,0.5
"s1","s2",5.02239277375998,9,20,0.5
"s1","s2",2.51698539021302,9,20,0.5
"s1","s2",2.6091953752831,9,20,0.5
"s1","s2",4.9089766900058,9,20,0.5
"s1","s2",4.26236079460537,9,20,0.5
"s1","s2",2.96824231113635,9,20,0.5
"s1","s2",3.00434293849524,9,20,0.5
"s1","s2",4.04175290541263,9,20,0.5
"s1","s2",2.53196316152026,9,20,0.5
"s1","s2",3.33388977518967,9,20,0.5
"s1","s2",3.53933261131344,9,20,0.5
"s1","s2",3.9410105308634,9,20,0.5
"s1","s2",5.52202045750418,9,20,0.5
"s1","s2",3.40610988064962,9,20,0.5
"s1","s2",2.95733062310051,9,20,0.5
"s1","s2",3.70467668071727,9,20,0.5
"s1","s2",4.59555351074222,9,20,0.5
"s1","s2",3.98816404215964,9,20,0.5
"s1","s2",4.21015470706626,9,20,0.5
"s1","s2",2.9694091454149,9,20,0.5
"s1","s2",5.49141853765824,9,20,0.5
"s1","s2",2.16797913007349,9,20,0.5
"s1","s2",2.9077092481295,9,20,0.5
"s1","s2",2.26994211383604,9,20,0.5
"s1","s2",2.56242748703996,9,20,0.5
"s1","s2",3.40494187183794,9,20,0.5
"s1","s2",4.1715320439414,9,20,0.5
"s1","s2",4.38135110062777,9,20,0.5
"s1","s2",4.17261474438119,9,20,0.5
"s1","s2",3.09594752169505,9,20,0.5
"s1","s2",2.22975863513323,9,20,0.5
"s1","s2",3.27672604543506,9,20,0.5
"s1","s2",3.13185632859335,9,20,0.5
"s1","s2",5.45050014644107,9,20,0.5
"s1","s2",4.59555351074222,9,20,0.5
"s1","s2",2.9694091454149,9,20,0.5
"s1","s2",2.56242748703996,9,20,0.5
"s1","s2",4.55254749418928,9,20,0.5
"s1","s2",2.45804065647516,9,20,0.5
"s1","s2",2.36532486818935,9,20,0.5
"s1","s2",2.55582449387286,9,20,0.5
"s1","s2",3.78120865147909,9,20,0.5
"s1","s2",3.22585044329022,9,20,0.5
"s1","s2",2.46063648628764,9,20,0.5
"s1","s2",4.56724296041657,9,20,0.5
"s1","s2",2.74077593866802,9,20,0.5
"s1","s2",2.88500010183899,9,20,0.5
"s1","s2",3.35367176189064,9,20,0.5
"s1","s2",2.6091953752831,9,20,0.5
"s1","s2",4.60029932734916,9,20,0.5
"s1","s2",4.58578892600796,9,20,0.5
"s1","s2",5.23511947258857,9,20,0.5
"s1","s2",3.57196552355335,9,20,0.5
"s1","s2",4.17044934350162,9,20,0.5
"s1","s2",3.14970050736028,9,20,0.5
"s1","s2",3.70457766664356,9,20,0.5
"s1","s2",4.91787873499129,9,20,0.5
"s1","s2",2.44362774167732,9,20,0.5
"s1","s2",3.13185632859335,9,20,0.5
"s1","s2",2.35130592871916,9,20,0.5
"s1","s2",1.73623536349612,9,20,0.5
"s1","s2",2.41461533178428,9,20,0.5
"s1","s2",3.27844096777569,9,20,0.5
"s1","s2",2.71637069697539,9,20,0.5
"s1","s2",2.89655800002417,9,20,0.5
"s1","s2",2.57490366704711,9,20,0.5
"s1","s2",5.01714981390044,9,20,0.5
"s1","s2",2.82747351429509,9,20,0.5
"s1","s2",5.44681437144871,9,20,0.5
"s1","s2",2.57490366704711,9,20,0.5
"s1","s2",2.35130592871916,9,20,0.5
"s1","s2",4.5547017237941,9,20,0.5
"s1","s2",2.7366905495667,9,20,0.5
"s1","s2",4.17802404455325,9,20,0.5
"s1","s2",2.80552221206973,9,20,0.5
"s1","s2",2.21881015057235,9,20,0.5
"s1","s2",4.90114462603364,9,20,0.5
"s1","s2",2.41692099090881,9,20,0.5
"s1","s2",2.97350371647975,9,20,0.5
"s1","s2",3.35339301612485,9,20,0.5
"s1","s2",3.95628589271583,9,20,0.5
"s1","s2",5.5376259927085,9,20,0.5
"s1","s2",2.9694091454149,9,20,0.5
"s1","s2",2.11795486589713,9,20,0.5
"s1","s2",2.45804065647516,9,20,0.5
"s1","s2",3.00023133117129,9,20,0.5
"s1","s2",2.24033918631786,9,20,0.5
"s1","s2",3.89464305562131,9,20,0.5
"s1","s2",3.66302351797173,9,20,0.5
"s1","s2",3.19166371221882,9,20,0.5
"s1","s2",2.33078408059894,9,20,0.5
"s1","s2",3.20966768236258,9,20,0.5
"s1","s2",2.59162955304241,9,20,0.5
"s1","s2",3.33103149226117,9,20,0.5
"s1","s2",2.69617551561466,9,20,0.5
"s1","s2",4.81504191947961,9,20,0.5
"s1","s2",6.41898522951622,9,20,0.5
"s1","s2",3.22837349562704,9,20,0.5
"s1","s2",3.47896189986803,9,20,0.5
"s1","s2",4.56724296041657,9,20,0.5
"s1","s2",4.61480972869036,9,20,0.5
"s1","s2",4.26911067459168,9,20,0.5
"s1","s2",4.76189320934808,9,20,0.5
"s1","s2",3.43740211941105,9,20,0.5
"s1","s2",2.9694091454149,9,20,0.5
"s1","s2",3.78120865147909,9,20,0.5
"s1","s2",2.87988676210959,9,20,0.5
"s1","s2",4.10005347466693,9,20,0.5
"s1","s2",2.65156405972007,9,20,0.5
"s1","s2",3.02057086722209,9,20,0.5
"s1","s2",2.52396812552406,9,20,0.5
"s1","s2",3.79288277448647,9,20,0.5
"s1","s2",4.55547395729983,9,20,0.5
"s1","s2",3.95628589271583,9,20,0.5
"s1","s2",3.80872566472707,9,20,0.5
"s1","s2",2.94525210078612,9,20,0.5
"s1","s2",3.4306904012427,9,20,0.5
"s1","s2",2.36612114656379,9,20,0.5
"s1","s2",3.15855252088214,9,20,0.5
"s1","s2",3.33103149226117,9,20,0.5
"s1","s2",4.01994912393953,9,20,0.5
"s1","s2",4.49878960608041,9,20,0.5
"s1","s2",3.19166371221882,9,20,0.5
"s1","s2",3.34259469978513,9,20,0.5
"s1","s2",5.3679903907158,9,20,0.5
"s1","s2",3.32236559046877,9,20,0.5
"s1","s2",4.11862156066952,9,20,0.5
"s1","s2",4.61480972869036,9,20,0.5
"s1","s2",4.86749128801578,9,20,0.5
"s1","s2",2.57490366704711,9,20,0.5
"s1","s2",3.20875707775452,9,20,0.5
"s1","s2",3.94447952534077,9,20,0.5
"s1","s2",2.68561232275396,9,20,0.5
"s1","s2",3.14970050736028,9,20,0.5
"s1","s2",3.77699031521694,9,20,0.5
"s1","s2",4.0919650185285,9,20,0.5
"s1","s2",6.03116016658593,9,20,0.5
"s1","s2",2.98874073039157,9,20,0.5
"s1","s2",6.35861451807082,9,20,0.5
"s1","s2",2.71785562799122,9,20,0.5
"s1","s2",3.79850179823208,9,20,0.5
"s1","s2",2.44284807098119,9,20,0.5
"s1","s2",2.51246426911973,9,20,0.5
"s1","s2",3.89766598237615,9,20,0.5
"s1","s2",2.54273763434356,9,20,0.5
"s1","s2",2.55557399363182,9,20,0.5
"s1","s2",2.35130592871916,9,20,0.5
"s1","s2",2.9694091454149,9,20,0.5
"s1","s2",2.2097394013222,9,20,0.5
"s1","s2",2.40467329259716,9,20,0.5
"s1","s2",3.57911432969225,9,20,0.5
"s1","s2",3.51565194624157,9,20,0.5
"s1","s2",4.57512761726816,9,20,0.5
"s1","s2",3.99077506725845,9,20,0.5
"s1","s2",3.9410105308634,9,20,0.5
"s1","s2",3.98923938293396,9,20,0.5
"s1","s2",4.21015470706626,9,20,0.5
"s1","s2",2.49211175717526,9,20,0.5
"s1","s2",2.30701704299223,9,20,0.5
"s1","s2",5.05243447656254,9,20,0.5
"s1","s2",1.38963484352644,9,20,0.5
"s1","s2",3.95628589271583,9,20,0.5
"s1","s2",3.57018047202981,9,20,0.5
"s1","s2",3.9926960625184,9,20,0.5
"s1","s2",2.35130592871916,9,20,0.5
"s1","s2",3.4762642106956,9,20,0.5
"s1","s2",3.35152955100639,9,20,0.5
"s1","s2",2.34033462939719,9,20,0.5
"s1","s2",3.09759469867356,9,20,0.5
"s1","s2",2.12992984481217,9,20,0.5
"s1","s2",2.08052791901639,9,20,0.5
"s1","s2",3.78120865147909,9,20,0.5
"s1","s2",2.86126143267151,9,20,0.5
"s1","s2",2.44362774167732,9,20,0.5
"s1","s2",2.78375520220927,9,20,0.5
"s1","s2",3.03125173418167,9,20,0.5
"s1","s2",2.86126143267151,9,20,0.5
"s1","s2",3.44608423805465,9,20,0.5
"s1","s2",3.4306904012427,9,20,0.5
"s1","s2",5.38883961693131,9,20,0.5
"s1","s2",3.80455689749385,9,20,0.5
"s1","s2",4.55461144749494,9,20,0.5
"s1","s2",4.00792196566036,9,20,0.5
"s1","s2",3.02675175675737,9,20,0.5
"s1","s2",5.32746477520413,9,20,0.5
"s1","s2",4.18097404440902,9,20,0.5
"s1","s2",2.74261385067468,9,20,0.5
"s1","s2",4.55254749418928,9,20,0.5
"s1","s2",3.84357021763262,9,20,0.5
"s1","s2",3.42440202712485,9,20,0.5
"s1","s2",3.20966768236258,9,20,0.5
"s1","s2",2.25938478482859,9,20,0.5
"s1","s2",3.80455689749385,9,20,0.5
"s1","s2",2.47294849069188,9,20,0.5
"s1","s2",2.02292306769742,9,20,0.5
"s1","s2",2.76572541091483,9,20,0.5
"s1","s2",3.98816404215964,9,20,0.5
"s1","s2",4.07227677189992,9,20,0.5
"s1","s2",2.49894644707895,9,20,0.5
"s1","s2",2.35130592871916,9,20,0.5
"s1","s2",4.3840841275617,9,20,0.5
"s1","s2",3.53933261131344,9,20,0.5
"s1","s2",2.35455111820565,9,20,0.5
"s1","s2",2.86067801553224,9,20,0.5
"s1","s2",3.4306904012427,9,20,0.5
"s1","s2",3.23502803087333,9,20,0.5
"s1","s2",2.38560292189125,9,20,0.5
"s1","s2",2.58250993457798,9,20,0.5
"s1","s2",3.11401214982642,9,20,0.5
"s1","s2",6.12009303788099,9,20,0.5
"s1","s2",2.51246426911973,9,20,0.5
"s1","s2",4.21015470706626,9,20,0.5
"s1","s2",4.59067121837509,9,20,0.5
"s1","s2",3.09759469867356,9,20,0.5
"s1","s2",2.74651768997265,9,20,0.5
"s1","s2",2.63283352075036,9,20,0.5
"s1","s2",3.31924531637268,9,20,0.5
"s1","s2",1.93567574517645,9,20,0.5
"s1","s2",3.02719284782561,9,20,0.5
"s1","s2",2.45971076506516,9,20,0.5
"s1","s2",5.5376259927085,9,20,0.5
"s1","s2",4.19149874531643,9,20,0.5
"s1","s2",3.87278371417862,9,20,0.5
"s1","s2",3.60459843579326,9,20,0.5
"s1","s2",3.08895499674946,9,20,0.5
"s1","s2",2.84918291035712,9,20,0.5
"s1","s2",4.84627700213799,9,20,0.5
"s1","s2",2.55582449387286,9,20,0.5
"s1","s2",3.03125173418167,9,20,0.5
"s1","s2",3.48435970748014,9,20,0.5
"s1","s2",3.78120865147909,9,20,0.5
"s1","s2",2.65156405972007,9,20,0.5
"s1","s2",2.51246426911973,9,20,0.5
"s1","s2",3.10920773448809,9,20,0.5
"s1","s2",3.20966768236258,9,20,0.5
"s1","s2",3.17968409486143,9,20,0.5
"s1","s2",2.50848603366608,9,20,0.5
"s1","s2",2.88384000466221,9,20,0.5
"s1","s2",4.04450006913291,9,20,0.5
"s1","s2",2.74239620661626,9,20,0.5
"s1","s2",4.57024532490103,9,20,0.5
"s1","s2",5.32338622450627,9,20,0.5
"s1","s2",2.11614984389732,9,20,0.5
"s1","s2",2.94525210078612,9,20,0.5
"s1","s2",2.11795486589713,9,20,0.5
"s1","s2",3.27672604543506,9,20,0.5
"s1","s2",3.73085454254942,9,20,0.5
"s1","s2",3.62532056777425,9,20,0.5
"s1","s2",3.60459843579326,9,20,0.5
"s1","s2",3.53215213475586,9,20,0.5
"s1","s2",2.91886049623483,9,20,0.5
"s1","s2",2.91886049623483,9,20,0.5
"s1","s2",3.68663640372578,9,20,0.5
"s1","s2",2.45804065647516,9,20,0.5
"s1","s2",3.4306904012427,9,20,0.5
"s1","s2",3.21959850021031,9,20,0.5
"s1","s2",3.4306904012427,9,20,0.5
"s1","s2",3.47317117374214,9,20,0.5
"s1","s2",3.44608423805465,9,20,0.5
"s1","s2",3.27672604543506,9,20,0.5
"s1","s2",2.62369529440852,9,20,0.5
"s1","s2",2.65156405972007,9,20,0.5
"s1","s2",3.32236559046877,9,20,0.5
"s1","s2",2.9728061264961,9,20,0.5
"s1","s2",3.8629167923517,9,20,0.5
"s1","s2",3.73085454254942,9,20,0.5
"s1","s2",4.08214318508864,9,20,0.5
"s1","s2",2.76299685246148,9,20,0.5
"s1","s2",4.49878960608041,9,20,0.5
"s1","s2",3.48975738730805,9,20,0.5
"s1","s2",2.66931320015461,9,20,0.5
"s1","s2",3.1088546674681,9,20,0.5
"s1","s2",3.34259469978513,9,20,0.5
"s1","s2",2.78375520220927,9,20,0.5
"s1","s2",3.3251848505942,9,20,0.5
"s1","s2",4.54752838311171,9,20,0.5
"s1","s2",4.29112840127099,9,20,0.5
"s1","s2",5.37839731165628,9,20,0.5
"s1","s2",3.45482615055537,9,20,0.5
"s1","s2",3.82228310701757,9,20,0.5
"s1","s2",4.21015470706626,9,20,0.5
"s1","s2",3.47896189986803,9,20,0.5
"s1","s2",3.05712174049885,9,20,0.5
"s1","s2",3.11129996533405,9,20,0.5
"s1","s2",4.91707709057093,9,20,0.5
"s1","s2",3.92127668720954,9,20,0.5
"s1","s2",4.29083618460115,9,20,0.5
"s1","s2",2.96719011293865,9,20,0.5
"s1","s2",3.2172562212382,9,20,0.5
"s1","s2",4.43521944252061,9,20,0.5
"s1","s2",4.74738280800688,9,20,0.5
"s1","s2",3.02675175675737,9,20,0.5
"s1","s2",3.65665879524315,9,20,0.5
"s1","s2",3.4306904012427,9,20,0.5
"s1","s2",2.51472482966637,9,20,0.5
"s1","s2",5.76349262286499,9,20,0.5
"s1","s2",2.16797913007349,9,20,0.5
"s1","s2",2.65156405972007,9,20,0.5
"s1","s2",3.14970050736028,9,20,0.5
"s1","s2",2.2184734439022,9,20,0.5
"s1","s2",3.64944029625048,9,20,0.5
"s1","s2",2.9694091454149,9,20,0.5
"s1","s2",2.62261273855169,9,20,0.5
"s1","s2",2.16797913007349,9,20,0.5
"s1","s2",2.93205629851048,9,20,0.5
"s1","s2",3.79711683495212,9,20,0.5
"s1","s2",3.35367176189064,9,20,0.5
"s1","s2",3.13900639440768,9,20,0.5
"s1","s2",2.9193382107587,9,20,0.5
"s1","s2",4.17261474438119,9,20,0.5
"s1","s2",4.6709937459839,9,20,0.5
"s1","s2",3.14970050736028,9,20,0.5
"s1","s2",3.53223815980749,9,20,0.5
"s1","s2",2.51246426911973,9,20,0.5
"s1","s2",3.68663640372578,9,20,0.5
"s1","s2",3.31590481021941,9,20,0.5
"s1","s2",3.94625008681862,9,20,0.5
"s1","s2",2.62743461221196,9,20,0.5
"s1","s2",3.65665879524315,9,20,0.5
"s1","s2",2.49211175717526,9,20,0.5
"s1","s2",3.19166371221882,9,20,0.5
"s1","s2",1.9405174970549,9,20,0.5
"s1","s2",3.19166371221882,9,20,0.5
"s1","s2",3.11304088723075,9,20,0.5
"s1","s2",2.45804065647516,9,20,0.5
"s1","s2",2.44284807098119,9,20,0.5
"s1","s2",4.58578892600796,9,20,0.5
"s1","s2",2.49211175717526,9,20,0.5
"s1","s2",2.77287998499485,9,20,0.5
"s1","s2",3.87615449936101,9,20,0.5
"s1","s2",2.11791175345162,9,20,0.5
"s1","s2",4.17044934350162,9,20,0.5
"s1","s2",5.00917660403777,9,20,0.5
"s1","s2",4.48022152007782,9,20,0.5
"s1","s2",2.85113970744316,9,20,0.5
"s1","s2",3.19166371221882,9,20,0.5
"s1","s2",3.86468411131215,9,20,0.5
"s1","s2",4.30165110697017,9,20,0.5
"s1","s2",2.9694091454149,9,20,0.5
"s1","s2",4.17261474438119,9,20,0.5
"s1","s2",4.5547017237941,9,20,0.5
"s1","s2",1.95847477836219,9,20,0.5
"s1","s2",3.13918459485974,9,20,0.5
"s1","s2",5.12017284734121,9,20,0.5
"s1","s2",3.34128052163378,9,20,0.5
"s1","s2",4.90932026878902,9,20,0.5
"s1","s2",3.84140530933655,9,20,0.5
"s1","s2",2.56242748703996,9,20,0.5
"s1","s2",4.97643520555391,9,20,0.5
"s1","s2",2.4097145335099,9,20,0.5
"s1","s2",6.85410276805749,9,20,0.5
"s1","s2",2.56242748703996,9,20,0.5
"s1","s2",5.35142990442137,9,20,0.5
"s1","s2",1.76956759333452,9,20,0.5
"s1","s2",3.85124266934432,9,20,0.5
"s1","s2",4.15832173427869,9,20,0.5
"s1","s2",2.22324586419483,9,20,0.5
"s1","s2",3.97199479566264,9,20,0.5
"s1","s2",2.44362774167732,9,20,0.5
"s1","s2",2.35130592871916,9,20,0.5
"s1","s2",2.3869095061908,9,20,0.5
"s1","s2",5.06090581493786,9,20,0.5
"s1","s2",2.62369529440852,9,20,0.5
"s1","s2",3.92452848331338,9,20,0.5
"s1","s2",3.63640311910796,9,20,0.5
"s1","s2",4.90932026878902,9,20,0.5
"s1","s2",2.57490366704711,9,20,0.5
"s1","s2",3.80455689749385,9,20,0.5
"s1","s2",4.9089766900058,9,20,0.5
"s1","s2",3.03125173418167,9,20,0.5
"s1","s2",2.70593502640684,9,20,0.5
"s1","s2",2.44206840028505,9,20,0.5
"s1","s2",2.56045427462404,9,20,0.5
"s1","s2",3.7918218058282,9,20,0.5
"s1","s2",3.48501150627807,9,20,0.5
"s1","s2",4.73095287077859,9,20,0.5
"s1","s2",2.77277272414285,9,20,0.5
"s1","s2",2.32523221044584,9,20,0.5
"s1","s2",4.26911067459168,9,20,0.5
"s1","s2",4.60518161971629,9,20,0.5
"s1","s2",3.03125173418167,9,20,0.5
"s1","s2",4.45282295664575,9,20,0.5
"s1","s2",3.45306746871871,9,20,0.5
"s1","s2",2.91886049623483,9,20,0.5
"s1","s2",2.89467372716407,9,20,0.5
"s1","s2",4.61480972869036,9,20,0.5
"s1","s2",2.45083419907624,9,20,0.5
"s1","s2",3.4306904012427,9,20,0.5
"s1","s2",2.45804065647516,9,20,0.5
"s1","s2",3.98345233615834,9,20,0.5
"s1","s2",2.53414438149629,9,20,0.5
"s1","s2",3.5990013663223,9,20,0.5
"s1","s2",3.51565194624157,9,20,0.5
"s1","s2",2.54368396808342,9,20,0.5
"s1","s2",3.94103461071027,9,20,0.5
"s1","s2",3.92127668720954,9,20,0.5
"s1","s2",3.35152955100639,9,20,0.5
"s1","s2",3.93114360903647,9,20,0.5
"s1","s2",2.72524911051846,9,20,0.5
"s1","s2",2.77287998499485,9,20,0.5
"s1","s2",4.65837089839328,9,20,0.5
"s1","s2",4.59555351074222,9,20,0.5
"s1","s2",3.45322942439836,9,20,0.5
"s1","s2",2.62369529440852,9,20,0.5
"s1","s2",2.33019127070427,9,20,0.5
"s1","s2",2.53366151804292,9,20,0.5
"s1","s2",3.05613300625432,9,20,0.5
"s1","s2",3.09759469867356,9,20,0.5
"s1","s2",3.05897140924831,9,20,0.5
"s1","s2",2.3869095061908,9,20,0.5
"s1","s2",2.61629537503,9,20,0.5
"s1","s2",2.46063648628764,9,20,0.5
"s1","s2",2.76533489908816,9,20,0.5
"s1","s2",4.29638975412058,9,20,0.5
"s1","s2",3.22585044329022,9,20,0.5
"s1","s2",2.90206585958826,9,20,0.5
"s1","s2",5.50801821114059,9,20,0.5
"s1","s2",5.73829873372274,9,20,0.5
"s1","s2",1.97285942582515,9,20,0.5
"s1","s2",2.91886049623483,9,20,0.5
"s1","s2",2.53744587807985,9,20,0.5
"s1","s2",4.05505139710973,9,20,0.5
"s1","s2",3.53933261131344,9,20,0.5
"s1","s3",3.82366542623751,9,20,0.5
"s1","s3",3.03924351845144,9,20,0.5
"s1","s3",3.81135066852964,9,20,0.5
"s1","s3",4.2473020876017,9,20,0.5
"s1","s3",3.13374750832762,9,20,0.5
"s1","s3",2.96336490461498,9,20,0.5
"s1","s3",3.80584057259978,9,20,0.5
"s1","s3",2.91314950333483,9,20,0.5
"s1","s3",3.39117246704771,9,20,0.5
"s1","s3",3.00199983182202,9,20,0.5
"s1","s3",3.69090818506064,9,20,0.5
"s1","s3",2.55453777127717,9,20,0.5
"s1","s3",2.6946849845481,9,20,0.5
"s1","s3",4.32352438475691,9,20,0.5
"s1","s3",3.20285400042776,9,20,0.5
"s1","s3",3.38783015474923,9,20,0.5
"s1","s3",3.63971955372614,9,20,0.5
"s1","s3",3.65206908772487,9,20,0.5
"s1","s3",3.66653355294133,9,20,0.5
"s1","s3",3.66653355294133,9,20,0.5
"s1","s3",4.02614094124345,9,20,0.5
"s1","s3",3.91838990403941,9,20,0.5
"s1","s3",3.61903923626666,9,20,0.5
"s1","s3",3.60749632855668,9,20,0.5
"s1","s3",4.53374016103382,9,20,0.5
"s1","s3",4.47523837560667,9,20,0.5
"s1","s3",3.74231767782416,9,20,0.5
"s1","s3",4.42244667531671,9,20,0.5
"s1","s3",4.14366941443109,9,20,0.5
"s1","s3",3.84645457036994,9,20,0.5
"s1","s3",3.82366542623751,9,20,0.5
"s1","s3",3.56182049762559,9,20,0.5
"s1","s3",4.78977492787024,9,20,0.5
"s1","s3",3.82313471032191,9,20,0.5
"s1","s3",3.80522611979554,9,20,0.5
"s1","s3",3.24447685018738,9,20,0.5
"s1","s3",3.80383980172082,9,20,0.5
"s1","s3",3.62881257666134,9,20,0.5
"s1","s3",3.2271273611128,9,20,0.5
"s1","s3",2.89361251116378,9,20,0.5
"s1","s3",4.20815391580384,9,20,0.5
"s1","s3",3.46693707689707,9,20,0.5
"s1","s3",4.11390303090304,9,20,0.5
"s1","s3",3.67024342077328,9,20,0.5
"s1","s3",3.25036293734907,9,20,0.5
"s1","s3",3.60065959496136,9,20,0.5
"s1","s3",3.00599846049895,9,20,0.5
"s1","s3",3.38718495931085,9,20,0.5
"s1","s3",3.03600097998878,9,20,0.5
"s1","s3",2.87425325999789,9,20,0.5
"s1","s3",2.85609362960923,9,20,0.5
"s1","s3",4.14366941443109,9,20,0.5
"s1","s3",3.36424419366552,9,20,0.5
"s1","s3",2.81693618375623,9,20,0.5
"s1","s3",3.76565153322802,9,20,0.5
"s1","s3",6.17682468934108,9,20,0.5
"s1","s3",2.75430300763557,9,20,0.5
"s1","s3",3.30250358106237,9,20,0.5
"s1","s3",4.17953300376113,9,20,0.5
"s1","s3",4.54754354237236,9,20,0.5
"s1","s3",4.30362512395843,9,20,0.5
"s1","s3",3.756367792911,9,20,0.5
"s1","s3",4.72410760737252,9,20,0.5
"s1","s3",3.15997743685443,9,20,0.5
"s1","s3",3.76258682477089,9,20,0.5
"s1","s3",4.0568824860263,9,20,0.5
"s1","s3",3.87218775981636,9,20,0.5
"s1","s3",3.44399200041576,9,20,0.5
"s1","s3",4.03869881515311,9,20,0.5
"s1","s3",3.25284088549226,9,20,0.5
"s1","s3",3.55016639560833,9,20,0.5
"s1","s3",3.24447685018738,9,20,0.5
"s1","s3",3.55087532719661,9,20,0.5
"s1","s3",4.02614094124345,9,20,0.5
"s1","s3",3.796328934912,9,20,0.5
"s1","s3",4.13089969812063,9,20,0.5
"s1","s3",3.12240587431498,9,20,0.5
"s1","s3",5.90901823891669,9,20,0.5
"s1","s3",3.38597833498528,9,20,0.5
"s1","s3",4.57993546738671,9,20,0.5
"s1","s3",4.31400247012485,9,20,0.5
"s1","s3",3.78276755491133,9,20,0.5
"s1","s3",3.88459856434147,9,20,0.5
"s1","s3",3.54472068182754,9,20,0.5
"s1","s3",3.83754214355108,9,20,0.5
"s1","s3",4.31400247012485,9,20,0.5
"s1","s3",4.40180048138218,9,20,0.5
"s1","s3",4.13089969812063,9,20,0.5
"s1","s3",3.84716784958239,9,20,0.5
"s1","s3",2.48035407810349,9,20,0.5
"s1","s3",3.15997743685443,9,20,0.5
"s1","s3",3.61841760925499,9,20,0.5
"s1","s3",3.5988585061262,9,20,0.5
"s1","s3",3.8827788768109,9,20,0.5
"s1","s3",3.44399200041576,9,20,0.5
"s1","s3",3.2591861549163,9,20,0.5
"s1","s3",3.85864009660044,9,20,0.5
"s1","s3",3.29656508157212,9,20,0.5
"s1","s3",4.80654918793858,9,20,0.5
"s1","s3",3.756367792911,9,20,0.5
"s1","s3",5.45741701972616,9,20,0.5
"s1","s3",3.02043725178762,9,20,0.5
"s1","s3",4.62030337537472,9,20,0.5
"s1","s3",3.87218775981636,9,20,0.5
"s1","s3",3.62881257666134,9,20,0.5
"s1","s3",5.03982367823466,9,20,0.5
"s1","s3",3.84029719151601,9,20,0.5
"s1","s3",4.25581783632765,9,20,0.5
"s1","s3",4.72355428597162,9,20,0.5
"s1","s3",4.30362512395843,9,20,0.5
"s1","s3",4.27546360578006,9,20,0.5
"s1","s3",2.93573183687424,9,20,0.5
"s1","s3",5.80447918232148,9,20,0.5
"s1","s3",5.18877316724594,9,20,0.5
"s1","s3",3.11287421792581,9,20,0.5
"s1","s3",4.15194687584744,9,20,0.5
"s1","s3",3.55526277667854,9,20,0.5
"s1","s3",5.43004989619052,9,20,0.5
"s1","s3",2.96336490461498,9,20,0.5
"s1","s3",3.53118345931108,9,20,0.5
"s1","s3",3.09243558447183,9,20,0.5
"s1","s3",4.20815391580384,9,20,0.5
"s1","s3",3.33078122053778,9,20,0.5
"s1","s3",3.24447685018738,9,20,0.5
"s1","s3",5.26777977873058,9,20,0.5
"s1","s3",3.56182049762559,9,20,0.5
"s1","s3",4.33380482596796,9,20,0.5
"s1","s3",3.36997715311506,9,20,0.5
"s1","s3",3.70689501322223,9,20,0.5
"s1","s3",3.62881257666134,9,20,0.5
"s1","s3",3.00193218405558,9,20,0.5
"s1","s3",4.72099422253112,9,20,0.5
"s1","s3",3.2215887264178,9,20,0.5
"s1","s3",2.73623186122567,9,20,0.5
"s1","s3",3.85864009660044,9,20,0.5
"s1","s3",3.09243558447183,9,20,0.5
"s1","s3",3.25036293734907,9,20,0.5
"s1","s3",4.78624173646243,9,20,0.5
"s1","s3",3.1684562173296,9,20,0.5
"s1","s3",3.14621770726394,9,20,0.5
"s1","s3",3.62881257666134,9,20,0.5
"s1","s3",3.14138894507177,9,20,0.5
"s1","s3",3.97009555762151,9,20,0.5
"s1","s3",5.4167238941221,9,20,0.5
"s1","s3",5.4546537746026,9,20,0.5
"s1","s3",3.78361532831335,9,20,0.5
"s1","s3",4.48556328907524,9,20,0.5
"s1","s3",4.04723496859205,9,20,0.5
"s1","s3",3.70689501322223,9,20,0.5
"s1","s3",3.53198199674634,9,20,0.5
"s1","s3",4.63999629278164,9,20,0.5
"s1","s3",3.77407912521197,9,20,0.5
"s1","s3",3.84716784958239,9,20,0.5
"s1","s3",4.84500597305625,9,20,0.5
"s1","s3",3.55526277667854,9,20,0.5
"s1","s3",3.87218775981636,9,20,0.5
"s1","s3",2.72806926820816,9,20,0.5
"s1","s3",3.49714947681957,9,20,0.5
"s1","s3",3.80725271882026,9,20,0.5
"s1","s3",3.81135066852964,9,20,0.5
"s1","s3",3.67288324553533,9,20,0.5
"s1","s3",3.00193218405558,9,20,0.5
"s1","s3",3.69201235678459,9,20,0.5
"s1","s3",3.56182049762559,9,20,0.5
"s1","s3",3.09243558447183,9,20,0.5
"s1","s3",3.56847869541504,9,20,0.5
"s1","s3",4.45672590211249,9,20,0.5
"s1","s3",5.38933740566577,9,20,0.5
"s1","s3",3.65593520365298,9,20,0.5
"s1","s3",3.9930453953597,9,20,0.5
"s1","s3",4.72355428597162,9,20,0.5
"s1","s3",4.90377020965007,9,20,0.5
"s1","s3",2.77777873790323,9,20,0.5
"s1","s3",4.49023938255053,9,20,0.5
"s1","s3",3.6378144447323,9,20,0.5
"s1","s3",3.09243558447183,9,20,0.5
"s1","s3",3.1420720725502,9,20,0.5
"s1","s3",3.52040289254969,9,20,0.5
"s1","s3",2.72521353817454,9,20,0.5
"s1","s3",4.52487158444991,9,20,0.5
"s1","s3",3.19870060264822,9,20,0.5
"s1","s3",2.82440163362705,9,20,0.5
"s1","s3",5.26813044676453,9,20,0.5
"s1","s3",3.07046505357224,9,20,0.5
"s1","s3",3.86924371450237,9,20,0.5
"s1","s3",2.95397166574912,9,20,0.5
"s1","s3",3.33628613496166,9,20,0.5
"s1","s3",3.53198199674634,9,20,0.5
"s1","s3",3.78361532831335,9,20,0.5
"s1","s3",3.6790747162688,9,20,0.5
"s1","s3",3.80364037727543,9,20,0.5
"s1","s3",4.44777566524152,9,20,0.5
"s1","s3",3.70191263173434,9,20,0.5
"s1","s3",3.54380561252909,9,20,0.5
"s1","s3",4.38777535211488,9,20,0.5
"s1","s3",4.14366941443109,9,20,0.5
"s1","s3",4.42244667531671,9,20,0.5
"s1","s3",3.53640228853855,9,20,0.5
"s1","s3",2.6802314887176,9,20,0.5
"s1","s3",3.13889611950521,9,20,0.5
"s1","s3",3.35507191623138,9,20,0.5
"s1","s3",3.70689501322223,9,20,0.5
"s1","s3",3.81135066852964,9,20,0.5
"s1","s3",4.42557351828129,9,20,0.5
"s1","s3",3.97009555762151,9,20,0.5
"s1","s3",4.80599735793536,9,20,0.5
"s1","s3",3.70689501322223,9,20,0.5
"s1","s3",3.62223704319043,9,20,0.5
"s1","s3",3.9535915942247,9,20,0.5
"s1","s3",3.68671428308178,9,20,0.5
"s1","s3",2.82386011771258,9,20,0.5
"s1","s3",4.62030337537472,9,20,0.5
"s1","s3",4.84225519275016,9,20,0.5
"s1","s3",2.64178640841101,9,20,0.5
"s1","s3",3.55599344661696,9,20,0.5
"s1","s3",3.66653355294133,9,20,0.5
"s1","s3",3.637014940749,9,20,0.5
"s1","s3",5.67642048722932,9,20,0.5
"s1","s3",4.36864596218784,9,20,0.5
"s1","s3",3.4622519620961,9,20,0.5
"s1","s3",3.4584482451452,9,20,0.5
"s1","s3",3.54185577707095,9,20,0.5
"s1","s3",3.93062383618542,9,20,0.5
"s1","s3",5.14532672767174,9,20,0.5
"s1","s3",3.54380561252909,9,20,0.5
"s1","s3",3.2271273611128,9,20,0.5
"s1","s3",3.2271273611128,9,20,0.5
"s1","s3",3.82650421109108,9,20,0.5
"s1","s3",2.97815904769301,9,20,0.5
"s1","s3",6.07848600280773,9,20,0.5
"s1","s3",3.20222714352091,9,20,0.5
"s1","s3",3.67319685275968,9,20,0.5
"s1","s3",3.60497539408374,9,20,0.5
"s1","s3",3.57818414096939,9,20,0.5
"s1","s3",3.70689501322223,9,20,0.5
"s1","s3",3.634219042773,9,20,0.5
"s1","s3",3.24741989376823,9,20,0.5
"s1","s3",5.15386219373086,9,20,0.5
"s1","s3",3.58574034452173,9,20,0.5
"s1","s3",2.77777873790323,9,20,0.5
"s1","s3",4.53603632826601,9,20,0.5
"s1","s3",4.40180048138218,9,20,0.5
"s1","s3",3.56182049762559,9,20,0.5
"s1","s3",3.20252186569975,9,20,0.5
"s1","s3",3.53118345931108,9,20,0.5
"s1","s3",4.36978799420307,9,20,0.5
"s1","s3",3.89395501039681,9,20,0.5
"s1","s3",4.45672590211249,9,20,0.5
"s1","s3",3.89021829192219,9,20,0.5
"s1","s3",4.30362512395843,9,20,0.5
"s1","s3",4.77165890989283,9,20,0.5
"s1","s3",3.24447685018738,9,20,0.5
"s1","s3",2.94457842688326,9,20,0.5
"s1","s3",3.56182049762559,9,20,0.5
"s1","s3",3.72546249385627,9,20,0.5
"s1","s3",3.55016639560833,9,20,0.5
"s1","s3",3.32776540069781,9,20,0.5
"s1","s3",5.37502073322362,9,20,0.5
"s1","s3",2.97426460704053,9,20,0.5
"s1","s3",4.02614094124345,9,20,0.5
"s1","s3",3.68671428308178,9,20,0.5
"s1","s3",3.54185577707095,9,20,0.5
"s1","s3",3.70689501322223,9,20,0.5
"s1","s3",3.81135066852964,9,20,0.5
"s1","s3",3.66653355294133,9,20,0.5
"s1","s3",4.08113261027944,9,20,0.5
"s1","s3",3.75453231603819,9,20,0.5
"s1","s3",3.54690124718597,9,20,0.5
"s1","s3",3.12872145664839,9,20,0.5
"s1","s3",4.13089969812063,9,20,0.5
"s1","s3",2.55453777127717,9,20,0.5
"s1","s3",3.62881257666134,9,20,0.5
"s1","s3",3.19870060264822,9,20,0.5
"s1","s3",3.97655935226397,9,20,0.5
"s1","s3",3.86924371450237,9,20,0.5
"s1","s3",3.75161197406711,9,20,0.5
"s1","s3",3.19870060264822,9,20,0.5
"s1","s3",3.14750723791812,9,20,0.5
"s1","s3",3.50290624902068,9,20,0.5
"s1","s3",4.62030337537472,9,20,0.5
"s1","s3",3.12620651066313,9,20,0.5
"s1","s3",3.52574416448622,9,20,0.5
"s1","s3",2.82440163362705,9,20,0.5
"s1","s3",4.53184919410857,9,20,0.5
"s1","s3",5.13212128248797,9,20,0.5
"s1","s3",4.28732131922246,9,20,0.5
"s1","s3",3.12240587431498,9,20,0.5
"s1","s3",3.83564466543889,9,20,0.5
"s1","s3",4.60327875580318,9,20,0.5
"s1","s3",3.81203079240599,9,20,0.5
"s1","s3",3.79910157106143,9,20,0.5
"s1","s3",4.84572033048983,9,20,0.5
"s1","s3",2.53409276114981,9,20,0.5
"s1","s3",3.73618706277056,9,20,0.5
"s1","s3",2.72806926820816,9,20,0.5
"s1","s3",3.79771525298672,9,20,0.5
"s1","s3",3.55016639560833,9,20,0.5
"s1","s3",3.76565153322802,9,20,0.5
"s1","s3",3.83224033460011,9,20,0.5
"s1","s3",3.25036293734907,9,20,0.5
"s1","s3",3.70689501322223,9,20,0.5
"s1","s3",5.0917063589184,9,20,0.5
"s1","s3",4.1429522699494,9,20,0.5
"s1","s3",3.15997743685443,9,20,0.5
"s1","s3",2.82386011771258,9,20,0.5
"s1","s3",3.82366542623751,9,20,0.5
"s1","s3",4.97384791057581,9,20,0.5
"s1","s3",3.01408371067304,9,20,0.5
"s1","s3",3.95752446451303,9,20,0.5
"s1","s3",4.01135199774976,9,20,0.5
"s1","s3",2.82705003043874,9,20,0.5
"s1","s3",3.86924371450237,9,20,0.5
"s1","s3",4.96633703854705,9,20,0.5
"s1","s3",4.35627186922007,9,20,0.5
"s1","s3",3.72553511112789,9,20,0.5
"s1","s3",3.24447685018738,9,20,0.5
"s1","s3",3.93062383618542,9,20,0.5
"s1","s3",2.72806926820816,9,20,0.5
"s1","s3",2.3117681438886,9,20,0.5
"s1","s3",4.25581783632765,9,20,0.5
"s1","s3",3.55281305507734,9,20,0.5
"s1","s3",3.83269443089729,9,20,0.5
"s1","s3",4.31333673082997,9,20,0.5
"s1","s3",2.8177298115545,9,20,0.5
"s1","s3",3.32776540069781,9,20,0.5
"s1","s3",4.99775585070932,9,20,0.5
"s1","s3",3.91838990403941,9,20,0.5
"s1","s3",3.19870060264822,9,20,0.5
"s1","s3",3.44399200041576,9,20,0.5
"s1","s3",4.72227425425137,9,20,0.5
"s1","s3",4.73466115038539,9,20,0.5
"s1","s3",2.68649470394876,9,20,0.5
"s1","s3",5.68419438871422,9,20,0.5
"s1","s3",3.13374750832762,9,20,0.5
"s1","s3",4.84572033048983,9,20,0.5
"s1","s3",3.55016639560833,9,20,0.5
"s1","s3",3.55016639560833,9,20,0.5
"s1","s3",3.25036293734907,9,20,0.5
"s1","s3",3.63949869229712,9,20,0.5
"s1","s3",3.28449638691528,9,20,0.5
"s1","s3",3.61912489775994,9,20,0.5
"s1","s3",4.59931259140294,9,20,0.5
"s1","s3",4.20815391580384,9,20,0.5
"s1","s3",3.11759539225023,9,20,0.5
"s1","s3",3.09243558447183,9,20,0.5
"s1","s3",3.11404527639549,9,20,0.5
"s1","s3",3.73894211073548,9,20,0.5
"s1","s3",3.86924371450237,9,20,0.5
"s1","s3",3.38844237180881,9,20,0.5
"s1","s3",4.62642170831985,9,20,0.5
"s1","s3",4.4323318184811,9,20,0.5
"s1","s3",4.77165890989283,9,20,0.5
"s1","s3",3.77407912521197,9,20,0.5
"s1","s3",2.85883395612528,9,20,0.5
"s1","s3",3.24447685018738,9,20,0.5
"s1","s3",3.17716510783532,9,20,0.5
"s1","s3",3.53198199674634,9,20,0.5
"s1","s3",4.63440850429843,9,20,0.5
"s1","s3",3.18895734425168,9,20,0.5
"s1","s3",2.80802821212152,9,20,0.5
"s1","s3",3.15246681935145,9,20,0.5
"s1","s3",3.95987180175141,9,20,0.5
"s1","s3",3.45312198125593,9,20,0.5
"s1","s3",3.64557992499908,9,20,0.5
"s1","s3",3.19293289762957,9,20,0.5
"s1","s3",3.80337041712971,9,20,0.5
"s1","s3",4.57993546738671,9,20,0.5
"s1","s3",3.14138894507177,9,20,0.5
"s1","s3",3.24447685018738,9,20,0.5
"s1","s3",4.31882480211726,9,20,0.5
"s1","s3",4.03819837777619,9,20,0.5
"s1","s3",3.63949869229712,9,20,0.5
"s1","s3",3.94299354612763,9,20,0.5
"s1","s3",3.88851120503969,9,20,0.5
"s1","s3",2.8177298115545,9,20,0.5
"s1","s3",4.78977492787024,9,20,0.5
"s1","s3",3.53118345931108,9,20,0.5
"s1","s3",4.20815391580384,9,20,0.5
"s1","s3",3.13735089822578,9,20,0.5
"s1","s3",4.80654918793858,9,20,0.5
"s1","s3",3.76528021972987,9,20,0.5
"s1","s3",4.40180048138218,9,20,0.5
"s1","s3",5.03664403442875,9,20,0.5
"s1","s3",5.63799224449117,9,20,0.5
"s1","s3",2.98722602694825,9,20,0.5
"s1","s3",4.45672590211249,9,20,0.5
"s1","s3",3.05417825231393,9,20,0.5
"s1","s3",4.95451699074413,9,20,0.5
"s1","s3",3.48250013165539,9,20,0.5
"s1","s3",3.18895734425168,9,20,0.5
"s1","s3",2.96336490461498,9,20,0.5
"s1","s3",3.18889485078358,9,20,0.5
"s1","s3",3.44399200041576,9,20,0.5
"s1","s3",3.53118345931108,9,20,0.5
"s1","s3",3.02043725178762,9,20,0.5
"s1","s3",3.13889611950521,9,20,0.5
"s1","s3",4.0814933511858,9,20,0.5
"s1","s3",4.28399392240241,9,20,0.5
"s1","s3",4.89738266519068,9,20,0.5
"s1","s3",5.20884022546719,9,20,0.5
"s1","s3",4.5167858247663,9,20,0.5
"s1","s3",3.68640067585744,9,20,0.5
"s1","s3",3.53789380463772,9,20,0.5
"s1","s3",2.97842980565024,9,20,0.5
"s1","s3",3.28449638691528,9,20,0.5
"s1","s3",5.12453638142754,9,20,0.5
"s1","s3",4.14783531756611,9,20,0.5
"s1","s3",4.72099422253112,9,20,0.5
"s1","s3",4.48556328907524,9,20,0.5
"s1","s3",4.31580898227729,9,20,0.5
"s1","s3",4.41787665185718,9,20,0.5
"s1","s3",3.99310024678307,9,20,0.5
"s1","s3",4.71571571068647,9,20,0.5
"s1","s3",3.28951451969878,9,20,0.5
"s1","s3",4.9337132815814,9,20,0.5
"s1","s3",3.18895734425168,9,20,0.5
"s1","s3",3.60077002567586,9,20,0.5
"s1","s3",4.13089969812063,9,20,0.5
"s1","s3",3.85864009660044,9,20,0.5
"s1","s3",2.8051983186224,9,20,0.5
"s1","s3",4.57355380204506,9,20,0.5
"s1","s3",3.14138894507177,9,20,0.5
"s1","s3",3.9048781347784,9,20,0.5
"s1","s3",3.44399200041576,9,20,0.5
"s1","s3",3.86924371450237,9,20,0.5
"s1","s3",5.10415800498201,9,20,0.5
"s1","s3",3.80108475375589,9,20,0.5
"s1","s3",3.21594898109186,9,20,0.5
"s1","s3",3.49711697942122,9,20,0.5
"s1","s3",3.1420720725502,9,20,0.5
"s1","s3",5.38351594132704,9,20,0.5
"s1","s3",4.11390303090304,9,20,0.5
"s1","s3",4.50250371040828,9,20,0.5
"s1","s3",3.53158272802871,9,20,0.5
"s1","s3",4.32152541640641,9,20,0.5
"s1","s3",3.62881257666134,9,20,0.5
"s1","s3",3.82366542623751,9,20,0.5
"s1","s3",3.44399200041576,9,20,0.5
"s1","s3",3.20336324472332,9,20,0.5
"s1","s3",5.82000521905156,9,20,0.5
"s1","s3",5.17590540366682,9,20,0.5
"s1","s3",5.02680244798294,9,20,0.5
"s1","s3",3.54380561252909,9,20,0.5
"s1","s3",2.99150137713363,9,20,0.5
"s1","s3",2.8319005525412,9,20,0.5
"s1","s3",3.66653355294133,9,20,0.5
"s1","s3",3.66653355294133,9,20,0.5
"s1","s3",3.97655935226397,9,20,0.5
"s1","s3",3.57818414096939,9,20,0.5
"s1","s3",3.09880117981147,9,20,0.5
"s1","s3",3.62772844947214,9,20,0.5
"s1","s3",4.25581783632765,9,20,0.5
"s1","s3",4.28199388936824,9,20,0.5
"s1","s3",4.71835496660879,9,20,0.5
"s1","s3",3.17933901975132,9,20,0.5
"s1","s3",3.97655935226397,9,20,0.5
"s1","s3",3.70689501322223,9,20,0.5
"s1","s3",3.8182210122122,9,20,0.5
"s1","s3",4.40180048138218,9,20,0.5
"s1","s3",3.63949869229712,9,20,0.5
"s1","s3",4.08284599582055,9,20,0.5
"s1","s3",4.78840867291338,9,20,0.5
"s1","s3",3.99811824943248,9,20,0.5
"s1","s3",3.09243558447183,9,20,0.5
"s1","s3",3.26562271975375,9,20,0.5
"s1","s3",3.70689501322223,9,20,0.5
"s1","s3",3.43098233992443,9,20,0.5
"s1","s3",3.80584057259978,9,20,0.5
"s1","s3",4.55201615141583,9,20,0.5
"s1","s3",2.82440163362705,9,20,0.5
"s1","s3",5.19894709642508,9,20,0.5
"s1","s3",3.55016639560833,9,20,0.5
"s1","s3",3.44399200041576,9,20,0.5
"s1","s3",3.05682410358048,9,20,0.5
"s1","s3",3.634219042773,9,20,0.5
"s1","s3",3.20214623447406,9,20,0.5
"s1","s3",3.28951451969878,9,20,0.5
"s1","s3",4.97782806381501,9,20,0.5
"s1","s3",3.73143124392667,9,20,0.5
"s1","s3",3.28449638691528,9,20,0.5
"s1","s3",2.96336490461498,9,20,0.5
"s1","s3",3.53118345931108,9,20,0.5
"s1","s3",4.72099422253112,9,20,0.5
"s1","s3",3.65301612261923,9,20,0.5
"s1","s3",2.58979107643093,9,20,0.5
"s1","s3",4.71571571068647,9,20,0.5
"s1","s3",3.24447685018738,9,20,0.5
"s1","s3",3.88796806511064,9,20,0.5
"s1","s3",4.3589540451531,9,20,0.5
"s1","s3",4.98530300315895,9,20,0.5
"s1","s3",2.71006998959684,9,20,0.5
"s1","s3",4.41281194751643,9,20,0.5
"s1","s3",3.796328934912,9,20,0.5
"s1","s3",3.2682137924438,9,20,0.5
"s1","s3",3.14275520002863,9,20,0.5
"s1","s3",3.59219271919067,9,20,0.5
"s1","s3",3.53118345931108,9,20,0.5
"s1","s3",3.4809922217354,9,20,0.5
"s1","s3",3.53198199674634,9,20,0.5
"s1","s3",4.73546798036316,9,20,0.5
"s1","s3",2.71006998959684,9,20,0.5
"s1","s3",3.80584057259978,9,20,0.5
"s1","s3",3.14275520002863,9,20,0.5
"s1","s3",3.53118345931108,9,20,0.5
"s1","s3",3.86924371450237,9,20,0.5
"s1","s3",5.67661958615236,9,20,0.5
"s1","s3",4.11390303090304,9,20,0.5
"s1","s3",5.74913585952358,9,20,0.5
"s1","s3",4.34668692209154,9,20,0.5
"s1","s3",3.634219042773,9,20,0.5
"s1","s3",3.84716784958239,9,20,0.5
"s1","s3",3.68671428308178,9,20,0.5
"s1","s3",3.74509948958942,9,20,0.5
"s1","s3",3.11910725519717,9,20,0.5
"s1","s3",3.84716784958239,9,20,0.5
"s1","s3",3.24674905259221,9,20,0.5
"s1","s3",3.4622519620961,9,20,0.5
"s1","s3",4.97782806381501,9,20,0.5
"s1","s3",2.65288159574637,9,20,0.5
"s1","s3",3.15997743685443,9,20,0.5
"s1","s3",4.47965342072247,9,20,0.5
"s1","s3",3.14275520002863,9,20,0.5
"s1","s3",2.6946849845481,9,20,0.5
"s1","s3",3.28449638691528,9,20,0.5
"s1","s3",3.1091429192834,9,20,0.5
"s1","s3",4.90377020965007,9,20,0.5
"s1","s3",3.53198199674634,9,20,0.5
"s1","s3",5.55713335208707,9,20,0.5
"s1","s3",3.28449638691528,9,20,0.5
"s1","s3",2.72806926820816,9,20,0.5
"s1","s3",3.58574034452173,9,20,0.5
"s1","s3",3.87071573715937,9,20,0.5
"s1","s3",4.49833944771819,9,20,0.5
"s1","s3",2.72449399609184,9,20,0.5
"s1","s3",3.73858157695005,9,20,0.5
"s1","s3",3.63727809739498,9,20,0.5
"s1","s3",3.61417702528346,9,20,0.5
"s1","s3",3.09243558447183,9,20,0.5
"s1","s3",5.02312985153594,9,20,0.5
"s1","s3",3.72460634552319,9,20,0.5
"s1","s3",5.15525920973228,9,20,0.5
"s1","s3",3.08783589900543,9,20,0.5
"s1","s3",6.02516093260723,9,20,0.5
"s1","s3",3.92114165871893,9,20,0.5
"s1","s3",3.46693707689707,9,20,0.5
"s1","s3",3.78399678649566,9,20,0.5
"s1","s3",4.72099422253112,9,20,0.5
"s1","s3",4.1662121587838,9,20,0.5
"s1","s3",2.96336490461498,9,20,0.5
"s1","s3",3.15481154275438,9,20,0.5
"s1","s3",3.4622519620961,9,20,0.5
"s1","s3",3.97009555762151,9,20,0.5
"s1","s3",3.76089571438414,9,20,0.5
"s1","s3",3.68671428308178,9,20,0.5
"s1","s3",3.24447685018738,9,20,0.5
"s1","s3",2.76752007081052,9,20,0.5
"s1","s3",5.17900172458795,9,20,0.5
"s1","s3",3.33078122053778,9,20,0.5
"s1","s3",3.32776540069781,9,20,0.5
"s1","s3",4.44849743987497,9,20,0.5
"s1","s3",4.23198587606575,9,20,0.5
"s1","s3",4.97075047309735,9,20,0.5
"s1","s3",4.78624173646243,9,20,0.5
"s1","s3",4.02614094124345,9,20,0.5
"s1","s3",3.796328934912,9,20,0.5
"s1","s3",3.20214623447406,9,20,0.5
"s1","s3",4.57993546738671,9,20,0.5
"s1","s3",3.13245797767344,9,20,0.5
"s1","s3",3.2160339697411,9,20,0.5
"s1","s3",3.52762086602949,9,20,0.5
"s1","s3",3.68671428308178,9,20,0.5
"s1","s3",4.43768688920426,9,20,0.5
"s1","s3",2.82904482250758,9,20,0.5
"s1","s3",3.79910157106143,9,20,0.5
"s1","s3",3.76565153322802,9,20,0.5
"s1","s3",4.05992152136231,9,20,0.5
"s1","s3",2.82440163362705,9,20,0.5
"s1","s3",3.61417702528346,9,20,0.5
"s1","s3",4.14366941443109,9,20,0.5
"s1","s3",4.96825471102282,9,20,0.5
"s1","s3",3.25036293734907,9,20,0.5
"s1","s3",2.99150137713363,9,20,0.5
"s1","s3",3.70689501322223,9,20,0.5
"s1","s3",3.66653355294133,9,20,0.5
"s1","s3",3.18889485078358,9,20,0.5
"s1","s3",4.72099422253112,9,20,0.5
"s1","s3",3.80584057259978,9,20,0.5
"s1","s3",3.55016639560833,9,20,0.5
"s1","s3",3.84253107913505,9,20,0.5
"s1","s3",4.25193701438949,9,20,0.5
"s1","s3",3.19089304578701,9,20,0.5
"s1","s3",3.66653355294133,9,20,0.5
"s1","s3",3.61912489775994,9,20,0.5
"s1","s3",3.13331285137978,9,20,0.5
"s1","s3",3.13374750832762,9,20,0.5
"s1","s3",3.44399200041576,9,20,0.5
"s1","s3",4.89738266519068,9,20,0.5
"s1","s3",3.70689501322223,9,20,0.5
"s1","s3",4.78840867291338,9,20,0.5
"s1","s3",3.24674905259221,9,20,0.5
"s1","s3",3.11244678107264,9,20,0.5
"s1","s3",4.3650467989468,9,20,0.5
"s1","s3",3.13288541452661,9,20,0.5
"s1","s3",3.17791637028671,9,20,0.5
"s1","s3",3.77070962444279,9,20,0.5
"s1","s3",2.82386011771258,9,20,0.5
"s1","s3",2.96336490461498,9,20,0.5
"s1","s3",4.02614094124345,9,20,0.5
"s1","s3",3.15997743685443,9,20,0.5
"s1","s3",3.60749632855668,9,20,0.5
"s1","s3",5.78861769060923,9,20,0.5
"s1","s3",3.86394190555141,9,20,0.5
"s1","s3",5.00526377183819,9,20,0.5
"s1","s3",3.07177256347749,9,20,0.5
"s1","s3",4.73133960635231,9,20,0.5
"s1","s3",2.39861242932033,9,20,0.5
"s1","s3",3.49361021234771,9,20,0.5
"s1","s3",3.15997743685443,9,20,0.5
"s1","s3",3.74231767782416,9,20,0.5
"s1","s3",3.69531104667339,9,20,0.5
"s1","s3",3.14138894507177,9,20,0.5
"s1","s3",3.66653355294133,9,20,0.5
"s1","s3",3.67319685275968,9,20,0.5
"s1","s3",3.63949869229712,9,20,0.5
"s1","s3",4.05473284827911,9,20,0.5
"s1","s3",5.12514449414897,9,20,0.5
"s1","s3",4.05149284295502,9,20,0.5
"s1","s3",3.70689501322223,9,20,0.5
"s1","s3",3.85101092306012,9,20,0.5
"s1","s3",2.36939561335014,9,20,0.5
"s1","s3",3.37571673190618,9,20,0.5
"s1","s3",4.80311638936985,9,20,0.5
"s1","s3",4.22747111292736,9,20,0.5
"s1","s3",4.37937137405824,9,20,0.5
"s1","s3",4.88061337995951,9,20,0.5
"s1","s3",3.24447685018738,9,20,0.5
"s1","s3",4.94972984481922,9,20,0.5
"s1","s3",3.14315401355936,9,20,0.5
"s1","s3",3.46693707689707,9,20,0.5
"s1","s3",3.58339794585466,9,20,0.5
"s1","s3",4.15598593065653,9,20,0.5
"s1","s3",3.76936065637884,9,20,0.5
"s1","s3",3.84716784958239,9,20,0.5
"s1","s3",3.60749632855668,9,20,0.5
"s1","s3",3.56439275751872,9,20,0.5
"s1","s3",3.6872565379407,9,20,0.5
"s1","s3",3.634219042773,9,20,0.5
"s1","s3",3.14275520002863,9,20,0.5
"s1","s3",3.14001333688332,9,20,0.5
"s1","s3",3.36366613250492,9,20,0.5
"s1","s3",3.63949869229712,9,20,0.5
"s1","s3",3.87218775981636,9,20,0.5
"s1","s3",3.60802264184864,9,20,0.5
"s1","s3",5.315362759389,9,20,0.5
"s1","s3",4.96825471102282,9,20,0.5
"s1","s3",3.87218775981636,9,20,0.5
"s1","s3",3.13245797767344,9,20,0.5
"s1","s3",3.63960912301163,9,20,0.5
"s1","s3",3.99541863200674,9,20,0.5
"s1","s3",3.48798699858105,9,20,0.5
"s1","s3",3.83849528542187,9,20,0.5
"s1","s3",3.24447685018738,9,20,0.5
"s1","s3",4.31882480211726,9,20,0.5
"s1","s3",4.88944128190589,9,20,0.5
"s1","s3",3.60497539408374,9,20,0.5
"s1","s3",4.45672590211249,9,20,0.5
"s1","s3",4.13089969812063,9,20,0.5
"s1","s3",4.17007170568415,9,20,0.5
"s1","s3",4.36020461434789,9,20,0.5
"s1","s3",5.26382996809564,9,20,0.5
"s1","s3",2.93245054856161,9,20,0.5
"s1","s3",4.78909180039181,9,20,0.5
"s1","s3",4.59705279260477,9,20,0.5
"s1","s3",3.14621770726394,9,20,0.5
"s1","s3",3.70689501322223,9,20,0.5
"s1","s3",4.42557351828129,9,20,0.5
"s1","s3",4.40180048138218,9,20,0.5
"s1","s3",3.18975694458459,9,20,0.5
"s1","s3",3.34423442530157,9,20,0.5
"s1","s3",3.63949869229712,9,20,0.5
"s1","s3",3.57544350681899,9,20,0.5
"s1","s3",3.87218775981636,9,20,0.5
"s1","s3",3.8182210122122,9,20,0.5
"s1","s3",4.37937137405824,9,20,0.5
"s1","s3",3.46693707689707,9,20,0.5
"s1","s3",3.60516958273521,9,20,0.5
"s1","s3",3.89981172442837,9,20,0.5
"s1","s3",5.8045427213956,9,20,0.5
"s1","s3",3.57818414096939,9,20,0.5
"s1","s3",4.27958272337203,9,20,0.5
"s1","s3",4.53274937823097,9,20,0.5
"s1","s3",3.15518717398007,9,20,0.5
"s1","s3",3.58457348765916,9,20,0.5
"s1","s3",3.33078122053778,9,20,0.5
"s1","s3",4.66800954303059,9,20,0.5
"s1","s3",6.17682468934108,9,20,0.5
"s1","s3",3.53198199674634,9,20,0.5
"s1","s3",2.82380005763972,9,20,0.5
"s1","s3",3.14275520002863,9,20,0.5
"s1","s3",2.53011910077275,9,20,0.5
"s1","s3",4.31400247012485,9,20,0.5
"s1","s3",2.68225425163502,9,20,0.5
"s1","s3",3.62881257666134,9,20,0.5
"s1","s3",3.53721670272687,9,20,0.5
"s1","s3",2.65416710376311,9,20,0.5
"s1","s3",3.63675056856762,9,20,0.5
"s1","s3",3.5988585061262,9,20,0.5
"s1","s3",3.52256060893323,9,20,0.5
"s1","s3",5.0917063589184,9,20,0.5
"s1","s3",4.57832180743117,9,20,0.5
"s1","s3",2.93573183687424,9,20,0.5
"s1","s3",3.31812059850046,9,20,0.5
"s1","s3",3.49569570006875,9,20,0.5
"s1","s3",5.43007231545992,9,20,0.5
"s1","s3",5.20884022546719,9,20,0.5
"s1","s3",5.48476172399239,9,20,0.5
"s1","s3",3.60802264184864,9,20,0.5
"s1","s3",3.69090818506064,9,20,0.5
"s1","s3",4.06253077541501,9,20,0.5
"s1","s3",4.44857330477421,9,20,0.5
"s1","s3",5.06354436248711,9,20,0.5
"s1","s3",4.84572033048983,9,20,0.5
"s1","s3",3.15997743685443,9,20,0.5
"s1","s3",3.24447685018738,9,20,0.5
"s1","s3",3.80584057259978,9,20,0.5
"s1","s3",3.66653355294133,9,20,0.5
"s1","s3",3.60497539408374,9,20,0.5
"s1","s3",5.77661459769132,9,20,0.5
"s1","s3",5.0402325373879,9,20,0.5
"s1","s3",3.02043725178762,9,20,0.5
"s1","s3",3.68075853206899,9,20,0.5
"s1","s3",3.71432041016062,9,20,0.5
"s1","s3",4.35271280267031,9,20,0.5
"s1","s3",3.41133049557838,9,20,0.5
"s1","s3",4.14366941443109,9,20,0.5
"s1","s3",3.84716784958239,9,20,0.5
"s1","s3",3.44198777124225,9,20,0.5
"s1","s3",5.96102219796645,9,20,0.5
"s1","s3",2.72806926820816,9,20,0.5
"s1","s3",4.16679027019967,9,20,0.5
"s1","s3",3.84716784958239,9,20,0.5
"s1","s3",3.02043725178762,9,20,0.5
"s1","s3",3.83035379093178,9,20,0.5
"s1","s3",2.65569427739192,9,20,0.5
"s1","s3",3.066467523984,9,20,0.5
"s1","s3",3.67482309256444,9,20,0.5
"s1","s3",3.39414123135824,9,20,0.5
"s1","s3",4.89100049333961,9,20,0.5
"s1","s3",3.24447685018738,9,20,0.5
"s1","s3",3.49634030758661,9,20,0.5
"s1","s3",3.32776540069781,9,20,0.5
"s1","s3",3.38822942346686,9,20,0.5
"s1","s3",3.8182210122122,9,20,0.5
"s1","s3",4.63518593369893,9,20,0.5
"s1","s3",3.54380561252909,9,20,0.5
"s1","s3",5.27553706463063,9,20,0.5
"s1","s3",3.35450050734415,9,20,0.5
"s1","s3",2.78922571887507,9,20,0.5
"s1","s3",3.15997743685443,9,20,0.5
"s1","s3",4.49375084910085,9,20,0.5
"s1","s3",5.15084577518198,9,20,0.5
"s1","s3",5.7889531455914,9,20,0.5
"s1","s3",3.92450687011242,9,20,0.5
"s1","s3",3.19361602510801,9,20,0.5
"s1","s3",5.40378936753704,9,20,0.5
"s1","s3",3.02043725178762,9,20,0.5
"s1","s3",6.56937979495757,9,20,0.5
"s1","s3",3.42987369872208,9,20,0.5
"s1","s3",4.27546360578006,9,20,0.5
"s1","s3",4.47142136146865,9,20,0.5
"s1","s3",3.39973806457578,9,20,0.5
"s1","s3",3.81750804738357,9,20,0.5
"s1","s3",3.52334593613053,9,20,0.5
"s1","s3",3.44399200041576,9,20,0.5
"s1","s3",4.42244667531671,9,20,0.5
"s1","s3",4.60473327989366,9,20,0.5
"s1","s3",3.17716510783532,9,20,0.5
"s1","s3",3.18895734425168,9,20,0.5
"s1","s3",3.12620651066313,9,20,0.5
"s1","s3",5.45764306195109,9,20,0.5
"s1","s3",4.31400247012485,9,20,0.5
"s1","s3",3.13374750832762,9,20,0.5
"s1","s3",3.24490274687127,9,20,0.5
"s1","s3",3.45664130276677,9,20,0.5
"s1","s3",3.33078122053778,9,20,0.5
"s1","s3",4.72355428597162,9,20,0.5
"s1","s3",3.3527686181581,9,20,0.5
"s1","s3",4.58622080639948,9,20,0.5
"s1","s3",3.1350370389818,9,20,0.5
"s1","s3",4.99369212703363,9,20,0.5
"s1","s3",3.9366086879724,9,20,0.5
"s1","s3",3.85943851504407,9,20,0.5
"s1","s3",2.51628668700552,9,20,0.5
"s1","s3",3.24447685018738,9,20,0.5
"s1","s3",3.13245797767344,9,20,0.5
"s1","s3",3.56182049762559,9,20,0.5
"s1","s3",3.63949869229712,9,20,0.5
"s1","s3",4.78624173646243,9,20,0.5
"s1","s3",2.70230602988797,9,20,0.5
"s1","s3",3.38726786563946,9,20,0.5
"s1","s3",3.88889584288391,9,20,0.5
"s1","s3",3.80584057259978,9,20,0.5
"s1","s3",2.55453777127717,9,20,0.5
"s1","s3",4.16034555238511,9,20,0.5
"s1","s3",4.21522464959692,9,20,0.5
"s1","s3",4.47523837560667,9,20,0.5
"s1","s3",3.13331285137978,9,20,0.5
"s1","s3",4.42244667531671,9,20,0.5
"s1","s3",4.17045934934162,9,20,0.5
"s1","s3",2.82440163362705,9,20,0.5
"s1","s3",4.44693401839268,9,20,0.5
"s1","s3",4.674990358662,9,20,0.5
"s1","s3",5.42339810479101,9,20,0.5
"s1","s3",3.86924371450237,9,20,0.5
"s1","s3",4.3129182316773,9,20,0.5
"s1","s3",3.53118345931108,9,20,0.5
"s1","s3",3.24447685018738,9,20,0.5
"s1","s3",3.17139926091045,9,20,0.5
"s1","s3",3.19089304578701,9,20,0.5
"s1","s3",3.84716784958239,9,20,0.5
"s1","s3",4.50163527778861,9,20,0.5
"s1","s3",3.15136631844153,9,20,0.5
"s1","s3",3.2271273611128,9,20,0.5
"s1","s3",4.64157079185416,9,20,0.5
"s1","s3",3.01408371067304,9,20,0.5
"s1","s3",3.01408371067304,9,20,0.5
"s1","s3",3.97655935226397,9,20,0.5
"s1","s3",3.63575447351253,9,20,0.5
"s1","s3",3.00153087776177,9,20,0.5
"s1","s3",6.53187090077653,9,20,0.5
"s1","s3",3.53158272802871,9,20,0.5
"s1","s3",4.71571571068647,9,20,0.5
"s1","s3",3.66653355294133,9,20,0.5
"s1","s3",4.62148381928746,9,20,0.5
"s1","s3",4.87797412403718,9,20,0.5
"s1","s3",3.43410884694245,9,20,0.5
"s1","s3",5.25720495563059,9,20,0.5
"s1","s3",3.74231767782416,9,20,0.5
"s1","s3",4.11860735307834,9,20,0.5
"s1","s3",4.10657557495591,9,20,0.5
"s1","s3",3.17446739055305,9,20,0.5
"s1","s3",4.31580898227729,9,20,0.5
"s1","s3",4.09536102129394,9,20,0.5
"s1","s3",3.63727809739498,9,20,0.5
"s1","s3",2.93509829936537,9,20,0.5
"s1","s3",3.83425834736418,9,20,0.5
"s1","s3",3.53198199674634,9,20,0.5
"s1","s3",3.86924371450237,9,20,0.5
"s1","s3",5.05730806100951,9,20,0.5
"s1","s3",3.78361532831335,9,20,0.5
"s1","s3",3.15997743685443,9,20,0.5
"s1","s3",3.14275520002863,9,20,0.5
"s1","s3",3.62881257666134,9,20,0.5
"s1","s3",5.35212703283619,9,20,0.5
"s1","s3",4.51280002160471,9,20,0.5
"s1","s3",4.02766088269312,9,20,0.5
"s1","s3",5.47193746114856,9,20,0.5
"s1","s3",3.18895734425168,9,20,0.5
"s1","s3",5.12082901595532,9,20,0.5
"s1","s3",2.97808454433093,9,20,0.5
"s1","s3",3.17979266939312,9,20,0.5
"s1","s3",3.5117281480124,9,20,0.5
"s1","s3",3.8182210122122,9,20,0.5
"s1","s3",3.66653355294133,9,20,0.5
"s1","s3",3.78361532831335,9,20,0.5
"s1","s3",3.1350370389818,9,20,0.5
"s1","s3",2.85609362960923,9,20,0.5
"s1","s3",4.72099422253112,9,20,0.5
"s1","s3",3.13245797767344,9,20,0.5
"s1","s3",3.13245797767344,9,20,0.5
"s1","s3",3.87218775981636,9,20,0.5
"s1","s3",3.1350370389818,9,20,0.5
"s1","s3",3.84520438601428,9,20,0.5
"s1","s3",3.34558044808275,9,20,0.5
"s1","s3",4.96810363425096,9,20,0.5
"s1","s3",2.5342280566827,9,20,0.5
"s1","s3",4.62642170831985,9,20,0.5
"s1","s3",4.57064461448388,9,20,0.5
"s1","s3",3.87218775981636,9,20,0.5
"s1","s3",3.66653355294133,9,20,0.5
"s1","s3",3.77407912521197,9,20,0.5
"s1","s3",3.74231767782416,9,20,0.5
"s1","s3",3.80859562056471,9,20,0.5
"s1","s3",2.58597639938532,9,20,0.5
"s1","s3",3.1350370389818,9,20,0.5
"s1","s3",4.45672590211249,9,20,0.5
"s1","s3",3.81475299941865,9,20,0.5
"s1","s3",2.6802314887176,9,20,0.5
"s1","s3",5.44334866275361,9,20,0.5
"s1","s3",2.82386011771258,9,20,0.5
"s1","s3",3.09020734432102,9,20,0.5
"s1","s3",4.24623253211046,9,20,0.5
"s1","s3",4.47142136146865,9,20,0.5
"s1","s3",3.52810175497442,9,20,0.5
"s1","s3",3.81478584037092,9,20,0.5
"s1","s3",3.63949869229712,9,20,0.5
"s1","s3",3.72546249385627,9,20,0.5
"s1","s3",3.25036293734907,9,20,0.5
"s1","s3",3.09452763853532,9,20,0.5
"s1","s3",2.80081942780791,9,20,0.5
"s1","s3",3.68671428308178,9,20,0.5
"s1","s3",4.15499760512183,9,20,0.5
"s1","s3",3.81135066852964,9,20,0.5
"s1","s3",2.31108501641017,9,20,0.5
"s1","s3",3.85588739681871,9,20,0.5
"s1","s3",3.63949869229712,9,20,0.5
"s1","s3",3.82366542623751,9,20,0.5
"s1","s3",3.44399200041576,9,20,0.5
"s1","s3",3.15523897960755,9,20,0.5
"s1","s3",4.37937137405824,9,20,0.5
"s1","s3",3.1350370389818,9,20,0.5
"s1","s3",4.19974362537937,9,20,0.5
"s1","s3",3.22453176999865,9,20,0.5
"s1","s3",2.31108501641017,9,20,0.5
"s1","s3",4.35201399485709,9,20,0.5
"s1","s3",4.06938887599463,9,20,0.5
"s1","s3",5.56528794978714,9,20,0.5
"s1","s3",3.66653355294133,9,20,0.5
"s1","s3",3.81475299941865,9,20,0.5
"s1","s3",3.78361532831335,9,20,0.5
"s1","s3",4.57993546738671,9,20,0.5
"s1","s3",3.82418582586742,9,20,0.5
"s1","s3",3.39077319833007,9,20,0.5
"s1","s3",3.93062383618542,9,20,0.5
"s1","s3",3.78361532831335,9,20,0.5
"s1","s3",3.78361532831335,9,20,0.5
"s1","s3",3.15647670463426,9,20,0.5
"s1","s3",3.1350370389818,9,20,0.5
"s1","s3",3.1350370389818,9,20,0.5
"s1","s3",4.05992152136231,9,20,0.5
"s1","s3",3.24674905259221,9,20,0.5
"s1","s3",3.25036293734907,9,20,0.5
"s1","s3",3.66653355294133,9,20,0.5
"s1","s3",5.07553326899552,9,20,0.5
"s1","s3",3.93062383618542,9,20,0.5
"s1","s3",4.08490517783727,9,20,0.5
"s1","s3",3.34713923764952,9,20,0.5
"s1","s3",5.00526377183819,9,20,0.5
"s1","s3",3.14138894507177,9,20,0.5
"s1","s3",4.25581783632765,9,20,0.5
"s1","s3",4.44616213877801,9,20,0.5
"s1","s3",2.82386011771258,9,20,0.5
"s1","s3",3.75912284087593,9,20,0.5
"s1","s3",3.59707720948541,9,20,0.5
"s1","s3",5.36244384535983,9,20,0.5
"s1","s3",5.92015208169895,9,20,0.5
"s1","s3",4.02295246349979,9,20,0.5
"s1","s3",3.72460634552319,9,20,0.5
"s1","s3",3.11244678107264,9,20,0.5
"s1","s3",3.34597971680039,9,20,0.5
"s1","s3",3.13889611950521,9,20,0.5
"s1","s3",3.70689501322223,9,20,0.5
"s1","s3",3.17791637028671,9,20,0.5
"s1","s3",3.18975694458459,9,20,0.5
"s1","s3",4.98262173052519,9,20,0.5
"s1","s3",4.96633703854705,9,20,0.5
"s1","s3",3.74231767782416,9,20,0.5
"s1","s3",4.17740350178881,9,20,0.5
"s1","s3",3.53407113821245,9,20,0.5
"s1","s3",4.08058515985362,9,20,0.5
"s1","s3",2.88006673525065,9,20,0.5
"s1","s3",3.70689501322223,9,20,0.5
"s1","s3",3.4422007195842,9,20,0.5
"s1","s3",3.84253107913505,9,20,0.5
"s1","s3",3.38587870055678,9,20,0.5
"s1","s3",5.43063743340717,9,20,0.5
"s1","s3",4.40846525823019,9,20,0.5
"s1","s3",3.76089571438414,9,20,0.5
"s1","s3",4.31333673082997,9,20,0.5
"s1","s3",3.75161197406711,9,20,0.5
"s1","s3",3.70689501322223,9,20,0.5
"s1","s3",3.1169122647718,9,20,0.5
"s1","s3",2.88721144704847,9,20,0.5
"s1","s3",4.42557351828129,9,20,0.5
"s1","s3",3.04063475902906,9,20,0.5
"s1","s3",3.79910157106143,9,20,0.5
"s1","s3",3.74231767782416,9,20,0.5
"s1","s3",5.08026149078523,9,20,0.5
"s1","s3",2.67257537531588,9,20,0.5
"s1","s3",2.55453777127717,9,20,0.5
"s1","s3",3.56182049762559,9,20,0.5
"s1","s3",4.55308302189469,9,20,0.5
"s1","s3",5.37502073322362,9,20,0.5
"s1","s3",3.23204703595878,9,20,0.5
"s1","s3",3.81135066852964,9,20,0.5
"s1","s3",3.84029719151601,9,20,0.5
"s1","s3",3.66653355294133,9,20,0.5
"s1","s3",3.80725271882026,9,20,0.5
"s1","s3",4.59356853607756,9,20,0.5
"s1","s3",3.33668547090905,9,20,0.5
"s1","s3",3.55526277667854,9,20,0.5
"s1","s3",5.56388782886724,9,20,0.5
"s1","s3",3.13331285137978,9,20,0.5
"s1","s3",3.1220899791326,9,20,0.5
"s1","s3",3.20735922520381,9,20,0.5
"s1","s3",4.88061337995951,9,20,0.5
"s1","s3",2.89591273324173,9,20,0.5
"s1","s3",3.70689501322223,9,20,0.5
"s1","s3",3.12743192599421,9,20,0.5
"s1","s4",5.50932666402485,9,20,0.5
"s1","s4",5.5408083123908,9,20,0.5
"s1","s4",6.26820785133394,9,20,0.5
"s1","s4",6.98701468105551,9,20,0.5
"s1","s4",7.17478720143938,9,20,0.5
"s1","s4",4.75166994748347,9,20,0.5
"s1","s4",4.36977406645073,9,20,0.5
"s1","s4",6.82189947576155,9,20,0.5
"s1","s4",2.73630347194323,9,20,0.5
"s1","s4",5.57528196502063,9,20,0.5
"s1","s4",3.09532182236119,9,20,0.5
"s1","s4",3.80593183943753,9,20,0.5
"s1","s4",6.35020319245413,9,20,0.5
"s1","s4",5.8399194981828,9,20,0.5
"s1","s4",5.42386328816182,9,20,0.5
"s1","s4",6.70055850579901,9,20,0.5
"s1","s4",3.08833820132375,9,20,0.5
"s1","s4",4.7687463554526,9,20,0.5
"s1","s4",3.61717291680405,9,20,0.5
"s1","s4",5.30990602530189,9,20,0.5
"s1","s4",2.96931462679506,9,20,0.5
"s1","s4",2.09095801179826,9,20,0.5
"s1","s4",3.26087724751235,9,20,0.5
"s1","s4",4.0559352889039,9,20,0.5
"s1","s4",4.24291273599307,9,20,0.5
"s1","s4",4.8415452778775,9,20,0.5
"s1","s4",4.00196855577645,9,20,0.5
"s1","s4",6.81474544225181,9,20,0.5
"s1","s4",3.9238795781267,9,20,0.5
"s1","s4",4.75707942999755,9,20,0.5
"s1","s4",2.29497868993784,9,20,0.5
"s1","s4",4.66283078554195,9,20,0.5
"s1","s4",5.44195818591987,9,20,0.5
"s1","s4",3.89548112556536,9,20,0.5
"s1","s4",7.33771799933518,9,20,0.5
"s1","s4",5.42386328816182,9,20,0.5
"s1","s4",3.89548112556536,9,20,0.5
"s1","s4",2.9605947010779,9,20,0.5
"s1","s4",2.83084519046495,9,20,0.5
"s1","s4",6.83793957086306,9,20,0.5
"s1","s4",4.35048905856273,9,20,0.5
"s1","s4",2.94756379156115,9,20,0.5
"s1","s4",4.10778233346384,9,20,0.5
"s1","s4",5.14872813266589,9,20,0.5
"s1","s4",4.4580653811324,9,20,0.5
"s1","s4",4.7172786651646,9,20,0.5
"s1","s4",2.9438839272736,9,20,0.5
"s1","s4",3.27233509318936,9,20,0.5
"s1","s4",2.18882529708315,9,20,0.5
"s1","s4",5.1303826985671,9,20,0.5
"s1","s4",5.14129230748556,9,20,0.5
"s1","s4",4.72834926516999,9,20,0.5
"s1","s4",3.71778380574145,9,20,0.5
"s1","s4",6.78971207520399,9,20,0.5
"s1","s4",6.85486490819479,9,20,0.5
"s1","s4",5.58766891778379,9,20,0.5
"s1","s4",4.66800263496955,9,20,0.5
"s1","s4",3.23326510870639,9,20,0.5
"s1","s4",3.80593183943753,9,20,0.5
"s1","s4",4.82077001085358,9,20,0.5
"s1","s4",4.91978365437323,9,20,0.5
"s1","s4",7.1587748284574,9,20,0.5
"s1","s4",3.14799452236933,9,20,0.5
"s1","s4",6.04135462950753,9,20,0.5
"s1","s4",5.19368676728871,9,20,0.5
"s1","s4",3.80737633482892,9,20,0.5
"s1","s4",4.53680377925792,9,20,0.5
"s1","s4",5.8399194981828,9,20,0.5
"s1","s4",4.39213179031283,9,20,0.5
"s1","s4",3.75808028064182,9,20,0.5
"s1","s4",6.06720234920865,9,20,0.5
"s1","s4",5.24955845376613,9,20,0.5
"s1","s4",5.24112893954105,9,20,0.5
"s1","s4",6.17016929928249,9,20,0.5
"s1","s4",6.27825499642347,9,20,0.5
"s1","s4",3.48447135864048,9,20,0.5
"s1","s4",4.02505036567115,9,20,0.5
"s1","s4",5.01110492580505,9,20,0.5
"s1","s4",6.55007723609251,9,20,0.5
"s1","s4",3.00884460611702,9,20,0.5
"s1","s4",3.71927154409248,9,20,0.5
"s1","s4",4.64800192408147,9,20,0.5
"s1","s4",3.31821039318556,9,20,0.5
"s1","s4",4.29127327079449,9,20,0.5
"s1","s4",6.72236276809033,9,20,0.5
"s1","s4",7.66628597533403,9,20,0.5
"s1","s4",4.09949581864655,9,20,0.5
"s1","s4",5.77526770283519,9,20,0.5
"s1","s4",5.70744266377386,9,20,0.5
"s1","s4",2.45413700209198,9,20,0.5
"s1","s4",4.36888101617862,9,20,0.5
"s1","s4",3.26285004582002,9,20,0.5
"s1","s4",3.33557044297505,9,20,0.5
"s1","s4",3.80027415439581,9,20,0.5
"s1","s4",3.19627216403862,9,20,0.5
"s1","s4",6.53114556987958,9,20,0.5
"s1","s4",5.5621208377643,9,20,0.5
"s1","s4",5.23395771790005,9,20,0.5
"s1","s4",3.71927154409248,9,20,0.5
"s1","s4",4.26659526088095,9,20,0.5
"s1","s4",6.65170622034061,9,20,0.5
"s1","s4",2.94831270440937,9,20,0.5
"s1","s4",3.60446299989477,9,20,0.5
"s1","s4",4.70837413976703,9,20,0.5
"s1","s4",3.17308308489092,9,20,0.5
"s1","s4",5.30604278581722,9,20,0.5
"s1","s4",4.52693292140165,9,20,0.5
"s1","s4",3.58362146596983,9,20,0.5
"s1","s4",4.00196855577645,9,20,0.5
"s1","s4",4.68795217488737,9,20,0.5
"s1","s4",6.42275401902477,9,20,0.5
"s1","s4",1.99099111344365,9,20,0.5
"s1","s4",5.54929293038116,9,20,0.5
"s1","s4",5.00200997873283,9,20,0.5
"s1","s4",1.76952807059453,9,20,0.5
"s1","s4",3.63020565370172,9,20,0.5
"s1","s4",6.26593955492461,9,20,0.5
"s1","s4",4.75707942999755,9,20,0.5
"s1","s4",2.81271672125892,9,20,0.5
"s1","s4",2.8966638171023,9,20,0.5
"s1","s4",5.48687967474128,9,20,0.5
"s1","s4",2.94756379156115,9,20,0.5
"s1","s4",3.58362146596983,9,20,0.5
"s1","s4",3.11826919769373,9,20,0.5
"s1","s4",5.743916251421,9,20,0.5
"s1","s4",4.52447851559658,9,20,0.5
"s1","s4",2.21223494402745,9,20,0.5
"s1","s4",3.26285004582002,9,20,0.5
"s1","s4",3.63962037051912,9,20,0.5
"s1","s4",3.30543522584814,9,20,0.5
"s1","s4",4.97152932721772,9,20,0.5
"s1","s4",3.12465957656087,9,20,0.5
"s1","s4",6.86791892006037,9,20,0.5
"s1","s4",5.24208875659825,9,20,0.5
"s1","s4",2.75335909815099,9,20,0.5
"s1","s4",5.8399194981828,9,20,0.5
"s1","s4",1.92149395823042,9,20,0.5
"s1","s4",4.22681903571429,9,20,0.5
"s1","s4",7.39335237621488,9,20,0.5
"s1","s4",5.81198152018561,9,20,0.5
"s1","s4",4.72769309034392,9,20,0.5
"s1","s4",4.64800192408147,9,20,0.5
"s1","s4",5.23395771790005,9,20,0.5
"s1","s4",7.15277349420461,9,20,0.5
"s1","s4",2.63733613752602,9,20,0.5
"s1","s4",5.08224374165876,9,20,0.5
"s1","s4",7.22675425918078,9,20,0.5
"s1","s4",3.52911234906067,9,20,0.5
"s1","s4",5.35552698424107,9,20,0.5
"s1","s4",6.86854430232108,9,20,0.5
"s1","s4",3.57951901992244,9,20,0.5
"s1","s4",5.6998053108267,9,20,0.5
"s1","s4",5.0559077315246,9,20,0.5
"s1","s4",5.23395771790005,9,20,0.5
"s1","s4",2.61005437919968,9,20,0.5
"s1","s4",5.26772671870253,9,20,0.5
"s1","s4",5.81116473264489,9,20,0.5
"s1","s4",2.26720245865427,9,20,0.5
"s1","s4",5.38619709743695,9,20,0.5
"s1","s4",7.1364796320669,9,20,0.5
"s1","s4",1.78591954141658,9,20,0.5
"s1","s4",3.720302923804,9,20,0.5
"s1","s4",6.0974125090416,9,20,0.5
"s1","s4",3.85751390757699,9,20,0.5
"s1","s4",3.7602655989859,9,20,0.5
"s1","s4",4.70388449168932,9,20,0.5
"s1","s4",3.12709771341936,9,20,0.5
"s1","s4",3.25616016802225,9,20,0.5
"s1","s4",4.8566775063879,9,20,0.5
"s1","s4",5.32144624627053,9,20,0.5
"s1","s4",5.53069602818952,9,20,0.5
"s1","s4",4.99512166745206,9,20,0.5
"s1","s4",5.89437692531703,9,20,0.5
"s1","s4",5.02414988466966,9,20,0.5
"s1","s4",4.38153503348036,9,20,0.5
"s1","s4",4.75150168899852,9,20,0.5
"s1","s4",3.69994298475251,9,20,0.5
"s1","s4",5.96754197289963,9,20,0.5
"s1","s4",3.96425457058848,9,20,0.5
"s1","s4",3.80593183943753,9,20,0.5
"s1","s4",5.99066701596369,9,20,0.5
"s1","s4",5.17493720695964,9,20,0.5
"s1","s4",4.36977406645073,9,20,0.5
"s1","s4",4.27385809530939,9,20,0.5
"s1","s4",4.41391972379157,9,20,0.5
"s1","s4",4.83037800942838,9,20,0.5
"s1","s4",4.37629845218133,9,20,0.5
"s1","s4",3.44866040080364,9,20,0.5
"s1","s4",3.34112888473628,9,20,0.5
"s1","s4",5.72331899590645,9,20,0.5
"s1","s4",6.27451844153974,9,20,0.5
"s1","s4",6.0974125090416,9,20,0.5
"s1","s4",3.08699004278416,9,20,0.5
"s1","s4",5.12228864358186,9,20,0.5
"s1","s4",6.33832967889816,9,20,0.5
"s1","s4",2.3731951995066,9,20,0.5
"s1","s4",3.36397928592144,9,20,0.5
"s1","s4",5.67341339054662,9,20,0.5
"s1","s4",5.55695391292866,9,20,0.5
"s1","s4",2.53017931203065,9,20,0.5
"s1","s4",4.92542224684041,9,20,0.5
"s1","s4",6.34516147040472,9,20,0.5
"s1","s4",2.84441674014836,9,20,0.5
"s1","s4",3.58719653383143,9,20,0.5
"s1","s4",6.80588710277957,9,20,0.5
"s1","s4",5.55085244072632,9,20,0.5
"s1","s4",3.6472255006403,9,20,0.5
"s1","s4",4.75150168899852,9,20,0.5
"s1","s4",4.87819456759292,9,20,0.5
"s1","s4",5.35552698424107,9,20,0.5
"s1","s4",4.92601112575746,9,20,0.5
"s1","s4",4.14708814231135,9,20,0.5
"s1","s4",4.61322578641932,9,20,0.5
"s1","s4",7.86855324747147,9,20,0.5
"s1","s4",4.80254401787358,9,20,0.5
"s1","s4",3.52524082257272,9,20,0.5
"s1","s4",5.14129230748556,9,20,0.5
"s1","s4",4.33652614487631,9,20,0.5
"s1","s4",3.12709771341936,9,20,0.5
"s1","s4",3.09277281244232,9,20,0.5
"s1","s4",4.46090801898604,9,20,0.5
"s1","s4",7.93921957445317,9,20,0.5
"s1","s4",6.96037828526591,9,20,0.5
"s1","s4",3.73976857153919,9,20,0.5
"s1","s4",2.90215652020197,9,20,0.5
"s1","s4",5.76724186427567,9,20,0.5
"s1","s4",2.93298922194868,9,20,0.5
"s1","s4",7.11579051902639,9,20,0.5
"s1","s4",4.3063434012219,9,20,0.5
"s1","s4",4.02505036567115,9,20,0.5
"s1","s4",3.24532916849231,9,20,0.5
"s1","s4",3.08833820132375,9,20,0.5
"s1","s4",3.16109499156464,9,20,0.5
"s1","s4",4.94532262925688,9,20,0.5
"s1","s4",4.7687463554526,9,20,0.5
"s1","s4",6.77279380726657,9,20,0.5
"s1","s4",3.80593183943753,9,20,0.5
"s1","s4",5.69936920903529,9,20,0.5
"s1","s4",5.47851974311822,9,20,0.5
"s1","s4",2.83904064441038,9,20,0.5
"s1","s4",6.56725304162606,9,20,0.5
"s1","s4",5.14129230748556,9,20,0.5
"s1","s4",3.89548112556536,9,20,0.5
"s1","s4",4.68617056590329,9,20,0.5
"s1","s4",5.51264364066575,9,20,0.5
"s1","s4",4.97152932721772,9,20,0.5
"s1","s4",4.28797452524019,9,20,0.5
"s1","s4",4.39921718454441,9,20,0.5
"s1","s4",5.46389525923499,9,20,0.5
"s1","s4",8.5312320546237,9,20,0.5
"s1","s4",4.00196855577645,9,20,0.5
"s1","s4",2.83084519046495,9,20,0.5
"s1","s4",6.77279380726657,9,20,0.5
"s1","s4",5.93008039700823,9,20,0.5
"s1","s4",6.65125327286288,9,20,0.5
"s1","s4",3.44866040080364,9,20,0.5
"s1","s4",4.54202245342803,9,20,0.5
"s1","s4",6.25362411342575,9,20,0.5
"s1","s4",4.62190119287619,9,20,0.5
"s1","s4",2.34662792580092,9,20,0.5
"s1","s4",5.05880561994018,9,20,0.5
"s1","s4",5.61751401040335,9,20,0.5
"s1","s4",5.76190290632355,9,20,0.5
"s1","s4",4.5958004616709,9,20,0.5
"s1","s4",4.35812556820947,9,20,0.5
"s1","s4",2.85938392360903,9,20,0.5
"s1","s4",7.12256535419585,9,20,0.5
"s1","s4",2.8966638171023,9,20,0.5
"s1","s4",3.61544189091007,9,20,0.5
"s1","s4",5.2847487308674,9,20,0.5
"s1","s4",3.07577417336968,9,20,0.5
"s1","s4",4.4580653811324,9,20,0.5
"s1","s4",2.53656147527053,9,20,0.5
"s1","s4",7.11579051902639,9,20,0.5
"s1","s4",5.35746776842772,9,20,0.5
"s1","s4",5.96157674500719,9,20,0.5
"s1","s4",9.32278953724843,9,20,0.5
"s1","s4",6.95086253662214,9,20,0.5
"s1","s4",4.75921321495451,9,20,0.5
"s1","s4",8.00077637035224,9,20,0.5
"s1","s4",4.01844968417576,9,20,0.5
"s1","s4",4.65450722801937,9,20,0.5
"s1","s4",2.4793478779002,9,20,0.5
"s1","s4",3.24454980570791,9,20,0.5
"s1","s4",3.12709771341936,9,20,0.5
"s1","s4",6.11489229817056,9,20,0.5
"s1","s4",3.95072599869073,9,20,0.5
"s1","s4",6.39470606787147,9,20,0.5
"s1","s4",4.48824444518516,9,20,0.5
"s1","s4",3.37986727519722,9,20,0.5
"s1","s4",5.80192666961768,9,20,0.5
"s1","s4",3.63962037051912,9,20,0.5
"s1","s4",3.44866040080364,9,20,0.5
"s1","s4",4.01844968417576,9,20,0.5
"s1","s4",4.02825796795623,9,20,0.5
"s1","s4",3.86895784181473,9,20,0.5
"s1","s4",3.8554514755935,9,20,0.5
"s1","s4",6.28177149071939,9,20,0.5
"s1","s4",4.53310084882362,9,20,0.5
"s1","s4",2.73484194370315,9,20,0.5
"s1","s4",2.86042911313034,9,20,0.5
"s1","s4",4.8566775063879,9,20,0.5
"s1","s4",7.0557088507786,9,20,0.5
"s1","s4",4.68795217488737,9,20,0.5
"s1","s4",3.24571176354726,9,20,0.5
"s1","s4",6.15588996873066,9,20,0.5
"s1","s4",8.41683802955125,9,20,0.5
"s1","s4",7.40936474919686,9,20,0.5
"s1","s4",3.39757136941954,9,20,0.5
"s1","s4",3.80593183943753,9,20,0.5
"s1","s4",5.95704277535174,9,20,0.5
"s1","s4",3.84579060047695,9,20,0.5
"s1","s4",6.5297127384592,9,20,0.5
"s1","s4",4.43208248475941,9,20,0.5
"s1","s4",4.64800192408147,9,20,0.5
"s1","s4",4.80687846819272,9,20,0.5
"s1","s4",4.68795217488737,9,20,0.5
"s1","s4",5.03374990372372,9,20,0.5
"s1","s4",4.49743458019516,9,20,0.5
"s1","s4",6.51370036547723,9,20,0.5
"s1","s4",3.21429367132608,9,20,0.5
"s1","s4",2.60297357546711,9,20,0.5
"s1","s4",4.99233130537676,9,20,0.5
"s1","s4",4.80190284985878,9,20,0.5
"s1","s4",5.47851974311822,9,20,0.5
"s1","s4",3.56787267704518,9,20,0.5
"s1","s4",2.99401339893156,9,20,0.5
"s1","s4",3.81175090659979,9,20,0.5
"s1","s4",4.75233971523468,9,20,0.5
"s1","s4",3.44866040080364,9,20,0.5
"s1","s4",4.29745534219463,9,20,0.5
"s1","s4",4.38535745561452,9,20,0.5
"s1","s4",3.13198214938736,9,20,0.5
"s1","s4",5.97878909275575,9,20,0.5
"s1","s4",3.18826597754764,9,20,0.5
"s1","s4",7.02341769211593,9,20,0.5
"s1","s4",4.8566775063879,9,20,0.5
"s1","s4",4.75625335706205,9,20,0.5
"s1","s4",3.80593183943753,9,20,0.5
"s1","s4",4.28723065606467,9,20,0.5
"s1","s4",6.83493292363011,9,20,0.5
"s1","s4",7.70927286594168,9,20,0.5
"s1","s4",4.8566775063879,9,20,0.5
"s1","s4",3.47987271448456,9,20,0.5
"s1","s4",2.97787546774576,9,20,0.5
"s1","s4",4.99272970344929,9,20,0.5
"s1","s4",5.21977006176485,9,20,0.5
"s1","s4",4.37182120615348,9,20,0.5
"s1","s4",2.66985891905043,9,20,0.5
"s1","s4",6.83037861689351,9,20,0.5
"s1","s4",6.55124066864409,9,20,0.5
"s1","s4",5.12228864358186,9,20,0.5
"s1","s4",4.83037800942838,9,20,0.5
"s1","s4",4.36977406645073,9,20,0.5
"s1","s4",3.89548112556536,9,20,0.5
"s1","s4",3.32328205529221,9,20,0.5
"s1","s4",5.23395771790005,9,20,0.5
"s1","s4",6.13379090416205,9,20,0.5
"s1","s4",4.9212792998341,9,20,0.5
"s1","s4",5.12228864358186,9,20,0.5
"s1","s4",5.64521385978687,9,20,0.5
"s1","s4",7.0275239918936,9,20,0.5
"s1","s4",4.7687463554526,9,20,0.5
"s1","s4",5.72331899590645,9,20,0.5
"s1","s4",2.64860917594416,9,20,0.5
"s1","s4",4.3063434012219,9,20,0.5
"s1","s4",3.46237517535305,9,20,0.5
"s1","s4",4.00888624897627,9,20,0.5
"s1","s4",6.26820785133394,9,20,0.5
"s1","s4",3.9238795781267,9,20,0.5
"s1","s4",4.04825921658798,9,20,0.5
"s1","s4",7.78780642900433,9,20,0.5
"s1","s4",2.9438839272736,9,20,0.5
"s1","s4",2.8336645486724,9,20,0.5
"s1","s4",3.89548112556536,9,20,0.5
"s1","s4",3.0603402950588,9,20,0.5
"s1","s4",4.48824444518516,9,20,0.5
"s1","s4",5.52655053132963,9,20,0.5
"s1","s4",4.7687463554526,9,20,0.5
"s1","s4",6.14882710335215,9,20,0.5
"s1","s4",3.11893382678604,9,20,0.5
"s1","s4",5.26772671870253,9,20,0.5
"s1","s4",4.75269351733485,9,20,0.5
"s1","s4",6.94195229316803,9,20,0.5
"s1","s4",2.96986928125478,9,20,0.5
"s1","s4",2.61744312566324,9,20,0.5
"s1","s4",3.58362146596983,9,20,0.5
"s1","s4",4.01844968417576,9,20,0.5
"s1","s4",4.9212792998341,9,20,0.5
"s1","s4",3.30543522584814,9,20,0.5
"s1","s4",2.30691519222759,9,20,0.5
"s1","s4",4.0945498773995,9,20,0.5
"s1","s4",2.28011550269976,9,20,0.5
"s1","s4",7.43566424615638,9,20,0.5
"s1","s4",5.81116473264489,9,20,0.5
"s1","s4",3.3215760919643,9,20,0.5
"s1","s4",4.92601112575746,9,20,0.5
"s1","s4",5.96346062826908,9,20,0.5
"s1","s4",5.26422169890474,9,20,0.5
"s1","s4",5.743916251421,9,20,0.5
"s1","s4",3.16494292958407,9,20,0.5
"s1","s4",6.33941434310202,9,20,0.5
"s1","s4",5.2308365871029,9,20,0.5
"s1","s4",6.55897763883564,9,20,0.5
"s1","s4",5.38619709743695,9,20,0.5
"s1","s4",3.12709771341936,9,20,0.5
"s1","s4",3.39207082501151,9,20,0.5
"s1","s4",5.12719956861799,9,20,0.5
"s1","s4",6.32977079980048,9,20,0.5
"s1","s4",5.72331899590645,9,20,0.5
"s1","s4",4.01844968417576,9,20,0.5
"s1","s4",4.92601112575746,9,20,0.5
"s1","s4",3.86895784181473,9,20,0.5
"s1","s4",4.61424935627069,9,20,0.5
"s1","s4",4.29745534219463,9,20,0.5
"s1","s4",5.05880561994018,9,20,0.5
"s1","s4",2.37852342103725,9,20,0.5
"s1","s4",3.72905613388724,9,20,0.5
"s1","s4",6.36297127992771,9,20,0.5
"s1","s4",2.37852342103725,9,20,0.5
"s1","s4",3.58362146596983,9,20,0.5
"s1","s4",4.7172786651646,9,20,0.5
"s1","s4",4.88538074857899,9,20,0.5
"s1","s4",4.92601112575746,9,20,0.5
"s1","s4",3.02584324518967,9,20,0.5
"s1","s4",3.35293049276454,9,20,0.5
"s1","s4",6.79408328842521,9,20,0.5
"s1","s4",4.99233130537676,9,20,0.5
"s1","s4",6.7966632161199,9,20,0.5
"s1","s4",3.39860237822069,9,20,0.5
"s1","s4",3.16109499156464,9,20,0.5
"s1","s4",5.50709089578328,9,20,0.5
"s1","s4",7.53146928509023,9,20,0.5
"s1","s4",4.88664092929253,9,20,0.5
"s1","s4",4.8566775063879,9,20,0.5
"s1","s4",5.20889492158595,9,20,0.5
"s1","s4",6.26820785133394,9,20,0.5
"s1","s4",3.14799452236933,9,20,0.5
"s1","s4",6.78971207520399,9,20,0.5
"s1","s4",4.79406588352383,9,20,0.5
"s1","s4",5.89028395762856,9,20,0.5
"s1","s4",2.85938392360903,9,20,0.5
"s1","s4",3.09532182236119,9,20,0.5
"s1","s4",3.52911234906067,9,20,0.5
"s1","s4",4.30712507292333,9,20,0.5
"s1","s4",4.75150168899852,9,20,0.5
"s1","s4",4.83433378174042,9,20,0.5
"s1","s4",3.86895784181473,9,20,0.5
"s1","s4",5.11330266459473,9,20,0.5
"s1","s4",2.94756379156115,9,20,0.5
"s1","s4",4.83037800942838,9,20,0.5
"s1","s4",6.55124066864409,9,20,0.5
"s1","s4",7.73633012459069,9,20,0.5
"s1","s4",6.74894336474045,9,20,0.5
"s1","s4",3.91702845116727,9,20,0.5
"s1","s4",3.39860237822069,9,20,0.5
"s1","s4",4.29745534219463,9,20,0.5
"s1","s4",4.00196855577645,9,20,0.5
"s1","s4",3.18723115711114,9,20,0.5
"s1","s4",6.0974125090416,9,20,0.5
"s1","s4",3.37074286294785,9,20,0.5
"s1","s4",3.86895784181473,9,20,0.5
"s1","s4",5.6345872978419,9,20,0.5
"s1","s4",5.06202279845021,9,20,0.5
"s1","s4",5.96157674500719,9,20,0.5
"s1","s4",3.30543522584814,9,20,0.5
"s1","s4",3.41757247295936,9,20,0.5
"s1","s4",5.59556253478697,9,20,0.5
"s1","s4",4.01844968417576,9,20,0.5
"s1","s4",5.12719956861799,9,20,0.5
"s1","s4",6.80194692719985,9,20,0.5
"s1","s4",5.12719956861799,9,20,0.5
"s1","s4",3.14763309766149,9,20,0.5
"s1","s4",5.57200498831299,9,20,0.5
"s1","s4",3.19806542576713,9,20,0.5
"s1","s4",3.07380137506201,9,20,0.5
"s1","s4",7.17478720143938,9,20,0.5
"s1","s4",3.89548112556536,9,20,0.5
"s1","s4",4.74719345129222,9,20,0.5
"s1","s4",6.34516147040472,9,20,0.5
"s1","s4",5.58766891778379,9,20,0.5
"s1","s4",4.12409067044268,9,20,0.5
"s1","s4",4.48760546606664,9,20,0.5
"s1","s4",5.7798895612261,9,20,0.5
"s1","s4",3.7602655989859,9,20,0.5
"s1","s4",7.11449573960732,9,20,0.5
"s1","s4",3.97772133606165,9,20,0.5
"s1","s4",5.31580765380335,9,20,0.5
"s1","s4",3.98826630185759,9,20,0.5
"s1","s4",4.55675865958974,9,20,0.5
"s1","s4",4.43756359528183,9,20,0.5
"s1","s4",2.51416693904867,9,20,0.5
"s1","s4",5.6998053108267,9,20,0.5
"s1","s4",5.2847487308674,9,20,0.5
"s1","s4",3.95072599869073,9,20,0.5
"s1","s4",5.44195818591987,9,20,0.5
"s1","s4",2.30691519222759,9,20,0.5
"s1","s4",2.96931462679506,9,20,0.5
"s1","s4",4.92601112575746,9,20,0.5
"s1","s4",2.13568845002815,9,20,0.5
"s1","s4",2.88417186341092,9,20,0.5
"s1","s4",3.24454980570791,9,20,0.5
"s1","s4",7.11804156373925,9,20,0.5
"s1","s4",3.55568353264283,9,20,0.5
"s1","s4",6.63991821718868,9,20,0.5
"s1","s4",3.7602655989859,9,20,0.5
"s1","s4",4.63770939619654,9,20,0.5
"s1","s4",5.44195818591987,9,20,0.5
"s1","s4",3.95696540487056,9,20,0.5
"s1","s4",5.66024569833487,9,20,0.5
"s1","s4",2.48857617570598,9,20,0.5
"s1","s4",3.09532182236119,9,20,0.5
"s1","s4",4.01844968417576,9,20,0.5
"s1","s4",4.87577226016564,9,20,0.5
"s1","s4",5.81919057120441,9,20,0.5
"s1","s4",5.74874208812546,9,20,0.5
"s1","s4",5.6294905221774,9,20,0.5
"s1","s4",5.12363304928541,9,20,0.5
"s1","s4",6.0974125090416,9,20,0.5
"s1","s4",4.52926650644302,9,20,0.5
"s1","s4",3.24454980570791,9,20,0.5
"s1","s4",3.71927154409248,9,20,0.5
"s1","s4",5.12527993450359,9,20,0.5
"s1","s4",4.75150168899852,9,20,0.5
"s1","s4",4.89992120802824,9,20,0.5
"s1","s4",3.52815035615385,9,20,0.5
"s1","s4",4.0945498773995,9,20,0.5
"s1","s4",7.71757938226958,9,20,0.5
"s1","s4",5.35746776842773,9,20,0.5
"s1","s4",7.47545307987368,9,20,0.5
"s1","s4",4.00196855577645,9,20,0.5
"s1","s4",3.52911234906067,9,20,0.5
"s1","s4",4.29745534219463,9,20,0.5
"s1","s4",4.24291273599307,9,20,0.5
"s1","s4",7.08209216249672,9,20,0.5
"s1","s4",4.89992120802824,9,20,0.5
"s1","s4",3.75694400672328,9,20,0.5
"s1","s4",4.75707942999755,9,20,0.5
"s1","s4",7.2802530319511,9,20,0.5
"s1","s4",5.73605745167742,9,20,0.5
"s1","s4",3.89548112556536,9,20,0.5
"s1","s4",3.84579060047695,9,20,0.5
"s1","s4",2.54657358754794,9,20,0.5
"s1","s4",4.91978365437323,9,20,0.5
"s1","s4",3.44866040080364,9,20,0.5
"s1","s4",3.41981583634785,9,20,0.5
"s1","s4",3.08833820132375,9,20,0.5
"s1","s4",7.38669112274578,9,20,0.5
"s1","s4",6.54010096181166,9,20,0.5
"s1","s4",5.58766891778379,9,20,0.5
"s1","s4",7.09977814604442,9,20,0.5
"s1","s4",2.28020172359931,9,20,0.5
"s1","s4",5.47851974311822,9,20,0.5
"s1","s4",4.63770939619654,9,20,0.5
"s1","s4",6.25362411342575,9,20,0.5
"s1","s4",5.743916251421,9,20,0.5
"s1","s4",3.13198214938736,9,20,0.5
"s1","s4",3.9540301407665,9,20,0.5
"s1","s4",3.41981583634785,9,20,0.5
"s1","s4",4.71972693194294,9,20,0.5
"s1","s4",2.82532188452042,9,20,0.5
"s1","s4",5.99611005429773,9,20,0.5
"s1","s4",6.56149849986035,9,20,0.5
"s1","s4",3.55819309198107,9,20,0.5
"s1","s4",4.7172786651646,9,20,0.5
"s1","s4",3.01139470590748,9,20,0.5
"s1","s4",5.82721640976393,9,20,0.5
"s1","s4",4.83875640737799,9,20,0.5
"s1","s4",5.82396377800925,9,20,0.5
"s1","s4",4.30250190771573,9,20,0.5
"s1","s4",5.23395771790005,9,20,0.5
"s1","s4",7.4164563974607,9,20,0.5
"s1","s4",5.61950858016833,9,20,0.5
"s1","s4",7.39676952051478,9,20,0.5
"s1","s4",7.10281845969778,9,20,0.5
"s1","s4",4.41391972379157,9,20,0.5
"s1","s4",4.36977406645073,9,20,0.5
"s1","s4",6.03239442303532,9,20,0.5
"s1","s4",5.97678801331051,9,20,0.5
"s1","s4",6.1442245735838,9,20,0.5
"s1","s4",6.78971207520399,9,20,0.5
"s1","s4",6.63991821718868,9,20,0.5
"s1","s4",6.94803414710734,9,20,0.5
"s1","s4",4.5958004616709,9,20,0.5
"s1","s4",5.52001134610718,9,20,0.5
"s1","s4",4.67750683831271,9,20,0.5
"s1","s4",4.48390238271653,9,20,0.5
"s1","s4",3.70177143275947,9,20,0.5
"s1","s4",2.94609831584149,9,20,0.5
"s1","s4",6.21711174960422,9,20,0.5
"s1","s4",8.35120271784287,9,20,0.5
"s1","s4",5.12378428904272,9,20,0.5
"s1","s4",3.78309871921171,9,20,0.5
"s1","s4",4.39125102614343,9,20,0.5
"s1","s4",6.49506070482141,9,20,0.5
"s1","s4",6.17826153604795,9,20,0.5
"s1","s4",2.8966638171023,9,20,0.5
"s1","s4",4.01020911997611,9,20,0.5
"s1","s4",3.55069724186109,9,20,0.5
"s1","s4",4.99233130537676,9,20,0.5
"s1","s4",4.99233130537676,9,20,0.5
"s1","s4",3.86895784181473,9,20,0.5
"s1","s4",5.73605745167742,9,20,0.5
"s1","s4",4.21072533543551,9,20,0.5
"s1","s4",4.60757240556497,9,20,0.5
"s1","s4",8.48303811712725,9,20,0.5
"s1","s4",4.81502035078665,9,20,0.5
"s1","s4",4.95917121556711,9,20,0.5
"s1","s4",5.66568511347083,9,20,0.5
"s1","s4",3.3863731645562,9,20,0.5
"s1","s4",6.26820785133394,9,20,0.5
"s1","s4",4.71058157842696,9,20,0.5
"s1","s4",4.82077001085358,9,20,0.5
"s1","s4",5.12228864358186,9,20,0.5
"s1","s4",4.24291273599307,9,20,0.5
"s1","s4",4.55532327173187,9,20,0.5
"s1","s4",6.34218362302688,9,20,0.5
"s1","s4",3.14763309766149,9,20,0.5
"s1","s4",4.2584798829481,9,20,0.5
"s1","s4",7.08352603921845,9,20,0.5
"s1","s4",4.75707942999755,9,20,0.5
"s1","s4",4.24155787340177,9,20,0.5
"s1","s4",4.36977406645073,9,20,0.5
"s1","s4",3.06746647611259,9,20,0.5
"s1","s4",3.12709771341936,9,20,0.5
"s1","s4",5.7798895612261,9,20,0.5
"s1","s4",3.86895784181473,9,20,0.5
"s1","s4",4.75429055949803,9,20,0.5
"s1","s4",3.81012554749545,9,20,0.5
"s1","s4",4.48009570057883,9,20,0.5
"s1","s4",3.14952945224833,9,20,0.5
"s1","s4",5.18816629288082,9,20,0.5
"s1","s4",5.743916251421,9,20,0.5
"s1","s4",6.53398353581373,9,20,0.5
"s1","s4",4.64800192408147,9,20,0.5
"s1","s4",2.77565362071056,9,20,0.5
"s1","s4",3.41757247295936,9,20,0.5
"s1","s4",5.96157674500719,9,20,0.5
"s1","s4",2.41049523512071,9,20,0.5
"s1","s4",7.0275239918936,9,20,0.5
"s1","s4",2.66985891905043,9,20,0.5
"s1","s4",4.24291273599307,9,20,0.5
"s1","s4",6.56259344648613,9,20,0.5
"s1","s4",4.76902433800909,9,20,0.5
"s1","s4",5.89028395762856,9,20,0.5
"s1","s4",6.34516147040472,9,20,0.5
"s1","s4",6.87978397082549,9,20,0.5
"s1","s4",4.90655065811517,9,20,0.5
"s1","s4",5.82396377800925,9,20,0.5
"s1","s4",5.64356415816787,9,20,0.5
"s1","s4",4.3198389759865,9,20,0.5
"s1","s4",5.41774884384836,9,20,0.5
"s1","s4",2.81672255903961,9,20,0.5
"s1","s4",4.86150001514445,9,20,0.5
"s1","s4",6.04042026159484,9,20,0.5
"s1","s4",6.01675683732593,9,20,0.5
"s1","s4",5.1876250126928,9,20,0.5
"s1","s4",5.28257779782369,9,20,0.5
"s1","s4",3.31821039318556,9,20,0.5
"s1","s4",2.66985891905043,9,20,0.5
"s1","s4",3.42779371067355,9,20,0.5
"s1","s4",5.23395771790005,9,20,0.5
"s1","s4",6.98701468105551,9,20,0.5
"s1","s4",6.0974125090416,9,20,0.5
"s1","s4",6.692288823327,9,20,0.5
"s1","s4",4.4580653811324,9,20,0.5
"s1","s4",3.04046300630197,9,20,0.5
"s1","s4",4.64694160462773,9,20,0.5
"s1","s4",6.55124066864409,9,20,0.5
"s1","s4",6.19191723430484,9,20,0.5
"s1","s4",4.67749403068057,9,20,0.5
"s1","s4",6.81962673001779,9,20,0.5
"s1","s4",3.06814020815654,9,20,0.5
"s1","s4",3.51408780182514,9,20,0.5
"s1","s4",3.86895784181473,9,20,0.5
"s1","s4",4.22681903571429,9,20,0.5
"s1","s4",4.7687463554526,9,20,0.5
"s1","s4",4.5958004616709,9,20,0.5
"s1","s4",3.98826630185759,9,20,0.5
"s1","s4",5.82554211541385,9,20,0.5
"s1","s4",3.44866040080364,9,20,0.5
"s1","s4",6.73090884647511,9,20,0.5
"s1","s4",5.22237653492681,9,20,0.5
"s1","s4",4.21072533543551,9,20,0.5
"s1","s4",2.65893460442981,9,20,0.5
"s1","s4",2.93771767292639,9,20,0.5
"s1","s4",6.78934045502307,9,20,0.5
"s1","s4",4.21072533543551,9,20,0.5
"s1","s4",7.09977814604442,9,20,0.5
"s1","s4",4.93839081175105,9,20,0.5
"s1","s4",3.14952945224833,9,20,0.5
"s1","s4",4.89134431607268,9,20,0.5
"s1","s4",5.09047135907968,9,20,0.5
"s1","s4",5.65777580483722,9,20,0.5
"s1","s4",7.70927286594168,9,20,0.5
"s1","s4",2.78541571202772,9,20,0.5
"s1","s4",4.29745534219463,9,20,0.5
"s1","s4",4.09949581864655,9,20,0.5
"s1","s4",2.84441674014836,9,20,0.5
"s1","s4",3.30543522584814,9,20,0.5
"s1","s4",4.5958004616709,9,20,0.5
"s1","s4",5.65425377224808,9,20,0.5
"s1","s4",3.15148184958085,9,20,0.5
"s1","s4",3.71778380574145,9,20,0.5
"s1","s4",3.16109499156464,9,20,0.5
"s1","s4",2.77081525350826,9,20,0.5
"s1","s4",2.90335946270901,9,20,0.5
"s1","s4",4.99233130537676,9,20,0.5
"s1","s4",5.82396377800925,9,20,0.5
"s1","s4",3.30543522584814,9,20,0.5
"s1","s4",6.60358562940737,9,20,0.5
"s1","s4",5.69936920903529,9,20,0.5
"s1","s4",4.21072533543551,9,20,0.5
"s1","s4",3.44866040080364,9,20,0.5
"s1","s4",3.84579060047695,9,20,0.5
"s1","s4",3.95072599869073,9,20,0.5
"s1","s4",4.01844968417576,9,20,0.5
"s1","s4",4.64800192408147,9,20,0.5
"s1","s4",5.1332030470112,9,20,0.5
"s1","s4",4.8566775063879,9,20,0.5
"s1","s4",8.15954637089967,9,20,0.5
"s1","s4",4.36977406645073,9,20,0.5
"s1","s4",3.19627216403862,9,20,0.5
"s1","s4",7.29626540493307,9,20,0.5
"s1","s4",3.34112888473628,9,20,0.5
"s1","s4",4.88760074634973,9,20,0.5
"s1","s4",6.63991821718868,9,20,0.5
"s1","s4",2.76438229004164,9,20,0.5
"s1","s4",6.90061184705781,9,20,0.5
"s1","s4",5.21977006176485,9,20,0.5
"s1","s4",5.44195818591987,9,20,0.5
"s1","s4",4.35496960682262,9,20,0.5
"s1","s4",2.23616911182468,9,20,0.5
"s1","s4",5.96754197289963,9,20,0.5
"s1","s4",3.57353036208691,9,20,0.5
"s1","s4",4.99233130537676,9,20,0.5
"s1","s4",5.08224374165876,9,20,0.5
"s1","s4",5.72503300694913,9,20,0.5
"s1","s4",4.52285431224992,9,20,0.5
"s1","s4",3.12709771341936,9,20,0.5
"s1","s4",4.7687463554526,9,20,0.5
"s1","s4",3.33557044297505,9,20,0.5
"s1","s4",2.79979125164445,9,20,0.5
"s1","s4",3.81175090659979,9,20,0.5
"s1","s4",3.86895784181473,9,20,0.5
"s1","s4",5.743916251421,9,20,0.5
"s1","s4",2.84441674014836,9,20,0.5
"s1","s4",6.4014480894631,9,20,0.5
"s1","s4",4.1952084655125,9,20,0.5
"s1","s4",3.89959713293434,9,20,0.5
"s1","s4",4.63770939619654,9,20,0.5
"s1","s4",3.73101851587268,9,20,0.5
"s1","s4",3.72131141931525,9,20,0.5
"s1","s4",3.12687396512875,9,20,0.5
"s1","s4",5.70206350859127,9,20,0.5
"s1","s4",2.9438839272736,9,20,0.5
"s1","s4",3.89548112556536,9,20,0.5
"s1","s4",4.89992120802824,9,20,0.5
"s1","s4",7.14067009132662,9,20,0.5
"s1","s4",6.36070498396329,9,20,0.5
"s1","s4",3.78600825279285,9,20,0.5
"s1","s4",4.0945498773995,9,20,0.5
"s1","s4",3.5024077023469,9,20,0.5
"s1","s4",6.3561204612675,9,20,0.5
"s1","s4",5.54014847024247,9,20,0.5
"s1","s4",7.43574376013277,9,20,0.5
"s1","s4",5.81198152018561,9,20,0.5
"s1","s4",5.26772671870253,9,20,0.5
"s1","s4",2.6513011262416,9,20,0.5
"s1","s4",3.86895784181473,9,20,0.5
"s1","s4",4.22987641534063,9,20,0.5
"s1","s4",3.13198214938736,9,20,0.5
"s1","s4",4.87470536768716,9,20,0.5
"s1","s4",3.78600825279285,9,20,0.5
"s1","s4",5.72331899590645,9,20,0.5
"s1","s4",4.7687463554526,9,20,0.5
"s1","s4",3.39860237822069,9,20,0.5
"s1","s4",4.79406588352383,9,20,0.5
"s1","s4",6.45908660680607,9,20,0.5
"s1","s4",4.09949581864655,9,20,0.5
"s1","s4",3.4248829775644,9,20,0.5
"s1","s4",4.29745534219463,9,20,0.5
"s1","s4",4.64800192408147,9,20,0.5
"s1","s4",6.17016929928249,9,20,0.5
"s1","s4",3.86886061413412,9,20,0.5
"s1","s4",4.70388449168932,9,20,0.5
"s1","s4",3.88521179218708,9,20,0.5
"s1","s4",4.6086093406652,9,20,0.5
"s1","s4",3.59358411750015,9,20,0.5
"s1","s4",3.54512472204264,9,20,0.5
"s1","s4",3.84579060047695,9,20,0.5
"s1","s4",5.70737539552628,9,20,0.5
"s1","s4",8.13845723462749,9,20,0.5
"s1","s4",2.06054021805156,9,20,0.5
"s1","s4",7.53619218162053,9,20,0.5
"s1","s4",6.86854430232108,9,20,0.5
"s1","s4",7.54181733536863,9,20,0.5
"s1","s4",3.71801107856756,9,20,0.5
"s1","s4",4.7687463554526,9,20,0.5
"s1","s4",4.68795217488737,9,20,0.5
"s1","s4",6.85486490819479,9,20,0.5
"s1","s4",5.02564553013053,9,20,0.5
"s1","s4",6.17016929928249,9,20,0.5
"s1","s4",6.67451780104268,9,20,0.5
"s1","s4",2.80234989617619,9,20,0.5
"s1","s4",5.46023896451904,9,20,0.5
"s1","s4",6.94447933398964,9,20,0.5
"s1","s4",5.12228864358186,9,20,0.5
"s1","s4",6.07924590448125,9,20,0.5
"s1","s4",5.12527993450359,9,20,0.5
"s1","s4",6.10066314536309,9,20,0.5
"s1","s4",3.7602655989859,9,20,0.5
"s1","s4",4.3928498936899,9,20,0.5
"s1","s4",6.17016929928249,9,20,0.5
"s1","s4",3.30543522584814,9,20,0.5
"s1","s4",7.70927286594168,9,20,0.5
"s1","s4",4.642855660139,9,20,0.5
"s1","s4",2.77565362071056,9,20,0.5
"s1","s4",4.4032628985532,9,20,0.5
"s1","s4",4.7172786651646,9,20,0.5
"s1","s4",4.0945498773995,9,20,0.5
"s1","s4",2.72641468390708,9,20,0.5
"s1","s4",5.96157674500719,9,20,0.5
"s1","s4",4.91135465740257,9,20,0.5
"s1","s4",3.99961338747705,9,20,0.5
"s1","s4",5.48881011718411,9,20,0.5
"s1","s4",4.21614245241164,9,20,0.5
"s1","s4",4.75150168899852,9,20,0.5
"s1","s4",6.56725304162606,9,20,0.5
"s1","s4",6.77369970222202,9,20,0.5
"s1","s4",2.500252356307,9,20,0.5
"s1","s4",6.3232399657724,9,20,0.5
"s1","s4",5.23395771790005,9,20,0.5
"s1","s4",2.77165994990747,9,20,0.5
"s1","s4",3.80593183943753,9,20,0.5
"s1","s4",4.75707942999755,9,20,0.5
"s1","s4",2.77565362071056,9,20,0.5
"s1","s4",3.36432581367517,9,20,0.5
"s1","s4",3.81414890419743,9,20,0.5
"s1","s4",3.58891903597263,9,20,0.5
"s1","s4",3.6990350954377,9,20,0.5
"s1","s4",6.26820785133394,9,20,0.5
"s1","s4",2.9438839272736,9,20,0.5
"s1","s4",4.01844968417576,9,20,0.5
"s1","s4",4.36977406645073,9,20,0.5
"s1","s4",6.26593955492461,9,20,0.5
"s1","s4",5.23395771790005,9,20,0.5
"s1","s4",6.77279380726657,9,20,0.5
"s1","s4",3.87832891906413,9,20,0.5
"s1","s4",2.57011684561517,9,20,0.5
"s1","s4",5.13041417651169,9,20,0.5
"s1","s4",2.89059149881469,9,20,0.5
"s1","s4",7.1587748284574,9,20,0.5
"s1","s4",8.53698430407717,9,20,0.5
"s1","s4",4.44545733003727,9,20,0.5
"s1","s4",6.02448878563992,9,20,0.5
"s1","s4",5.12719956861799,9,20,0.5
"s1","s4",6.5277855203128,9,20,0.5
"s1","s4",3.86895784181473,9,20,0.5
"s1","s4",3.78309871921171,9,20,0.5
"s1","s4",4.84737874060503,9,20,0.5
"s1","s4",5.8399194981828,9,20,0.5
"s1","s4",6.34220690457954,9,20,0.5
"s1","s4",4.86970676405725,9,20,0.5
"s1","s4",5.88876725767939,9,20,0.5
"s1","s4",7.2802530319511,9,20,0.5
"s1","s4",2.66120367415543,9,20,0.5
"s1","s4",5.18398465583867,9,20,0.5
"s1","s4",3.24532916849231,9,20,0.5
"s1","s4",4.12244064588476,9,20,0.5
"s1","s4",5.52655053132963,9,20,0.5
"s1","s4",4.7172786651646,9,20,0.5
"s1","s4",2.8966638171023,9,20,0.5
"s1","s4",5.26374470246125,9,20,0.5
"s1","s4",6.22876849962731,9,20,0.5
"s1","s4",5.37164219096245,9,20,0.5
"s1","s4",7.33771799933518,9,20,0.5
"s1","s4",7.14677215995182,9,20,0.5
"s1","s4",4.36977406645073,9,20,0.5
"s1","s4",2.14459656326363,9,20,0.5
"s1","s4",4.01844968417576,9,20,0.5
"s1","s4",5.42386328816182,9,20,0.5
"s1","s4",6.86791892006037,9,20,0.5
"s1","s4",6.70911738489669,9,20,0.5
"s1","s4",6.51370036547723,9,20,0.5
"s1","s4",6.25365092822419,9,20,0.5
"s1","s4",5.29425056281925,9,20,0.5
"s1","s4",6.04608581467159,9,20,0.5
"s1","s4",4.8566775063879,9,20,0.5
"s1","s4",3.16109499156464,9,20,0.5
"s1","s4",4.9470131449781,9,20,0.5
"s1","s4",4.80859993659642,9,20,0.5
"s1","s4",2.92787155429163,9,20,0.5
"s1","s4",5.47727965817567,9,20,0.5
"s1","s4",3.09532182236119,9,20,0.5
"s1","s4",4.00196855577645,9,20,0.5
"s1","s4",4.7172786651646,9,20,0.5
"s1","s4",3.30543522584814,9,20,0.5
"s1","s4",7.10172401881104,9,20,0.5
"s1","s4",2.66469412968709,9,20,0.5
"s1","s4",2.66890775958513,9,20,0.5
"s1","s4",6.69199962670133,9,20,0.5
"s1","s4",4.28452794966961,9,20,0.5
"s1","s4",4.51252411222154,9,20,0.5
"s1","s4",4.5958004616709,9,20,0.5
"s1","s4",4.14999767589248,9,20,0.5
"s1","s4",3.51614093338674,9,20,0.5
"s1","s4",4.75150168899852,9,20,0.5
"s1","s4",5.38619709743695,9,20,0.5
"s1","s4",2.86042911313034,9,20,0.5
"s1","s4",4.47152865203375,9,20,0.5
"s1","s4",2.74903731690728,9,20,0.5
"s1","s4",3.80433591582049,9,20,0.5
"s1","s4",3.24454980570791,9,20,0.5
"s1","s4",4.99233130537676,9,20,0.5
"s1","s4",2.77323443710941,9,20,0.5
"s1","s4",4.73438596746752,9,20,0.5
"s1","s4",4.0945498773995,9,20,0.5
"s1","s4",5.86272471809566,9,20,0.5
"s1","s4",4.58446193087526,9,20,0.5
"s1","s4",5.96157674500719,9,20,0.5
"s1","s4",4.76090579371418,9,20,0.5
"s1","s4",4.52926650644302,9,20,0.5
"s1","s4",2.2709919049699,9,20,0.5
"s1","s4",5.12527993450359,9,20,0.5
"s1","s4",4.01844968417576,9,20,0.5
"s1","s4",3.08833820132375,9,20,0.5
"s1","s4",5.51053815834765,9,20,0.5
"s1","s4",3.52145015874788,9,20,0.5
"s1","s4",5.23395771790005,9,20,0.5
"s1","s4",3.62419194657658,9,20,0.5
"s1","s4",3.34354921626826,9,20,0.5
"s1","s4",2.7467825371409,9,20,0.5
"s1","s4",6.17016929928249,9,20,0.5
"s1","s4",3.68744744269021,9,20,0.5
"s1","s4",5.46362436464002,9,20,0.5
"s1","s4",4.42581465369853,9,20,0.5
"s1","s4",6.77369970222202,9,20,0.5
"s1","s4",5.23395771790005,9,20,0.5
"s1","s4",5.96754197289963,9,20,0.5
"s1","s4",6.0974125090416,9,20,0.5
"s1","s4",6.25362411342575,9,20,0.5
"s1","s4",4.60152832040614,9,20,0.5
"s1","s4",3.26081072013434,9,20,0.5
"s1","s4",3.86302379876014,9,20,0.5
"s1","s4",3.98826630185759,9,20,0.5
"s1","s4",5.8399194981828,9,20,0.5
"s1","s4",5.55557747325269,9,20,0.5
"s1","s4",4.28441516829867,9,20,0.5
"s1","s4",3.7602655989859,9,20,0.5
"s1","s4",4.92601112575746,9,20,0.5
"s1","s4",6.86791892006037,9,20,0.5
"s1","s4",6.17551831123368,9,20,0.5
"s1","s4",2.72315372346346,9,20,0.5
"s1","s4",5.31580765380335,9,20,0.5
"s1","s4",6.82189947576155,9,20,0.5
"s1","s4",2.3731951995066,9,20,0.5
"s1","s4",2.454466746759,9,20,0.5
"s1","s4",3.54512472204264,9,20,0.5
"s1","s4",4.0945498773995,9,20,0.5
"s1","s4",4.53680377925792,9,20,0.5
"s1","s4",4.9222391168913,9,20,0.5
"s1","s4",5.25573851597027,9,20,0.5
"s1","s4",5.23395771790005,9,20,0.5
"s1","s4",4.37182120615348,9,20,0.5
"s1","s4",3.39667719601905,9,20,0.5
"s1","s4",3.96026574561825,9,20,0.5
"s1","s4",4.47339861384119,9,20,0.5
"s1","s4",5.50932666402485,9,20,0.5
"s1","s4",4.46543245544022,9,20,0.5
"s1","s4",5.72331899590645,9,20,0.5
"s1","s4",8.17598954409755,9,20,0.5
"s1","s4",4.14286082202611,9,20,0.5
"s1","s4",4.3527724835111,9,20,0.5
"s1","s4",2.83135674899739,9,20,0.5
"s1","s4",3.20676610777338,9,20,0.5
"s1","s4",5.70744266377386,9,20,0.5
"s1","s4",7.43566424615638,9,20,0.5
"s1","s4",3.54512472204264,9,20,0.5
"s1","s4",6.63017902677039,9,20,0.5
"s1","s4",7.52387431348317,9,20,0.5
"s1","s4",7.22151878244244,9,20,0.5
"s1","s4",3.41757247295936,9,20,0.5
"s1","s4",2.98857249880769,9,20,0.5
"s1","s4",3.481348597501,9,20,0.5
"s1","s4",4.63770939619654,9,20,0.5
"s1","s4",2.18703580589293,9,20,0.5
"s1","s4",5.13356582851621,9,20,0.5
"s1","s4",3.13198214938736,9,20,0.5
"s1","s4",5.95152959991765,9,20,0.5
"s1","s4",4.75150168899852,9,20,0.5
"s1","s4",7.1587748284574,9,20,0.5
"s1","s4",6.25362411342575,9,20,0.5
"s1","s4",4.72834926516999,9,20,0.5
"s1","s4",3.11893382678604,9,20,0.5
"s1","s4",4.68795217488737,9,20,0.5
"s1","s4",4.0945498773995,9,20,0.5
"s1","s4",5.53309433045101,9,20,0.5
"s1","s4",4.6750182586483,9,20,0.5
"s1","s5",3.84110294851205,9,20,0.5
"s1","s5",4.38862440480457,9,20,0.5
"s1","s5",4.57168666455271,9,20,0.5
"s1","s5",4.5692289142483,9,20,0.5
"s1","s5",5.62171477918556,9,20,0.5
"s1","s5",3.58967885850527,9,20,0.5
"s1","s5",3.09078505916723,9,20,0.5
"s1","s5",4.66204734377451,9,20,0.5
"s1","s5",4.87801593881101,9,20,0.5
"s1","s5",3.92184304413898,9,20,0.5
"s1","s5",4.74736567058769,9,20,0.5
"s1","s5",5.145803897634,9,20,0.5
"s1","s5",5.40579892100333,9,20,0.5
"s1","s5",2.50132773736938,9,20,0.5
"s1","s5",3.00155284165919,9,20,0.5
"s1","s5",3.84110294851205,9,20,0.5
"s1","s5",3.62441415393504,9,20,0.5
"s1","s5",4.8226668973219,9,20,0.5
"s1","s5",2.42568597467442,9,20,0.5
"s1","s5",3.31113879207584,9,20,0.5
"s1","s5",2.94851800712443,9,20,0.5
"s1","s5",5.14555321259567,9,20,0.5
"s1","s5",3.70796617630267,9,20,0.5
"s1","s5",4.12420507708027,9,20,0.5
"s1","s5",4.22874225186098,9,20,0.5
"s1","s5",3.21476214203099,9,20,0.5
"s1","s5",5.61236241140714,9,20,0.5
"s1","s5",4.09516613147806,9,20,0.5
"s1","s5",5.18622876258964,9,20,0.5
"s1","s5",3.23078985368074,9,20,0.5
"s1","s5",4.46151231698623,9,20,0.5
"s1","s5",4.77493822253376,9,20,0.5
"s1","s5",3.82553944081448,9,20,0.5
"s1","s5",4.87801593881101,9,20,0.5
"s1","s5",4.02820524235347,9,20,0.5
"s1","s5",3.70796617630267,9,20,0.5
"s1","s5",3.55283868162014,9,20,0.5
"s1","s5",5.03145510435547,9,20,0.5
"s1","s5",4.36317521850713,9,20,0.5
"s1","s5",4.69753331334433,9,20,0.5
"s1","s5",4.16145632530394,9,20,0.5
"s1","s5",6.10251159789547,9,20,0.5
"s1","s5",5.56356503417097,9,20,0.5
"s1","s5",5.162216129555,9,20,0.5
"s1","s5",3.63903948228675,9,20,0.5
"s1","s5",4.51062437689731,9,20,0.5
"s1","s5",4.12268994884101,9,20,0.5
"s1","s5",3.68160645107089,9,20,0.5
"s1","s5",4.63540977523235,9,20,0.5
"s1","s5",3.17097036658093,9,20,0.5
"s1","s5",4.52653750598458,9,20,0.5
"s1","s5",3.95261720102153,9,20,0.5
"s1","s5",5.29992538097827,9,20,0.5
"s1","s5",6.27405306843106,9,20,0.5
"s1","s5",4.05209050836866,9,20,0.5
"s1","s5",5.22051511294652,9,20,0.5
"s1","s5",4.4055521095211,9,20,0.5
"s1","s5",4.57440996411591,9,20,0.5
"s1","s5",4.55965229833664,9,20,0.5
"s1","s5",3.95261720102153,9,20,0.5
"s1","s5",4.42817172169651,9,20,0.5
"s1","s5",4.54854935465481,9,20,0.5
"s1","s5",4.24968290043398,9,20,0.5
"s1","s5",3.40575540760714,9,20,0.5
"s1","s5",4.37912213947298,9,20,0.5
"s1","s5",4.11544302172667,9,20,0.5
"s1","s5",4.11323176442996,9,20,0.5
"s1","s5",2.48063439558407,9,20,0.5
"s1","s5",2.93226481010685,9,20,0.5
"s1","s5",4.37912213947298,9,20,0.5
"s1","s5",2.59229801120116,9,20,0.5
"s1","s5",4.06603153074271,9,20,0.5
"s1","s5",3.74513857618761,9,20,0.5
"s1","s5",6.05894504656644,9,20,0.5
"s1","s5",4.20780160328797,9,20,0.5
"s1","s5",4.69969423108089,9,20,0.5
"s1","s5",6.21989593434965,9,20,0.5
"s1","s5",3.62874226097001,9,20,0.5
"s1","s5",3.63903948228675,9,20,0.5
"s1","s5",3.04170915669901,9,20,0.5
"s1","s5",4.1037932836854,9,20,0.5
"s1","s5",4.49133395337591,9,20,0.5
"s1","s5",6.37459523018728,9,20,0.5
"s1","s5",2.94996479273623,9,20,0.5
"s1","s5",4.03089157295172,9,20,0.5
"s1","s5",2.63839963038231,9,20,0.5
"s1","s5",4.4827575879424,9,20,0.5
"s1","s5",4.53207881108668,9,20,0.5
"s1","s5",4.17434715016013,9,20,0.5
"s1","s5",4.87801593881101,9,20,0.5
"s1","s5",2.2470812076557,9,20,0.5
"s1","s5",4.4999780529497,9,20,0.5
"s1","s5",5.36572926991502,9,20,0.5
"s1","s5",3.38833249484586,9,20,0.5
"s1","s5",4.26395454576805,9,20,0.5
"s1","s5",3.26017115225128,9,20,0.5
"s1","s5",4.624122366017,9,20,0.5
"s1","s5",4.68075385250649,9,20,0.5
"s1","s5",3.44914707192509,9,20,0.5
"s1","s5",3.26613900834854,9,20,0.5
"s1","s5",4.99630325660842,9,20,0.5
"s1","s5",2.91946452298222,9,20,0.5
"s1","s5",5.04766118112213,9,20,0.5
"s1","s5",4.17769341249159,9,20,0.5
"s1","s5",5.97347720357882,9,20,0.5
"s1","s5",5.46230796166961,9,20,0.5
"s1","s5",5.08081666646227,9,20,0.5
"s1","s5",4.9640040307924,9,20,0.5
"s1","s5",5.29461752755883,9,20,0.5
"s1","s5",5.21028975872907,9,20,0.5
"s1","s5",4.3907147853626,9,20,0.5
"s1","s5",5.37514401794521,9,20,0.5
"s1","s5",3.90557995978909,9,20,0.5
"s1","s5",2.64208924130874,9,20,0.5
"s1","s5",3.66835421863634,9,20,0.5
"s1","s5",4.86463723281013,9,20,0.5
"s1","s5",3.80677306804588,9,20,0.5
"s1","s5",4.22874225186098,9,20,0.5
"s1","s5",4.40241823733512,9,20,0.5
"s1","s5",5.11140263028881,9,20,0.5
"s1","s5",4.70607592937164,9,20,0.5
"s1","s5",4.5535179507781,9,20,0.5
"s1","s5",4.50400285889857,9,20,0.5
"s1","s5",3.58976358446328,9,20,0.5
"s1","s5",4.15325317437405,9,20,0.5
"s1","s5",3.76681009745124,9,20,0.5
"s1","s5",4.54489463255737,9,20,0.5
"s1","s5",4.45079133387193,9,20,0.5
"s1","s5",5.04517841953173,9,20,0.5
"s1","s5",3.3169843029508,9,20,0.5
"s1","s5",5.18622876258964,9,20,0.5
"s1","s5",4.84862485982816,9,20,0.5
"s1","s5",4.95489456630096,9,20,0.5
"s1","s5",5.28213835485193,9,20,0.5
"s1","s5",5.36660387672529,9,20,0.5
"s1","s5",3.88096506297389,9,20,0.5
"s1","s5",4.3579439019387,9,20,0.5
"s1","s5",5.13383464236678,9,20,0.5
"s1","s5",5.65511742507451,9,20,0.5
"s1","s5",4.79215450261144,9,20,0.5
"s1","s5",4.36853302070584,9,20,0.5
"s1","s5",2.93467813075709,9,20,0.5
"s1","s5",5.59966785033641,9,20,0.5
"s1","s5",3.68512792842707,9,20,0.5
"s1","s5",4.03023401271363,9,20,0.5
"s1","s5",3.93533562629423,9,20,0.5
"s1","s5",3.55977055854525,9,20,0.5
"s1","s5",5.56356503417097,9,20,0.5
"s1","s5",4.25419123666714,9,20,0.5
"s1","s5",4.1557939757761,9,20,0.5
"s1","s5",5.16318386369707,9,20,0.5
"s1","s5",4.13907021692276,9,20,0.5
"s1","s5",4.5730647366101,9,20,0.5
"s1","s5",4.77962761070201,9,20,0.5
"s1","s5",5.12203657357138,9,20,0.5
"s1","s5",2.84513682367252,9,20,0.5
"s1","s5",4.04750147793493,9,20,0.5
"s1","s5",4.75730836287157,9,20,0.5
"s1","s5",2.52732742231853,9,20,0.5
"s1","s5",4.4055521095211,9,20,0.5
"s1","s5",4.99257898288301,9,20,0.5
"s1","s5",4.45877712625881,9,20,0.5
"s1","s5",4.06637255993429,9,20,0.5
"s1","s5",5.46456522226381,9,20,0.5
"s1","s5",3.84110294851205,9,20,0.5
"s1","s5",3.13048432237361,9,20,0.5
"s1","s5",4.52444874572797,9,20,0.5
"s1","s5",4.03023401271363,9,20,0.5
"s1","s5",4.08912843747084,9,20,0.5
"s1","s5",3.90557995978909,9,20,0.5
"s1","s5",3.52637794670301,9,20,0.5
"s1","s5",4.15785721558835,9,20,0.5
"s1","s5",5.3991001513917,9,20,0.5
"s1","s5",3.38116132533671,9,20,0.5
"s1","s5",3.7070080428778,9,20,0.5
"s1","s5",4.50400285889857,9,20,0.5
"s1","s5",3.86274174821928,9,20,0.5
"s1","s5",3.93921258070199,9,20,0.5
"s1","s5",3.41414454493215,9,20,0.5
"s1","s5",3.70043675352865,9,20,0.5
"s1","s5",5.71275680367609,9,20,0.5
"s1","s5",6.00795591888547,9,20,0.5
"s1","s5",4.99630325660842,9,20,0.5
"s1","s5",5.01607951415152,9,20,0.5
"s1","s5",4.21382517333319,9,20,0.5
"s1","s5",4.76920699745416,9,20,0.5
"s1","s5",2.46720042779746,9,20,0.5
"s1","s5",4.87801593881101,9,20,0.5
"s1","s5",6.13862121608967,9,20,0.5
"s1","s5",4.49784298321465,9,20,0.5
"s1","s5",4.37912213947298,9,20,0.5
"s1","s5",3.03897964462568,9,20,0.5
"s1","s5",4.99630325660842,9,20,0.5
"s1","s5",4.32645747573722,9,20,0.5
"s1","s5",3.47355226038109,9,20,0.5
"s1","s5",5.21028975872907,9,20,0.5
"s1","s5",4.09516613147806,9,20,0.5
"s1","s5",3.51028526534195,9,20,0.5
"s1","s5",4.34986437968225,9,20,0.5
"s1","s5",3.99343660978916,9,20,0.5
"s1","s5",3.35734093629889,9,20,0.5
"s1","s5",5.06116427277376,9,20,0.5
"s1","s5",6.553100001625,9,20,0.5
"s1","s5",4.4692355453397,9,20,0.5
"s1","s5",3.42772874217231,9,20,0.5
"s1","s5",4.14758522169522,9,20,0.5
"s1","s5",4.58765573735567,9,20,0.5
"s1","s5",4.69341489093907,9,20,0.5
"s1","s5",3.11730917485594,9,20,0.5
"s1","s5",3.85111850187882,9,20,0.5
"s1","s5",3.84110294851205,9,20,0.5
"s1","s5",4.40095997218455,9,20,0.5
"s1","s5",4.60223670727411,9,20,0.5
"s1","s5",4.3084199816623,9,20,0.5
"s1","s5",4.17834574422542,9,20,0.5
"s1","s5",4.99630325660842,9,20,0.5
"s1","s5",4.49133395337591,9,20,0.5
"s1","s5",4.78440841182096,9,20,0.5
"s1","s5",2.84541937069876,9,20,0.5
"s1","s5",4.06617726089161,9,20,0.5
"s1","s5",2.50147628641739,9,20,0.5
"s1","s5",5.00954017260119,9,20,0.5
"s1","s5",3.90344836872529,9,20,0.5
"s1","s5",4.60650308150631,9,20,0.5
"s1","s5",3.6990598738372,9,20,0.5
"s1","s5",3.90557995978909,9,20,0.5
"s1","s5",3.85013197991388,9,20,0.5
"s1","s5",4.26884695853676,9,20,0.5
"s1","s5",3.09979678687445,9,20,0.5
"s1","s5",4.06603153074271,9,20,0.5
"s1","s5",3.49136598537658,9,20,0.5
"s1","s5",5.12506285517613,9,20,0.5
"s1","s5",3.93533562629423,9,20,0.5
"s1","s5",4.46151231698623,9,20,0.5
"s1","s5",4.99630325660842,9,20,0.5
"s1","s5",4.85317929203237,9,20,0.5
"s1","s5",3.70796617630267,9,20,0.5
"s1","s5",3.99653142785349,9,20,0.5
"s1","s5",2.9371393839394,9,20,0.5
"s1","s5",4.57569885703184,9,20,0.5
"s1","s5",5.56356503417097,9,20,0.5
"s1","s5",4.30381340118634,9,20,0.5
"s1","s5",3.23078985368074,9,20,0.5
"s1","s5",3.95261720102153,9,20,0.5
"s1","s5",4.87801593881101,9,20,0.5
"s1","s5",4.84862485982816,9,20,0.5
"s1","s5",5.43592230200096,9,20,0.5
"s1","s5",4.46151231698623,9,20,0.5
"s1","s5",5.201614887711,9,20,0.5
"s1","s5",4.86912259256103,9,20,0.5
"s1","s5",4.8203896812198,9,20,0.5
"s1","s5",4.46151231698623,9,20,0.5
"s1","s5",3.95261720102153,9,20,0.5
"s1","s5",6.04642978009794,9,20,0.5
"s1","s5",3.47350989740208,9,20,0.5
"s1","s5",5.20282219759337,9,20,0.5
"s1","s5",5.27690564604248,9,20,0.5
"s1","s5",4.78763379719299,9,20,0.5
"s1","s5",3.55283868162014,9,20,0.5
"s1","s5",5.06116427277376,9,20,0.5
"s1","s5",3.69959182708843,9,20,0.5
"s1","s5",4.47866504785325,9,20,0.5
"s1","s5",5.45455289378756,9,20,0.5
"s1","s5",4.15325317437405,9,20,0.5
"s1","s5",3.1484959436551,9,20,0.5
"s1","s5",5.73939514405532,9,20,0.5
"s1","s5",3.44307069612179,9,20,0.5
"s1","s5",3.47177631579361,9,20,0.5
"s1","s5",3.36318644717385,9,20,0.5
"s1","s5",3.83699370357795,9,20,0.5
"s1","s5",3.84110294851205,9,20,0.5
"s1","s5",4.66978313096728,9,20,0.5
"s1","s5",4.20780160328797,9,20,0.5
"s1","s5",5.09530215079577,9,20,0.5
"s1","s5",4.22264970018229,9,20,0.5
"s1","s5",4.14758522169522,9,20,0.5
"s1","s5",5.3116799129408,9,20,0.5
"s1","s5",5.22079048649099,9,20,0.5
"s1","s5",5.13773176069878,9,20,0.5
"s1","s5",3.46672803646485,9,20,0.5
"s1","s5",4.42089792067346,9,20,0.5
"s1","s5",5.15659504104599,9,20,0.5
"s1","s5",3.4603466891552,9,20,0.5
"s1","s5",3.99886907772864,9,20,0.5
"s1","s5",3.69959182708843,9,20,0.5
"s1","s5",3.55977055854525,9,20,0.5
"s1","s5",4.92476643630587,9,20,0.5
"s1","s5",2.95043867146516,9,20,0.5
"s1","s5",4.46472819086259,9,20,0.5
"s1","s5",4.70607592937164,9,20,0.5
"s1","s5",3.22322781613679,9,20,0.5
"s1","s5",5.04958106100178,9,20,0.5
"s1","s5",4.24968290043398,9,20,0.5
"s1","s5",3.94118884850345,9,20,0.5
"s1","s5",5.20137665210063,9,20,0.5
"s1","s5",2.28565049304166,9,20,0.5
"s1","s5",5.38708038009466,9,20,0.5
"s1","s5",3.47647501581856,9,20,0.5
"s1","s5",4.34986437968225,9,20,0.5
"s1","s5",3.5338449108092,9,20,0.5
"s1","s5",4.34986437968225,9,20,0.5
"s1","s5",4.06617726089161,9,20,0.5
"s1","s5",3.03502289036477,9,20,0.5
"s1","s5",3.84110294851205,9,20,0.5
"s1","s5",5.77321432995072,9,20,0.5
"s1","s5",2.93371793085656,9,20,0.5
"s1","s5",2.91946452298222,9,20,0.5
"s1","s5",4.03802167846957,9,20,0.5
"s1","s5",3.36252044475958,9,20,0.5
"s1","s5",4.91139787636379,9,20,0.5
"s1","s5",5.47041073313876,9,20,0.5
"s1","s5",3.55977055854525,9,20,0.5
"s1","s5",4.32645747573722,9,20,0.5
"s1","s5",3.76983332936262,9,20,0.5
"s1","s5",6.08552580442282,9,20,0.5
"s1","s5",4.85317929203237,9,20,0.5
"s1","s5",3.80449399169685,9,20,0.5
"s1","s5",5.56356503417097,9,20,0.5
"s1","s5",4.71661978806605,9,20,0.5
"s1","s5",5.32310603036501,9,20,0.5
"s1","s5",3.21566577859283,9,20,0.5
"s1","s5",4.20280720181959,9,20,0.5
"s1","s5",2.65462014886461,9,20,0.5
"s1","s5",4.94143102957763,9,20,0.5
"s1","s5",3.91827193212899,9,20,0.5
"s1","s5",3.73739568002174,9,20,0.5
"s1","s5",4.61282424253193,9,20,0.5
"s1","s5",5.85498768521601,9,20,0.5
"s1","s5",3.95261720102153,9,20,0.5
"s1","s5",4.9640040307924,9,20,0.5
"s1","s5",4.03331106333937,9,20,0.5
"s1","s5",3.35066731263762,9,20,0.5
"s1","s5",3.62874226097001,9,20,0.5
"s1","s5",4.79883520301789,9,20,0.5
"s1","s5",4.54489463255737,9,20,0.5
"s1","s5",5.45455289378756,9,20,0.5
"s1","s5",3.10752047766888,9,20,0.5
"s1","s5",4.13724080139208,9,20,0.5
"s1","s5",5.56356503417097,9,20,0.5
"s1","s5",3.5445444750626,9,20,0.5
"s1","s5",3.85111850187882,9,20,0.5
"s1","s5",4.20780160328797,9,20,0.5
"s1","s5",4.01958414035029,9,20,0.5
"s1","s5",5.28817348353041,9,20,0.5
"s1","s5",4.04814991429173,9,20,0.5
"s1","s5",3.92513241936833,9,20,0.5
"s1","s5",4.04820563680262,9,20,0.5
"s1","s5",3.0048046480326,9,20,0.5
"s1","s5",4.87097711004749,9,20,0.5
"s1","s5",3.21495676461859,9,20,0.5
"s1","s5",4.95554379171414,9,20,0.5
"s1","s5",2.34537723892236,9,20,0.5
"s1","s5",5.1516051979105,9,20,0.5
"s1","s5",3.84110294851205,9,20,0.5
"s1","s5",4.41204643227494,9,20,0.5
"s1","s5",3.05286784671152,9,20,0.5
"s1","s5",2.91281849975669,9,20,0.5
"s1","s5",6.21780771636049,9,20,0.5
"s1","s5",4.86912259256103,9,20,0.5
"s1","s5",4.54258406467978,9,20,0.5
"s1","s5",4.87801593881101,9,20,0.5
"s1","s5",3.64224539829444,9,20,0.5
"s1","s5",4.37265961996026,9,20,0.5
"s1","s5",4.92036843022584,9,20,0.5
"s1","s5",5.21028975872907,9,20,0.5
"s1","s5",4.87801593881101,9,20,0.5
"s1","s5",4.54737396115693,9,20,0.5
"s1","s5",4.69969423108089,9,20,0.5
"s1","s5",5.31876859485598,9,20,0.5
"s1","s5",3.63389087162838,9,20,0.5
"s1","s5",3.58644219654798,9,20,0.5
"s1","s5",4.95815851991745,9,20,0.5
"s1","s5",4.47395029659647,9,20,0.5
"s1","s5",4.69969423108089,9,20,0.5
"s1","s5",5.75267977810198,9,20,0.5
"s1","s5",4.28144443527293,9,20,0.5
"s1","s5",5.056574283113,9,20,0.5
"s1","s5",4.54315298101379,9,20,0.5
"s1","s5",3.1308032149827,9,20,0.5
"s1","s5",4.95554379171414,9,20,0.5
"s1","s5",3.91270052357431,9,20,0.5
"s1","s5",4.95815851991745,9,20,0.5
"s1","s5",4.7279487522775,9,20,0.5
"s1","s5",3.61188277872071,9,20,0.5
"s1","s5",3.47350989740208,9,20,0.5
"s1","s5",3.77453456240736,9,20,0.5
"s1","s5",4.2884674699121,9,20,0.5
"s1","s5",3.56484221172662,9,20,0.5
"s1","s5",5.12944002881779,9,20,0.5
"s1","s5",3.34105305858445,9,20,0.5
"s1","s5",4.85104892736864,9,20,0.5
"s1","s5",4.69969423108089,9,20,0.5
"s1","s5",4.48949957688239,9,20,0.5
"s1","s5",3.62874226097001,9,20,0.5
"s1","s5",4.46301693337514,9,20,0.5
"s1","s5",4.20780160328797,9,20,0.5
"s1","s5",3.83605418870286,9,20,0.5
"s1","s5",4.91139787636379,9,20,0.5
"s1","s5",3.16546665839812,9,20,0.5
"s1","s5",3.55283868162014,9,20,0.5
"s1","s5",5.87199322643881,9,20,0.5
"s1","s5",3.76323773901503,9,20,0.5
"s1","s5",4.87873594811973,9,20,0.5
"s1","s5",3.16648747672439,9,20,0.5
"s1","s5",5.06116427277376,9,20,0.5
"s1","s5",3.61440153337502,9,20,0.5
"s1","s5",2.5916978260521,9,20,0.5
"s1","s5",3.92195267842333,9,20,0.5
"s1","s5",4.99630325660842,9,20,0.5
"s1","s5",5.47041073313876,9,20,0.5
"s1","s5",4.19781280035122,9,20,0.5
"s1","s5",4.72835901546259,9,20,0.5
"s1","s5",5.24058553775106,9,20,0.5
"s1","s5",3.36556442394147,9,20,0.5
"s1","s5",4.24968290043398,9,20,0.5
"s1","s5",4.50400285889857,9,20,0.5
"s1","s5",4.40095997218455,9,20,0.5
"s1","s5",5.45979502629987,9,20,0.5
"s1","s5",4.32645747573722,9,20,0.5
"s1","s5",2.70835543968463,9,20,0.5
"s1","s5",5.16084619450894,9,20,0.5
"s1","s5",5.54689430502191,9,20,0.5
"s1","s5",3.78248477178219,9,20,0.5
"s1","s5",5.08578218964308,9,20,0.5
"s1","s5",5.15406852828022,9,20,0.5
"s1","s5",4.43097338041864,9,20,0.5
"s1","s5",5.34749298919545,9,20,0.5
"s1","s5",5.08578218964308,9,20,0.5
"s1","s5",4.2735033850602,9,20,0.5
"s1","s5",3.80677306804588,9,20,0.5
"s1","s5",5.59419253769211,9,20,0.5
"s1","s5",4.85966357977424,9,20,0.5
"s1","s5",2.76731740940452,9,20,0.5
"s1","s5",3.25146616096437,9,20,0.5
"s1","s5",4.87801593881101,9,20,0.5
"s1","s5",4.92920427774056,9,20,0.5
"s1","s5",3.45118396942225,9,20,0.5
"s1","s5",3.22813191213625,9,20,0.5
"s1","s5",3.63221701940753,9,20,0.5
"s1","s5",4.42889359366311,9,20,0.5
"s1","s5",4.08422382269262,9,20,0.5
"s1","s5",5.13435671558595,9,20,0.5
"s1","s5",5.20595232322004,9,20,0.5
"s1","s5",4.06504308769509,9,20,0.5
"s1","s5",5.28268116540938,9,20,0.5
"s1","s5",4.88877492806262,9,20,0.5
"s1","s5",6.09564245996966,9,20,0.5
"s1","s5",3.14365946989128,9,20,0.5
"s1","s5",4.99630325660842,9,20,0.5
"s1","s5",4.28523621015574,9,20,0.5
"s1","s5",3.2971619782742,9,20,0.5
"s1","s5",5.13435671558595,9,20,0.5
"s1","s5",5.72748268342357,9,20,0.5
"s1","s5",4.13724080139208,9,20,0.5
"s1","s5",4.9640040307924,9,20,0.5
"s1","s5",3.48349161327614,9,20,0.5
"s1","s5",4.95554379171414,9,20,0.5
"s1","s5",4.13571991197528,9,20,0.5
"s1","s5",2.36201125937478,9,20,0.5
"s1","s5",4.14758522169522,9,20,0.5
"s1","s5",4.89422887960993,9,20,0.5
"s1","s5",3.10864315121065,9,20,0.5
"s1","s5",4.14758522169522,9,20,0.5
"s1","s5",3.95261720102153,9,20,0.5
"s1","s5",4.4692355453397,9,20,0.5
"s1","s5",6.27178088186979,9,20,0.5
"s1","s5",5.00174593593719,9,20,0.5
"s1","s5",4.1810883437757,9,20,0.5
"s1","s5",4.16096618592768,9,20,0.5
"s1","s5",4.14758522169522,9,20,0.5
"s1","s5",3.97609334556848,9,20,0.5
"s1","s5",3.96282884299334,9,20,0.5
"s1","s5",3.75597628243247,9,20,0.5
"s1","s5",3.21476214203099,9,20,0.5
"s1","s5",3.21055891061413,9,20,0.5
"s1","s5",2.43394136884961,9,20,0.5
"s1","s5",4.87801593881101,9,20,0.5
"s1","s5",5.04766118112213,9,20,0.5
"s1","s5",3.33459390850112,9,20,0.5
"s1","s5",5.14104262937078,9,20,0.5
"s1","s5",4.60709275523157,9,20,0.5
"s1","s5",3.07867922449421,9,20,0.5
"s1","s5",4.95554379171414,9,20,0.5
"s1","s5",3.63408669893615,9,20,0.5
"s1","s5",4.65746366225603,9,20,0.5
"s1","s5",2.18569321354817,9,20,0.5
"s1","s5",3.33459390850112,9,20,0.5
"s1","s5",4.64335513280963,9,20,0.5
"s1","s5",3.31260435438123,9,20,0.5
"s1","s5",4.37265961996026,9,20,0.5
"s1","s5",5.10512834764003,9,20,0.5
"s1","s5",4.96686306198909,9,20,0.5
"s1","s5",2.42617037522185,9,20,0.5
"s1","s5",3.92195267842333,9,20,0.5
"s1","s5",4.99257898288301,9,20,0.5
"s1","s5",2.64208924130874,9,20,0.5
"s1","s5",4.13907021692276,9,20,0.5
"s1","s5",5.43592230200096,9,20,0.5
"s1","s5",3.90557995978909,9,20,0.5
"s1","s5",3.92002659838242,9,20,0.5
"s1","s5",4.95554379171414,9,20,0.5
"s1","s5",4.99470928454991,9,20,0.5
"s1","s5",3.87462229899377,9,20,0.5
"s1","s5",5.14104262937078,9,20,0.5
"s1","s5",5.28817348353041,9,20,0.5
"s1","s5",5.06116427277376,9,20,0.5
"s1","s5",4.74318438799168,9,20,0.5
"s1","s5",4.99630325660842,9,20,0.5
"s1","s5",2.97359238049736,9,20,0.5
"s1","s5",3.84110294851205,9,20,0.5
"s1","s5",3.46948991847937,9,20,0.5
"s1","s5",4.37912213947298,9,20,0.5
"s1","s5",4.4203172282296,9,20,0.5
"s1","s5",5.22110021273103,9,20,0.5
"s1","s5",3.17482152299302,9,20,0.5
"s1","s5",4.79800736217938,9,20,0.5
"s1","s5",3.38207454678521,9,20,0.5
"s1","s5",4.14758522169522,9,20,0.5
"s1","s5",3.86759003235992,9,20,0.5
"s1","s5",4.51280058025312,9,20,0.5
"s1","s5",4.06603153074271,9,20,0.5
"s1","s5",4.76116863963104,9,20,0.5
"s1","s5",4.86797155516205,9,20,0.5
"s1","s5",5.02066299067861,9,20,0.5
"s1","s5",4.17434715016013,9,20,0.5
"s1","s5",4.10997186733395,9,20,0.5
"s1","s5",4.40954996251098,9,20,0.5
"s1","s5",4.96972209318577,9,20,0.5
"s1","s5",3.52838436355244,9,20,0.5
"s1","s5",4.28203964637249,9,20,0.5
"s1","s5",3.92195267842333,9,20,0.5
"s1","s5",4.03476895005928,9,20,0.5
"s1","s5",6.52929452602491,9,20,0.5
"s1","s5",5.12944002881779,9,20,0.5
"s1","s5",3.21476214203099,9,20,0.5
"s1","s5",4.88877492806262,9,20,0.5
"s1","s5",4.37912213947298,9,20,0.5
"s1","s5",3.95261720102153,9,20,0.5
"s1","s5",3.25414428283484,9,20,0.5
"s1","s5",5.24761360410863,9,20,0.5
"s1","s5",5.45455289378756,9,20,0.5
"s1","s5",5.72663414712179,9,20,0.5
"s1","s5",3.73492260474103,9,20,0.5
"s1","s5",4.86687991268558,9,20,0.5
"s1","s5",4.86912259256103,9,20,0.5
"s1","s5",4.47866504785325,9,20,0.5
"s1","s5",4.95815851991745,9,20,0.5
"s1","s5",4.22613251028267,9,20,0.5
"s1","s5",2.60738132995603,9,20,0.5
"s1","s5",3.4603466891552,9,20,0.5
"s1","s5",3.77954233909074,9,20,0.5
"s1","s5",3.09078505916723,9,20,0.5
"s1","s5",3.41116281813498,9,20,0.5
"s1","s5",3.36318644717385,9,20,0.5
"s1","s5",6.1081583344819,9,20,0.5
"s1","s5",5.36713783145422,9,20,0.5
"s1","s5",5.14104262937078,9,20,0.5
"s1","s5",5.71401504868319,9,20,0.5
"s1","s5",4.75618130123668,9,20,0.5
"s1","s5",3.32925929792652,9,20,0.5
"s1","s5",3.84716541322304,9,20,0.5
"s1","s5",4.32645747573722,9,20,0.5
"s1","s5",2.65446653792513,9,20,0.5
"s1","s5",3.5338449108092,9,20,0.5
"s1","s5",4.57440996411591,9,20,0.5
"s1","s5",5.16216776645021,9,20,0.5
"s1","s5",4.32645747573722,9,20,0.5
"s1","s5",3.70796617630267,9,20,0.5
"s1","s5",5.1055775301561,9,20,0.5
"s1","s5",4.1986340610646,9,20,0.5
"s1","s5",4.03949529144395,9,20,0.5
"s1","s5",6.27405306843106,9,20,0.5
"s1","s5",3.17934672982491,9,20,0.5
"s1","s5",4.19346185091303,9,20,0.5
"s1","s5",3.90557995978909,9,20,0.5
"s1","s5",3.64545131430213,9,20,0.5
"s1","s5",5.18622876258964,9,20,0.5
"s1","s5",3.35734093629889,9,20,0.5
"s1","s5",3.43618745646324,9,20,0.5
"s1","s5",2.74189693240789,9,20,0.5
"s1","s5",4.46151231698623,9,20,0.5
"s1","s5",5.20007396176626,9,20,0.5
"s1","s5",5.33242132625831,9,20,0.5
"s1","s5",4.85317929203237,9,20,0.5
"s1","s5",3.64545131430213,9,20,0.5
"s1","s5",3.71543326648766,9,20,0.5
"s1","s5",4.37912213947298,9,20,0.5
"s1","s5",5.26827601329865,9,20,0.5
"s1","s5",4.59045652281111,9,20,0.5
"s1","s5",4.27859721562523,9,20,0.5
"s1","s5",3.67102643761941,9,20,0.5
"s1","s5",4.84085332987084,9,20,0.5
"s1","s5",4.2771065732793,9,20,0.5
"s1","s5",6.05894504656644,9,20,0.5
"s1","s5",4.58765573735567,9,20,0.5
"s1","s5",5.31436573388945,9,20,0.5
"s1","s5",3.55977055854525,9,20,0.5
"s1","s5",4.19781280035122,9,20,0.5
"s1","s5",5.43592230200096,9,20,0.5
"s1","s5",5.26592334879638,9,20,0.5
"s1","s5",4.02445227590001,9,20,0.5
"s1","s5",3.44559292355405,9,20,0.5
"s1","s5",4.13602668004195,9,20,0.5
"s1","s5",5.7114703104416,9,20,0.5
"s1","s5",4.79204593409133,9,20,0.5
"s1","s5",4.20681008843263,9,20,0.5
"s1","s5",5.53384351377684,9,20,0.5
"s1","s5",3.21476214203099,9,20,0.5
"s1","s5",4.60595641311277,9,20,0.5
"s1","s5",4.03023401271363,9,20,0.5
"s1","s5",4.64335513280963,9,20,0.5
"s1","s5",4.57970945017987,9,20,0.5
"s1","s5",3.12233555862365,9,20,0.5
"s1","s5",5.0503721590969,9,20,0.5
"s1","s5",3.31113879207584,9,20,0.5
"s1","s5",3.17323449678777,9,20,0.5
"s1","s5",4.76116863963104,9,20,0.5
"s1","s5",3.12815641300843,9,20,0.5
"s1","s5",3.21476214203099,9,20,0.5
"s1","s5",5.49663265792652,9,20,0.5
"s1","s5",5.08081666646227,9,20,0.5
"s1","s5",4.50706508894853,9,20,0.5
"s1","s5",5.64887572328159,9,20,0.5
"s1","s5",4.85317929203237,9,20,0.5
"s1","s5",4.58917963946707,9,20,0.5
"s1","s5",2.59463412523973,9,20,0.5
"s1","s5",3.56484221172662,9,20,0.5
"s1","s5",3.36318644717385,9,20,0.5
"s1","s5",3.13397726739321,9,20,0.5
"s1","s5",4.17097549123316,9,20,0.5
"s1","s5",4.96972209318577,9,20,0.5
"s1","s5",5.8615342036817,9,20,0.5
"s1","s5",4.45995055135242,9,20,0.5
"s1","s5",5.21028975872907,9,20,0.5
"s1","s5",3.6990598738372,9,20,0.5
"s1","s5",4.70607592937164,9,20,0.5
"s1","s5",6.0968192775957,9,20,0.5
"s1","s5",4.13156697818188,9,20,0.5
"s1","s5",5.08696838050299,9,20,0.5
"s1","s5",4.77401813067073,9,20,0.5
"s1","s5",4.34053980081128,9,20,0.5
"s1","s5",4.40458918964888,9,20,0.5
"s1","s5",3.92195267842333,9,20,0.5
"s1","s5",3.88743599574331,9,20,0.5
"s1","s5",4.70607592937164,9,20,0.5
"s1","s5",3.03398023331866,9,20,0.5
"s1","s5",3.78848161871488,9,20,0.5
"s1","s5",3.96282884299334,9,20,0.5
"s1","s5",5.51594687494755,9,20,0.5
"s1","s5",3.64545131430213,9,20,0.5
"s1","s5",5.45455289378756,9,20,0.5
"s1","s5",4.64212661432164,9,20,0.5
"s1","s5",5.25730261754985,9,20,0.5
"s1","s5",5.92306576924495,9,20,0.5
"s1","s5",4.13724080139208,9,20,0.5
"s1","s5",4.29647365640309,9,20,0.5
"s1","s5",3.69959182708843,9,20,0.5
"s1","s5",5.00174593593719,9,20,0.5
"s1","s5",4.52235846350775,9,20,0.5
"s1","s5",4.72208830235361,9,20,0.5
"s1","s5",5.47041073313876,9,20,0.5
"s1","s5",5.04766118112213,9,20,0.5
"s1","s5",2.97253934919815,9,20,0.5
"s1","s5",4.93529746084701,9,20,0.5
"s1","s5",3.33459390850112,9,20,0.5
"s1","s5",4.47866504785325,9,20,0.5
"s1","s5",4.0202350961886,9,20,0.5
"s1","s5",4.4055521095211,9,20,0.5
"s1","s5",5.2140455576233,9,20,0.5
"s1","s5",4.13724080139208,9,20,0.5
"s1","s5",3.73160946363527,9,20,0.5
"s1","s5",4.36449325957761,9,20,0.5
"s1","s5",4.03023401271363,9,20,0.5
"s1","s5",5.16216776645021,9,20,0.5
"s1","s5",3.99130106361069,9,20,0.5
"s1","s5",3.87299392738612,9,20,0.5
"s1","s5",4.47866504785325,9,20,0.5
"s1","s5",3.63903948228675,9,20,0.5
"s1","s5",3.86893999131077,9,20,0.5
"s1","s5",3.39747029882816,9,20,0.5
"s1","s5",4.60650308150631,9,20,0.5
"s1","s5",4.06617726089161,9,20,0.5
"s1","s5",3.79753811222013,9,20,0.5
"s1","s5",4.60650308150631,9,20,0.5
"s1","s5",5.51594687494755,9,20,0.5
"s1","s5",3.60194084700669,9,20,0.5
"s1","s5",3.61128213136995,9,20,0.5
"s1","s5",4.16145632530394,9,20,0.5
"s1","s5",4.4692355453397,9,20,0.5
"s1","s5",4.13724080139208,9,20,0.5
"s1","s5",4.61394015924663,9,20,0.5
"s1","s5",6.20601729503181,9,20,0.5
"s1","s5",3.63408669893615,9,20,0.5
"s1","s5",4.21382517333319,9,20,0.5
"s1","s5",5.43592230200096,9,20,0.5
"s1","s5",3.60194084700669,9,20,0.5
"s1","s5",5.02945730927862,9,20,0.5
"s1","s5",2.90327898229012,9,20,0.5
"s1","s5",6.08552580442282,9,20,0.5
"s1","s5",3.14365946989128,9,20,0.5
"s1","s5",5.79601590342129,9,20,0.5
"s1","s5",3.23428558794717,9,20,0.5
"s1","s5",2.50132773736938,9,20,0.5
"s1","s5",3.31113879207584,9,20,0.5
"s1","s5",3.63903948228675,9,20,0.5
"s1","s5",3.63960047970266,9,20,0.5
"s1","s5",4.09516613147806,9,20,0.5
"s1","s5",4.52235846350775,9,20,0.5
"s1","s5",4.20780160328797,9,20,0.5
"s1","s5",3.92195267842333,9,20,0.5
"s1","s5",2.9371393839394,9,20,0.5
"s1","s5",3.85111850187882,9,20,0.5
"s1","s5",3.83463674750019,9,20,0.5
"s1","s5",3.18722466178601,9,20,0.5
"s1","s5",4.1037932836854,9,20,0.5
"s1","s5",5.00122213067026,9,20,0.5
"s1","s5",4.9817740148627,9,20,0.5
"s1","s5",5.62922338778001,9,20,0.5
"s1","s5",4.3579439019387,9,20,0.5
"s1","s5",4.68075385250649,9,20,0.5
"s1","s5",4.01721182601995,9,20,0.5
"s1","s5",5.15805583491332,9,20,0.5
"s1","s5",2.79273788640116,9,20,0.5
"s1","s5",4.1460127129903,9,20,0.5
"s1","s5",5.35704494821909,9,20,0.5
"s1","s5",4.84862485982816,9,20,0.5
"s1","s5",4.12018934045142,9,20,0.5
"s1","s5",3.13397726739321,9,20,0.5
"s1","s5",5.21425064244198,9,20,0.5
"s1","s5",3.61435917039601,9,20,0.5
"s1","s5",4.85473896336693,9,20,0.5
"s1","s5",6.57690547722509,9,20,0.5
"s1","s5",4.71379462807414,9,20,0.5
"s1","s5",3.41414454493215,9,20,0.5
"s1","s5",3.78848161871488,9,20,0.5
"s1","s5",3.93566848061284,9,20,0.5
"s1","s5",4.1460125926961,9,20,0.5
"s1","s5",5.08578218964308,9,20,0.5
"s1","s5",3.69932585046281,9,20,0.5
"s1","s5",5.46456522226381,9,20,0.5
"s1","s5",3.63408669893615,9,20,0.5
"s1","s5",5.08451003711891,9,20,0.5
"s1","s5",5.26592334879638,9,20,0.5
"s1","s5",4.4692355453397,9,20,0.5
"s1","s5",3.74513857618761,9,20,0.5
"s1","s5",3.48078682649076,9,20,0.5
"s1","s5",4.34986437968225,9,20,0.5
"s1","s5",5.33363508051959,9,20,0.5
"s1","s5",5.16216776645021,9,20,0.5
"s1","s5",3.56176188465724,9,20,0.5
"s1","s5",6.08246265611818,9,20,0.5
"s1","s5",4.57440996411591,9,20,0.5
"s1","s5",5.03958004542003,9,20,0.5
"s1","s5",3.51005862385022,9,20,0.5
"s1","s5",3.64436936617123,9,20,0.5
"s1","s5",4.99630325660842,9,20,0.5
"s1","s5",4.50400285889857,9,20,0.5
"s1","s5",3.78848161871488,9,20,0.5
"s1","s5",2.5916978260521,9,20,0.5
"s1","s5",2.9371393839394,9,20,0.5
"s1","s5",6.09117254100926,9,20,0.5
"s1","s5",3.62874226097001,9,20,0.5
"s1","s5",3.72912620320564,9,20,0.5
"s1","s5",5.93275571433982,9,20,0.5
"s1","s5",4.03023401271363,9,20,0.5
"s1","s5",4.60595641311277,9,20,0.5
"s1","s5",4.60650308150631,9,20,0.5
"s1","s5",2.92913282119039,9,20,0.5
"s1","s5",3.06879035876621,9,20,0.5
"s1","s5",3.38380041182556,9,20,0.5
"s1","s5",3.13397726739321,9,20,0.5
"s1","s5",4.26884695853676,9,20,0.5
"s1","s5",4.06205818107769,9,20,0.5
"s1","s5",3.40040818834221,9,20,0.5
"s1","s5",3.87968010795964,9,20,0.5
"s1","s5",4.77962761070201,9,20,0.5
"s1","s5",2.64888651551219,9,20,0.5
"s1","s5",5.50905896397926,9,20,0.5
"s1","s5",3.96790698625136,9,20,0.5
"s1","s5",3.49980956844702,9,20,0.5
"s1","s5",4.23086859281205,9,20,0.5
"s1","s5",2.25444388737005,9,20,0.5
"s1","s5",4.47866504785325,9,20,0.5
"s1","s5",5.07988670381422,9,20,0.5
"s1","s5",3.84110294851205,9,20,0.5
"s1","s5",3.1308032149827,9,20,0.5
"s1","s5",4.30841038351746,9,20,0.5
"s1","s5",4.05027589963649,9,20,0.5
"s1","s5",4.3084199816623,9,20,0.5
"s1","s5",4.34986437968225,9,20,0.5
"s1","s5",3.80903436675091,9,20,0.5
"s1","s5",4.60595641311277,9,20,0.5
"s1","s5",4.72956785257257,9,20,0.5
"s1","s5",4.19781280035122,9,20,0.5
"s1","s5",3.88743599574331,9,20,0.5
"s1","s5",5.3793317082989,9,20,0.5
"s1","s5",3.79879374527364,9,20,0.5
"s1","s5",4.1579300806628,9,20,0.5
"s1","s5",3.77535516448363,9,20,0.5
"s1","s5",3.99399210458302,9,20,0.5
"s1","s5",4.87801593881101,9,20,0.5
"s1","s5",3.86322333506009,9,20,0.5
"s1","s5",4.24872480068874,9,20,0.5
"s1","s5",6.20772900073849,9,20,0.5
"s1","s5",3.49374965035878,9,20,0.5
"s1","s5",4.85317929203237,9,20,0.5
"s1","s5",3.74513857618761,9,20,0.5
"s1","s5",3.34369248846642,9,20,0.5
"s1","s5",4.20780160328797,9,20,0.5
"s1","s5",4.13571991197528,9,20,0.5
"s1","s5",3.16182475769271,9,20,0.5
"s1","s5",4.40095997218455,9,20,0.5
"s1","s5",5.43592230200096,9,20,0.5
"s1","s5",3.47470696770847,9,20,0.5
"s1","s5",3.91736400220524,9,20,0.5
"s1","s5",4.68075385250649,9,20,0.5
"s1","s5",4.88339543343682,9,20,0.5
"s1","s5",3.33459390850112,9,20,0.5
"s1","s5",5.16216776645021,9,20,0.5
"s1","s5",4.98397110778521,9,20,0.5
"s1","s5",4.29439475478791,9,20,0.5
"s1","s5",4.85890826242125,9,20,0.5
"s1","s5",3.77407367784325,9,20,0.5
"s1","s5",4.74911521599154,9,20,0.5
"s1","s5",2.74186265073743,9,20,0.5
"s1","s5",4.40095997218455,9,20,0.5
"s1","s5",4.64212661432164,9,20,0.5
"s1","s5",4.46537393116296,9,20,0.5
"s1","s5",4.8516454435477,9,20,0.5
"s1","s5",3.96282884299334,9,20,0.5
"s1","s5",4.08422382269262,9,20,0.5
"s1","s5",4.2880701880856,9,20,0.5
"s1","s5",4.1037932836854,9,20,0.5
"s1","s5",4.20780160328797,9,20,0.5
"s1","s5",5.21953670624634,9,20,0.5
"s1","s5",4.48958135073329,9,20,0.5
"s1","s5",5.68504140631117,9,20,0.5
"s1","s5",4.21616531415034,9,20,0.5
"s1","s5",4.73043143535596,9,20,0.5
"s1","s5",6.48097389580875,9,20,0.5
"s1","s5",4.85317929203237,9,20,0.5
"s1","s5",3.6990598738372,9,20,0.5
"s1","s5",3.85521714856911,9,20,0.5
"s1","s5",3.72912620320564,9,20,0.5
"s1","s5",3.31260435438123,9,20,0.5
"s1","s5",2.56795661148072,9,20,0.5
"s1","s5",4.20780160328797,9,20,0.5
"s1","s5",4.95717178240306,9,20,0.5
"s1","s5",3.2997239258174,9,20,0.5
"s1","s5",4.47866504785325,9,20,0.5
"s1","s5",3.32255278012104,9,20,0.5
"s1","s5",4.03023401271363,9,20,0.5
"s1","s5",5.00978369565296,9,20,0.5
"s1","s5",3.84110294851205,9,20,0.5
"s1","s5",3.56176188465724,9,20,0.5
"s1","s5",3.52164215777742,9,20,0.5
"s1","s5",4.9194223428734,9,20,0.5
"s1","s5",5.29098394852917,9,20,0.5
"s1","s5",3.45508980895952,9,20,0.5
"s1","s5",4.37265961996026,9,20,0.5
"s1","s5",5.79601590342129,9,20,0.5
"s1","s5",4.4055521095211,9,20,0.5
"s1","s5",4.45079133387193,9,20,0.5
"s1","s5",4.21382517333319,9,20,0.5
"s1","s5",5.35704494821909,9,20,0.5
"s1","s5",2.5638455227487,9,20,0.5
"s1","s5",3.1893576894156,9,20,0.5
"s1","s5",4.79215450261144,9,20,0.5
"s1","s5",3.90344836872529,9,20,0.5
"s1","s5",3.26498182945362,9,20,0.5
"s1","s5",4.25834336316141,9,20,0.5
"s1","s5",4.17434715016013,9,20,0.5
"s1","s5",3.55283868162014,9,20,0.5
"s1","s5",3.3169843029508,9,20,0.5
"s1","s5",4.08422382269262,9,20,0.5
"s1","s5",4.6275819083112,9,20,0.5
"s1","s5",4.69969423108089,9,20,0.5
"s1","s5",4.87801593881101,9,20,0.5
"s1","s5",3.74008803783743,9,20,0.5
"s1","s5",5.00978369565296,9,20,0.5
"s1","s5",3.95261720102153,9,20,0.5
"s1","s5",5.47041073313876,9,20,0.5
"s1","s5",4.45079133387193,9,20,0.5
"s1","s5",3.21566577859283,9,20,0.5
"s1","s5",2.95640342939747,9,20,0.5
"s1","s5",5.36713783145422,9,20,0.5
"s1","s5",3.84110294851205,9,20,0.5
"s1","s5",4.29938638626789,9,20,0.5
"s1","s5",6.20601729503181,9,20,0.5
"s1","s5",4.10688128423616,9,20,0.5
"s1","s5",3.58967885850527,9,20,0.5
"s1","s5",6.19559940593456,9,20,0.5
"s1","s5",3.49028371189622,9,20,0.5
"s1","s5",5.3851330085754,9,20,0.5
"s1","s5",3.14365946989128,9,20,0.5
"s1","s5",4.36600479262916,9,20,0.5
"s1","s5",4.03023401271363,9,20,0.5
"s1","s5",4.24838083747566,9,20,0.5
"s1","s5",3.82610451405498,9,20,0.5
"s1","s5",4.1037932836854,9,20,0.5
"s1","s5",3.43010672816656,9,20,0.5
"s1","s5",4.83080986054289,9,20,0.5
"s1","s5",2.78880041937045,9,20,0.5
"s1","s5",3.03527024763804,9,20,0.5
"s1","s5",3.88743599574331,9,20,0.5
"s1","s5",5.42360458638069,9,20,0.5
"s1","s5",5.48524988436755,9,20,0.5
"s1","s5",4.33766874515971,9,20,0.5
"s1","s5",3.70377900169555,9,20,0.5
"s1","s5",4.50400285889857,9,20,0.5
"s1","s5",4.93271292458473,9,20,0.5
"s1","s5",4.24355259053717,9,20,0.5
"s1","s5",5.13524132909428,9,20,0.5
"s1","s5",4.06603153074271,9,20,0.5
"s1","s5",3.88743599574331,9,20,0.5
"s1","s5",4.50400285889857,9,20,0.5
"s1","s5",4.19798279020413,9,20,0.5
"s1","s5",4.98287498336479,9,20,0.5
"s1","s5",3.96282884299334,9,20,0.5
"s1","s5",5.21028975872907,9,20,0.5
"s1","s5",3.59239771848924,9,20,0.5
"s1","s5",3.53816631644178,9,20,0.5
"s1","s5",4.24872480068874,9,20,0.5
"s1","s5",5.00618632719848,9,20,0.5
"s1","s5",6.13975109665592,9,20,0.5
"s1","s5",4.38594769376698,9,20,0.5
"s1","s5",3.90156615389037,9,20,0.5
"s1","s5",5.57480331428749,9,20,0.5
"s1","s5",4.03802167846957,9,20,0.5
"s1","s5",4.65540296795717,9,20,0.5
"s1","s5",4.79215450261144,9,20,0.5
"s1","s5",3.92195267842333,9,20,0.5
"s1","s5",4.39233712449704,9,20,0.5
"s1","s5",4.4055521095211,9,20,0.5
"s1","s5",5.06287164271311,9,20,0.5
"s1","s5",4.20534064921491,9,20,0.5
"s1","s5",3.92195267842333,9,20,0.5
"s1","s5",5.36605720833175,9,20,0.5
"s1","s5",5.20317283743013,9,20,0.5
"s1","s5",4.95815851991745,9,20,0.5
"s1","s5",4.45497209498798,9,20,0.5
"s1","s5",4.7501530577535,9,20,0.5
"s1","s5",5.65199657417805,9,20,0.5
"s1","s5",3.814959427363,9,20,0.5
"s1","s5",3.21566577859283,9,20,0.5
"s1","s5",4.06603153074271,9,20,0.5
"s1","s5",3.92195267842333,9,20,0.5
"s1","s5",4.26750757828228,9,20,0.5
"s1","s5",4.41830447489597,9,20,0.5
"s1","s5",4.3527898076051,9,20,0.5
"s1","s5",5.43592230200096,9,20,0.5
"s1","s5",4.44695273338146,9,20,0.5
"s1","s5",3.48424657376394,9,20,0.5
"s1","s5",2.92739023627431,9,20,0.5
"s1","s5",3.62874226097001,9,20,0.5
"s1","s5",4.60650308150631,9,20,0.5
"s1","s5",3.91645974344552,9,20,0.5
"s1","s5",3.85021195165768,9,20,0.5
"s1","s5",5.201614887711,9,20,0.5
"s1","s5",4.05169638007015,9,20,0.5
"s1","s5",5.33363508051959,9,20,0.5
"s1","s5",3.47470696770847,9,20,0.5
"s1","s5",5.53968341650312,9,20,0.5
"s1","s5",4.01751060871926,9,20,0.5
"s1","s5",4.14758522169522,9,20,0.5
"s1","s5",4.45074030149036,9,20,0.5
"s1","s5",4.95815851991745,9,20,0.5
"s1","s5",3.64545131430213,9,20,0.5
"s1","s5",4.03023401271363,9,20,0.5
"s1","s5",4.39689297525202,9,20,0.5
"s1","s5",3.36318644717385,9,20,0.5
"s1","s5",3.26701022800697,9,20,0.5
"s1","s5",2.44921702828135,9,20,0.5
"s1","s5",2.7416546429645,9,20,0.5
"s1","s5",5.47041073313876,9,20,0.5
"s1","s5",2.22897229177461,9,20,0.5
"s1","s5",3.03218871983229,9,20,0.5
"s1","s5",4.3084199816623,9,20,0.5
"s1","s5",4.17434715016013,9,20,0.5
"s1","s5",4.76696657226943,9,20,0.5
"s1","s5",4.18782953739128,9,20,0.5
"s1","s5",5.08081666646227,9,20,0.5
"s1","s5",5.45455289378756,9,20,0.5
"s1","s5",4.9830126748971,9,20,0.5
"s1","s5",4.99630325660842,9,20,0.5
"s1","s5",4.43833123942941,9,20,0.5
"s1","s5",5.68504140631117,9,20,0.5
"s1","s5",4.3579439019387,9,20,0.5
"s1","s5",3.36373728075419,9,20,0.5
"s1","s5",4.24968290043398,9,20,0.5
"s1","s5",4.50706508894853,9,20,0.5
"s1","s5",4.42417884240634,9,20,0.5
"s1","s5",4.37770824460168,9,20,0.5
"s1","s5",3.95261720102153,9,20,0.5
"s1","s5",5.31436573388945,9,20,0.5
"s1","s5",5.25730261754985,9,20,0.5
"s1","s5",6.02649115616962,9,20,0.5
"s1","s5",3.63903948228675,9,20,0.5
"s1","s5",4.9437780557061,9,20,0.5
"s2","s1",4.58968037335891,9,20,0.5
"s2","s1",5.18630759131329,9,20,0.5
"s2","s1",3.28074388614753,9,20,0.5
"s2","s1",3.80167696278162,9,20,0.5
"s2","s1",3.79108836128638,9,20,0.5
"s2","s1",4.40264301688162,9,20,0.5
"s2","s1",3.99455847815308,9,20,0.5
"s2","s1",4.55920748516699,9,20,0.5
"s2","s1",3.67819670528205,9,20,0.5
"s2","s1",5.73583617394143,9,20,0.5
"s2","s1",5.20658885834126,9,20,0.5
"s2","s1",4.56314645876114,9,20,0.5
"s2","s1",4.36572919481739,9,20,0.5
"s2","s1",4.57490155245961,9,20,0.5
"s2","s1",3.8625940832794,9,20,0.5
"s2","s1",3.5495252949426,9,20,0.5
"s2","s1",5.1459670680345,9,20,0.5
"s2","s1",3.10528450810979,9,20,0.5
"s2","s1",6.1001961576076,9,20,0.5
"s2","s1",6.36326187039642,9,20,0.5
"s2","s1",5.00711657050428,9,20,0.5
"s2","s1",6.84528610100941,9,20,0.5
"s2","s1",4.56892562808568,9,20,0.5
"s2","s1",4.8805382113655,9,20,0.5
"s2","s1",3.72462668124041,9,20,0.5
"s2","s1",4.36929760868886,9,20,0.5
"s2","s1",4.4580196190779,9,20,0.5
"s2","s1",4.99219983185637,9,20,0.5
"s2","s1",3.43276350421851,9,20,0.5
"s2","s1",4.29047466616378,9,20,0.5
"s2","s1",4.82758153023086,9,20,0.5
"s2","s1",5.73609356038671,9,20,0.5
"s2","s1",3.81624363094049,9,20,0.5
"s2","s1",4.7252519011645,9,20,0.5
"s2","s1",5.4532135988418,9,20,0.5
"s2","s1",4.01014006287317,9,20,0.5
"s2","s1",3.56682183575168,9,20,0.5
"s2","s1",3.79221315999799,9,20,0.5
"s2","s1",5.27212028529525,9,20,0.5
"s2","s1",4.05294015954614,9,20,0.5
"s2","s1",2.95327617418304,9,20,0.5
"s2","s1",2.9929791050521,9,20,0.5
"s2","s1",7.08736970308259,9,20,0.5
"s2","s1",4.99219983185637,9,20,0.5
"s2","s1",5.49073270078453,9,20,0.5
"s2","s1",5.16806393015007,9,20,0.5
"s2","s1",4.56436302570435,9,20,0.5
"s2","s1",3.29932908549763,9,20,0.5
"s2","s1",4.56436302570435,9,20,0.5
"s2","s1",3.8625940832794,9,20,0.5
"s2","s1",4.47639015582484,9,20,0.5
"s2","s1",4.07385444714201,9,20,0.5
"s2","s1",3.39903635361788,9,20,0.5
"s2","s1",4.85886125081413,9,20,0.5
"s2","s1",4.92356539323843,9,20,0.5
"s2","s1",3.63900740422214,9,20,0.5
"s2","s1",3.92946913530298,9,20,0.5
"s2","s1",5.23745958823373,9,20,0.5
"s2","s1",4.96284736217826,9,20,0.5
"s2","s1",4.14248888575995,9,20,0.5
"s2","s1",3.57943390080874,9,20,0.5
"s2","s1",4.12581244271718,9,20,0.5
"s2","s1",6.5313386926487,9,20,0.5
"s2","s1",3.18080991534906,9,20,0.5
"s2","s1",6.31069383630934,9,20,0.5
"s2","s1",3.80035044125061,9,20,0.5
"s2","s1",3.58508762039975,9,20,0.5
"s2","s1",3.39097173588199,9,20,0.5
"s2","s1",4.10502894424258,9,20,0.5
"s2","s1",4.14890289410332,9,20,0.5
"s2","s1",4.17015468702049,9,20,0.5
"s2","s1",5.66972882891561,9,20,0.5
"s2","s1",3.20765976813155,9,20,0.5
"s2","s1",3.75228036615594,9,20,0.5
"s2","s1",4.40754976993887,9,20,0.5
"s2","s1",4.74301469071088,9,20,0.5
"s2","s1",5.7588036276355,9,20,0.5
"s2","s1",3.17186927105094,9,20,0.5
"s2","s1",4.74301469071088,9,20,0.5
"s2","s1",5.10754548219689,9,20,0.5
"s2","s1",4.88809997818405,9,20,0.5
"s2","s1",3.63900740422214,9,20,0.5
"s2","s1",5.04178023329204,9,20,0.5
"s2","s1",4.66605430636356,9,20,0.5
"s2","s1",3.2976884487139,9,20,0.5
"s2","s1",4.25166648203231,9,20,0.5
"s2","s1",4.92356539323843,9,20,0.5
"s2","s1",4.56314645876114,9,20,0.5
"s2","s1",6.43189630901436,9,20,0.5
"s2","s1",4.05533109082855,9,20,0.5
"s2","s1",3.27526536721288,9,20,0.5
"s2","s1",4.94414176390937,9,20,0.5
"s2","s1",4.71721321522011,9,20,0.5
"s2","s1",2.95469994341923,9,20,0.5
"s2","s1",2.38302335525753,9,20,0.5
"s2","s1",4.74741392133217,9,20,0.5
"s2","s1",3.51272784381013,9,20,0.5
"s2","s1",5.3300296798594,9,20,0.5
"s2","s1",4.22079063206955,9,20,0.5
"s2","s1",4.30324731005356,9,20,0.5
"s2","s1",3.06320910360283,9,20,0.5
"s2","s1",2.90036687299445,9,20,0.5
"s2","s1",4.77715705173032,9,20,0.5
"s2","s1",5.70143286332519,9,20,0.5
"s2","s1",4.56314645876114,9,20,0.5
"s2","s1",3.14005416905022,9,20,0.5
"s2","s1",3.07315724228654,9,20,0.5
"s2","s1",4.33612272322541,9,20,0.5
"s2","s1",4.52104593474097,9,20,0.5
"s2","s1",4.4524331550582,9,20,0.5
"s2","s1",4.31179361060861,9,20,0.5
"s2","s1",3.65336563544068,9,20,0.5
"s2","s1",5.16806393015007,9,20,0.5
"s2","s1",4.48391261464933,9,20,0.5
"s2","s1",3.74719613688751,9,20,0.5
"s2","s1",3.65495718469301,9,20,0.5
"s2","s1",3.17357825113422,9,20,0.5
"s2","s1",3.38797038827523,9,20,0.5
"s2","s1",5.69874963159801,9,20,0.5
"s2","s1",4.43043119763414,9,20,0.5
"s2","s1",5.49073270078453,9,20,0.5
"s2","s1",5.59767273952152,9,20,0.5
"s2","s1",3.49006804186278,9,20,0.5
"s2","s1",4.82150912514295,9,20,0.5
"s2","s1",3.77443654983457,9,20,0.5
"s2","s1",4.60141017958902,9,20,0.5
"s2","s1",3.49006804186278,9,20,0.5
"s2","s1",3.82475783142305,9,20,0.5
"s2","s1",5.51051376440764,9,20,0.5
"s2","s1",5.15999507334566,9,20,0.5
"s2","s1",4.91847294446884,9,20,0.5
"s2","s1",3.51272784381013,9,20,0.5
"s2","s1",6.03978476746948,9,20,0.5
"s2","s1",3.42678889994433,9,20,0.5
"s2","s1",4.3560728428883,9,20,0.5
"s2","s1",4.21451268061611,9,20,0.5
"s2","s1",4.06865076431766,9,20,0.5
"s2","s1",5.2935788052852,9,20,0.5
"s2","s1",4.70303448365546,9,20,0.5
"s2","s1",2.4551035085134,9,20,0.5
"s2","s1",4.82758153023086,9,20,0.5
"s2","s1",3.08978214100089,9,20,0.5
"s2","s1",4.61837110127686,9,20,0.5
"s2","s1",4.21728082028664,9,20,0.5
"s2","s1",4.15995503182086,9,20,0.5
"s2","s1",4.58968037335891,9,20,0.5
"s2","s1",3.75228036615594,9,20,0.5
"s2","s1",4.71692701541826,9,20,0.5
"s2","s1",4.50187982366234,9,20,0.5
"s2","s1",4.54674162946694,9,20,0.5
"s2","s1",3.38797038827523,9,20,0.5
"s2","s1",3.82184774698361,9,20,0.5
"s2","s1",3.41069969048614,9,20,0.5
"s2","s1",5.9857869166607,9,20,0.5
"s2","s1",4.12519878141882,9,20,0.5
"s2","s1",5.61458846212616,9,20,0.5
"s2","s1",4.17742117788177,9,20,0.5
"s2","s1",4.46317867730048,9,20,0.5
"s2","s1",4.24543852578702,9,20,0.5
"s2","s1",4.74832067563064,9,20,0.5
"s2","s1",3.99481264287536,9,20,0.5
"s2","s1",2.69877584646989,9,20,0.5
"s2","s1",3.66329803435378,9,20,0.5
"s2","s1",3.2590878959581,9,20,0.5
"s2","s1",5.11499299578846,9,20,0.5
"s2","s1",4.52104593474097,9,20,0.5
"s2","s1",3.33578381516606,9,20,0.5
"s2","s1",3.21745359246266,9,20,0.5
"s2","s1",4.5452145393212,9,20,0.5
"s2","s1",4.44676862126375,9,20,0.5
"s2","s1",3.43303112668995,9,20,0.5
"s2","s1",4.61387287700384,9,20,0.5
"s2","s1",4.54674162946694,9,20,0.5
"s2","s1",4.55679652094627,9,20,0.5
"s2","s1",4.88586164707012,9,20,0.5
"s2","s1",4.5667328406448,9,20,0.5
"s2","s1",3.92592403953515,9,20,0.5
"s2","s1",5.73836326753354,9,20,0.5
"s2","s1",4.95435808127993,9,20,0.5
"s2","s1",3.97290757947149,9,20,0.5
"s2","s1",3.75228036615594,9,20,0.5
"s2","s1",4.96284736217826,9,20,0.5
"s2","s1",4.06285615900594,9,20,0.5
"s2","s1",4.37814485593974,9,20,0.5
"s2","s1",5.47243562029012,9,20,0.5
"s2","s1",3.02817703946944,9,20,0.5
"s2","s1",5.12178083980297,9,20,0.5
"s2","s1",5.56721001834168,9,20,0.5
"s2","s1",4.46510853657836,9,20,0.5
"s2","s1",3.32274778048354,9,20,0.5
"s2","s1",6.45082960979434,9,20,0.5
"s2","s1",3.79108836128638,9,20,0.5
"s2","s1",3.97988083889658,9,20,0.5
"s2","s1",4.6871615798489,9,20,0.5
"s2","s1",4.24543852578702,9,20,0.5
"s2","s1",5.35880141307688,9,20,0.5
"s2","s1",4.44676862126375,9,20,0.5
"s2","s1",3.6062113982363,9,20,0.5
"s2","s1",4.33551080654054,9,20,0.5
"s2","s1",4.79983216459158,9,20,0.5
"s2","s1",3.70703224543117,9,20,0.5
"s2","s1",3.42143360324484,9,20,0.5
"s2","s1",4.40428802678694,9,20,0.5
"s2","s1",3.77645283266751,9,20,0.5
"s2","s1",3.47086556591592,9,20,0.5
"s2","s1",3.86440581591751,9,20,0.5
"s2","s1",3.61027311892985,9,20,0.5
"s2","s1",4.07385444714201,9,20,0.5
"s2","s1",5.20160294607131,9,20,0.5
"s2","s1",2.4541391551768,9,20,0.5
"s2","s1",5.13377027777127,9,20,0.5
"s2","s1",4.33551080654054,9,20,0.5
"s2","s1",4.87297644454696,9,20,0.5
"s2","s1",4.71742080382549,9,20,0.5
"s2","s1",4.51316518140207,9,20,0.5
"s2","s1",4.37369427040367,9,20,0.5
"s2","s1",4.81106267798615,9,20,0.5
"s2","s1",6.20859072777874,9,20,0.5
"s2","s1",3.10761801749071,9,20,0.5
"s2","s1",3.5052444671677,9,20,0.5
"s2","s1",4.53914609544752,9,20,0.5
"s2","s1",3.95947085921373,9,20,0.5
"s2","s1",3.25752517269185,9,20,0.5
"s2","s1",3.59327757581401,9,20,0.5
"s2","s1",3.26113426201098,9,20,0.5
"s2","s1",4.28646004169704,9,20,0.5
"s2","s1",2.12209047359975,9,20,0.5
"s2","s1",3.52611131164868,9,20,0.5
"s2","s1",3.377784652721,9,20,0.5
"s2","s1",4.57661524191316,9,20,0.5
"s2","s1",6.54186139834788,9,20,0.5
"s2","s1",4.12519878141882,9,20,0.5
"s2","s1",4.58968037335891,9,20,0.5
"s2","s1",3.90820311256835,9,20,0.5
"s2","s1",3.7990239197196,9,20,0.5
"s2","s1",3.4242558294881,9,20,0.5
"s2","s1",4.96223396562894,9,20,0.5
"s2","s1",5.46086134487767,9,20,0.5
"s2","s1",5.14152846296926,9,20,0.5
"s2","s1",3.70053890496503,9,20,0.5
"s2","s1",4.14248888575995,9,20,0.5
"s2","s1",3.86555332808974,9,20,0.5
"s2","s1",4.81106267798615,9,20,0.5
"s2","s1",3.76286315736521,9,20,0.5
"s2","s1",4.44959005869339,9,20,0.5
"s2","s1",3.95917510152326,9,20,0.5
"s2","s1",5.60155992691912,9,20,0.5
"s2","s1",4.56314645876114,9,20,0.5
"s2","s1",5.76928563676167,9,20,0.5
"s2","s1",4.47958873333721,9,20,0.5
"s2","s1",3.94852864819909,9,20,0.5
"s2","s1",4.43043119763414,9,20,0.5
"s2","s1",3.97833339418893,9,20,0.5
"s2","s1",5.69984892903731,9,20,0.5
"s2","s1",2.65043257486782,9,20,0.5
"s2","s1",5.11499299578846,9,20,0.5
"s2","s1",4.50262801080796,9,20,0.5
"s2","s1",3.26546988946296,9,20,0.5
"s2","s1",3.82184774698361,9,20,0.5
"s2","s1",3.29398466560562,9,20,0.5
"s2","s1",4.52431072656464,9,20,0.5
"s2","s1",3.41930792201928,9,20,0.5
"s2","s1",5.17694114028054,9,20,0.5
"s2","s1",5.27368482557139,9,20,0.5
"s2","s1",4.96223396562894,9,20,0.5
"s2","s1",4.87297644454696,9,20,0.5
"s2","s1",4.97958957924223,9,20,0.5
"s2","s1",4.70303448365546,9,20,0.5
"s2","s1",3.45707209645522,9,20,0.5
"s2","s1",4.18855087859779,9,20,0.5
"s2","s1",3.65495718469301,9,20,0.5
"s2","s1",3.77645283266751,9,20,0.5
"s2","s1",3.48802626047233,9,20,0.5
"s2","s1",3.96036834120526,9,20,0.5
"s2","s1",5.30678098235677,9,20,0.5
"s2","s1",3.45089313997252,9,20,0.5
"s2","s1",4.71998575089092,9,20,0.5
"s2","s1",5.94774887514769,9,20,0.5
"s2","s1",4.43043119763414,9,20,0.5
"s2","s1",3.93646154827537,9,20,0.5
"s2","s1",5.42259977148508,9,20,0.5
"s2","s1",4.05533109082855,9,20,0.5
"s2","s1",4.44676862126375,9,20,0.5
"s2","s1",5.07156638395667,9,20,0.5
"s2","s1",4.96223396562894,9,20,0.5
"s2","s1",4.48391261464933,9,20,0.5
"s2","s1",3.99455847815308,9,20,0.5
"s2","s1",3.75894390054937,9,20,0.5
"s2","s1",4.03150396830845,9,20,0.5
"s2","s1",3.75364316098161,9,20,0.5
"s2","s1",4.4524331550582,9,20,0.5
"s2","s1",3.92857628071624,9,20,0.5
"s2","s1",4.31937905829705,9,20,0.5
"s2","s1",4.87004379952084,9,20,0.5
"s2","s1",4.85367676302713,9,20,0.5
"s2","s1",3.74719613688751,9,20,0.5
"s2","s1",4.07385444714201,9,20,0.5
"s2","s1",4.56436302570435,9,20,0.5
"s2","s1",4.04438341392826,9,20,0.5
"s2","s1",3.44409340519219,9,20,0.5
"s2","s1",4.50495754001244,9,20,0.5
"s2","s1",5.15999507334566,9,20,0.5
"s2","s1",3.04052449444646,9,20,0.5
"s2","s1",5.23745958823373,9,20,0.5
"s2","s1",5.73836326753354,9,20,0.5
"s2","s1",5.3001844016236,9,20,0.5
"s2","s1",4.97721689874265,9,20,0.5
"s2","s1",5.23745958823373,9,20,0.5
"s2","s1",4.44676862126375,9,20,0.5
"s2","s1",5.06983911073239,9,20,0.5
"s2","s1",3.09156691059515,9,20,0.5
"s2","s1",3.99455847815308,9,20,0.5
"s2","s1",4.86642301763268,9,20,0.5
"s2","s1",4.08293014040994,9,20,0.5
"s2","s1",5.08013188100322,9,20,0.5
"s2","s1",3.92592403953515,9,20,0.5
"s2","s1",4.05987862978595,9,20,0.5
"s2","s1",4.6330904712083,9,20,0.5
"s2","s1",3.37347547071132,9,20,0.5
"s2","s1",4.99219983185637,9,20,0.5
"s2","s1",4.2558932472244,9,20,0.5
"s2","s1",4.69394292685332,9,20,0.5
"s2","s1",4.94414176390937,9,20,0.5
"s2","s1",4.83924183267014,9,20,0.5
"s2","s1",3.17819465663408,9,20,0.5
"s2","s1",3.99455847815308,9,20,0.5
"s2","s1",4.37814485593974,9,20,0.5
"s2","s1",6.03539011336713,9,20,0.5
"s2","s1",3.53027843821384,9,20,0.5
"s2","s1",3.27609325869445,9,20,0.5
"s2","s1",4.49978587552259,9,20,0.5
"s2","s1",4.99219983185637,9,20,0.5
"s2","s1",5.18630759131329,9,20,0.5
"s2","s1",2.94909050551366,9,20,0.5
"s2","s1",4.33551080654054,9,20,0.5
"s2","s1",3.2301309464669,9,20,0.5
"s2","s1",4.23175297919614,9,20,0.5
"s2","s1",3.49006804186278,9,20,0.5
"s2","s1",3.49006804186278,9,20,0.5
"s2","s1",3.40257631453447,9,20,0.5
"s2","s1",4.17899583417424,9,20,0.5
"s2","s1",6.00576886047325,9,20,0.5
"s2","s1",5.29827644549298,9,20,0.5
"s2","s1",2.9756183720518,9,20,0.5
"s2","s1",5.48537580745874,9,20,0.5
"s2","s1",4.58968037335891,9,20,0.5
"s2","s1",6.5313386926487,9,20,0.5
"s2","s1",4.37813418264581,9,20,0.5
"s2","s1",1.81747171868279,9,20,0.5
"s2","s1",3.52292650748581,9,20,0.5
"s2","s1",5.51580849583989,9,20,0.5
"s2","s1",4.92356539323843,9,20,0.5
"s2","s1",3.53027843821384,9,20,0.5
"s2","s1",4.2316725141122,9,20,0.5
"s2","s1",3.20765976813155,9,20,0.5
"s2","s1",3.09978054484634,9,20,0.5
"s2","s1",5.73836326753354,9,20,0.5
"s2","s1",4.60424362554375,9,20,0.5
"s2","s1",5.4815598951975,9,20,0.5
"s2","s1",4.55679652094627,9,20,0.5
"s2","s1",4.70303448365546,9,20,0.5
"s2","s1",5.1725025352153,9,20,0.5
"s2","s1",4.31209489957276,9,20,0.5
"s2","s1",3.8175920057222,9,20,0.5
"s2","s1",5.7094694474374,9,20,0.5
"s2","s1",3.48763062088477,9,20,0.5
"s2","s1",6.93492415613984,9,20,0.5
"s2","s1",4.36929760868886,9,20,0.5
"s2","s1",4.519272645098,9,20,0.5
"s2","s1",6.24252849074207,9,20,0.5
"s2","s1",4.70303448365546,9,20,0.5
"s2","s1",3.65495718469301,9,20,0.5
"s2","s1",4.4524331550582,9,20,0.5
"s2","s1",4.5504932855601,9,20,0.5
"s2","s1",3.53116783657735,9,20,0.5
"s2","s1",3.65495718469301,9,20,0.5
"s2","s1",4.13724310786373,9,20,0.5
"s2","s1",4.9659297061912,9,20,0.5
"s2","s1",4.26643049015121,9,20,0.5
"s2","s1",3.63900740422214,9,20,0.5
"s2","s1",4.19872782987849,9,20,0.5
"s2","s1",4.36929760868886,9,20,0.5
"s2","s1",2.9732753377237,9,20,0.5
"s2","s1",4.14248888575995,9,20,0.5
"s2","s1",5.44829947714242,9,20,0.5
"s2","s1",5.46086134487767,9,20,0.5
"s2","s1",5.95955428887912,9,20,0.5
"s2","s1",4.54674162946694,9,20,0.5
"s2","s1",3.82184774698361,9,20,0.5
"s2","s1",4.79983216459158,9,20,0.5
"s2","s1",5.467724000183,9,20,0.5
"s2","s1",3.17186927105094,9,20,0.5
"s2","s1",6.01337738417699,9,20,0.5
"s2","s1",4.22157602791544,9,20,0.5
"s2","s1",3.82184774698361,9,20,0.5
"s2","s1",4.19435214653926,9,20,0.5
"s2","s1",4.94414176390937,9,20,0.5
"s2","s1",4.82758153023086,9,20,0.5
"s2","s1",4.49978587552259,9,20,0.5
"s2","s1",3.2920737871212,9,20,0.5
"s2","s1",3.74551834396787,9,20,0.5
"s2","s1",4.37814485593974,9,20,0.5
"s2","s1",5.28971577519157,9,20,0.5
"s2","s1",3.80167696278162,9,20,0.5
"s2","s1",4.17115406615901,9,20,0.5
"s2","s1",6.52080147650421,9,20,0.5
"s2","s1",2.05345603498181,9,20,0.5
"s2","s1",4.05641678463353,9,20,0.5
"s2","s1",4.51822449731133,9,20,0.5
"s2","s1",3.83086351964127,9,20,0.5
"s2","s1",4.58968037335891,9,20,0.5
"s2","s1",5.20716323227683,9,20,0.5
"s2","s1",4.50187982366234,9,20,0.5
"s2","s1",4.2128571966612,9,20,0.5
"s2","s1",5.09642490978586,9,20,0.5
"s2","s1",5.42333498459807,9,20,0.5
"s2","s1",4.3524042076147,9,20,0.5
"s2","s1",5.29136590884454,9,20,0.5
"s2","s1",6.05824526806764,9,20,0.5
"s2","s1",3.53116783657735,9,20,0.5
"s2","s1",5.40314755689745,9,20,0.5
"s2","s1",4.36715026246008,9,20,0.5
"s2","s1",3.53882014770344,9,20,0.5
"s2","s1",4.64000734264453,9,20,0.5
"s2","s1",5.42259977148508,9,20,0.5
"s2","s1",4.96694778823024,9,20,0.5
"s2","s1",4.43043119763414,9,20,0.5
"s2","s1",3.63113475603959,9,20,0.5
"s2","s1",4.93349489250015,9,20,0.5
"s2","s1",4.3524042076147,9,20,0.5
"s2","s1",3.27526536721288,9,20,0.5
"s2","s1",3.99481264287536,9,20,0.5
"s2","s1",3.38797038827523,9,20,0.5
"s2","s1",5.11499299578846,9,20,0.5
"s2","s1",4.36929760868886,9,20,0.5
"s2","s1",5.18141111172516,9,20,0.5
"s2","s1",3.96210831022479,9,20,0.5
"s2","s1",3.61932860954204,9,20,0.5
"s2","s1",3.51272784381013,9,20,0.5
"s2","s1",3.58370003439107,9,20,0.5
"s2","s1",4.70303448365546,9,20,0.5
"s2","s1",5.20447060034859,9,20,0.5
"s2","s1",3.84194095498457,9,20,0.5
"s2","s1",3.82184774698361,9,20,0.5
"s2","s1",4.37814485593974,9,20,0.5
"s2","s1",5.79840876589717,9,20,0.5
"s2","s1",3.49006804186278,9,20,0.5
"s2","s1",3.99455847815308,9,20,0.5
"s2","s1",3.68617159551748,9,20,0.5
"s2","s1",3.71541002817553,9,20,0.5
"s2","s1",5.09977229955072,9,20,0.5
"s2","s1",3.63634820111996,9,20,0.5
"s2","s1",5.26698626836953,9,20,0.5
"s2","s1",3.78906489772456,9,20,0.5
"s2","s1",3.40064212201403,9,20,0.5
"s2","s1",5.48537580745874,9,20,0.5
"s2","s1",3.92946913530298,9,20,0.5
"s2","s1",4.33551080654054,9,20,0.5
"s2","s1",5.02108748036495,9,20,0.5
"s2","s1",5.7899945623757,9,20,0.5
"s2","s1",4.54674162946694,9,20,0.5
"s2","s1",3.80167696278162,9,20,0.5
"s2","s1",5.41638571004962,9,20,0.5
"s2","s1",5.76738407021594,9,20,0.5
"s2","s1",4.04334180751541,9,20,0.5
"s2","s1",4.83386318409869,9,20,0.5
"s2","s1",3.22398126487269,9,20,0.5
"s2","s1",6.24154275397563,9,20,0.5
"s2","s1",5.30678098235677,9,20,0.5
"s2","s1",4.37591422652474,9,20,0.5
"s2","s1",4.27810133007806,9,20,0.5
"s2","s1",4.27672159023961,9,20,0.5
"s2","s1",5.20752739384882,9,20,0.5
"s2","s1",5.69874963159801,9,20,0.5
"s2","s1",5.42333498459807,9,20,0.5
"s2","s1",5.80761298564529,9,20,0.5
"s2","s1",4.56314645876114,9,20,0.5
"s2","s1",4.75951524328761,9,20,0.5
"s2","s1",4.07385444714201,9,20,0.5
"s2","s1",4.81555733444747,9,20,0.5
"s2","s1",3.94347367222232,9,20,0.5
"s2","s1",3.67420538134553,9,20,0.5
"s2","s1",3.73892519393918,9,20,0.5
"s2","s1",4.63806538064877,9,20,0.5
"s2","s1",3.27526536721288,9,20,0.5
"s2","s1",5.60414283310583,9,20,0.5
"s2","s1",4.36929760868886,9,20,0.5
"s2","s1",5.49073270078453,9,20,0.5
"s2","s1",5.0228185801582,9,20,0.5
"s2","s1",4.18412637427837,9,20,0.5
"s2","s1",3.0553351527329,9,20,0.5
"s2","s1",4.35682249459317,9,20,0.5
"s2","s1",4.27022583742393,9,20,0.5
"s2","s1",5.1095349786128,9,20,0.5
"s2","s1",4.43993127598336,9,20,0.5
"s2","s1",5.0386134807087,9,20,0.5
"s2","s1",7.39179481255383,9,20,0.5
"s2","s1",5.75039072067361,9,20,0.5
"s2","s1",5.97014619278682,9,20,0.5
"s2","s1",2.05629873030616,9,20,0.5
"s2","s1",5.00261981772807,9,20,0.5
"s2","s1",4.24755502570302,9,20,0.5
"s2","s1",4.81106267798615,9,20,0.5
"s2","s1",3.28931025447175,9,20,0.5
"s2","s1",3.65495718469301,9,20,0.5
"s2","s1",3.43063782299296,9,20,0.5
"s2","s1",4.82758153023086,9,20,0.5
"s2","s1",5.21088698907261,9,20,0.5
"s2","s1",4.07385444714201,9,20,0.5
"s2","s1",3.25752517269185,9,20,0.5
"s2","s1",3.80167696278162,9,20,0.5
"s2","s1",4.8167170456553,9,20,0.5
"s2","s1",4.17899583417424,9,20,0.5
"s2","s1",3.63900740422214,9,20,0.5
"s2","s1",4.24543852578702,9,20,0.5
"s2","s1",5.12599709512511,9,20,0.5
"s2","s1",3.32109533625165,9,20,0.5
"s2","s1",4.2670659895582,9,20,0.5
"s2","s1",3.17819465663408,9,20,0.5
"s2","s1",6.90817868227358,9,20,0.5
"s2","s1",4.09420834970343,9,20,0.5
"s2","s1",3.48581667941166,9,20,0.5
"s2","s1",4.7477529399431,9,20,0.5
"s2","s1",2.98832507016698,9,20,0.5
"s2","s1",4.47064565735044,9,20,0.5
"s2","s1",3.48581667941166,9,20,0.5
"s2","s1",4.37813418264581,9,20,0.5
"s2","s1",4.04445728218215,9,20,0.5
"s2","s1",3.53116783657735,9,20,0.5
"s2","s1",5.14174914913813,9,20,0.5
"s2","s1",3.80816606248322,9,20,0.5
"s2","s1",5.69984892903731,9,20,0.5
"s2","s1",4.56314645876114,9,20,0.5
"s2","s1",3.87175802262867,9,20,0.5
"s2","s1",5.43608211081925,9,20,0.5
"s2","s1",3.63900740422214,9,20,0.5
"s2","s1",3.58370003439107,9,20,0.5
"s2","s1",4.7991523667241,9,20,0.5
"s2","s1",4.70303448365546,9,20,0.5
"s2","s1",3.51272784381013,9,20,0.5
"s2","s1",4.37591422652474,9,20,0.5
"s2","s1",5.16806393015007,9,20,0.5
"s2","s1",3.48211357852737,9,20,0.5
"s2","s1",3.20569738985976,9,20,0.5
"s2","s1",5.10198519599138,9,20,0.5
"s2","s1",5.49926246502236,9,20,0.5
"s2","s1",5.16402950174786,9,20,0.5
"s2","s1",5.49073270078453,9,20,0.5
"s2","s1",4.89972969672066,9,20,0.5
"s2","s1",4.49110837207258,9,20,0.5
"s2","s1",4.57661524191316,9,20,0.5
"s2","s1",4.57661524191316,9,20,0.5
"s2","s1",4.71664038401137,9,20,0.5
"s2","s1",4.07358060208734,9,20,0.5
"s2","s1",6.15050526547688,9,20,0.5
"s2","s1",3.87367035762288,9,20,0.5
"s2","s1",3.65495718469301,9,20,0.5
"s2","s1",3.77645283266751,9,20,0.5
"s2","s1",3.72315597805998,9,20,0.5
"s2","s1",3.96210831022479,9,20,0.5
"s2","s1",7.43018845895759,9,20,0.5
"s2","s1",3.72109848955655,9,20,0.5
"s2","s1",4.07385444714201,9,20,0.5
"s2","s1",3.99650090657131,9,20,0.5
"s2","s1",4.52104593474097,9,20,0.5
"s2","s1",3.96044220945914,9,20,0.5
"s2","s1",5.4815598951975,9,20,0.5
"s2","s1",4.44676862126375,9,20,0.5
"s2","s1",4.45226142027198,9,20,0.5
"s2","s1",4.35497386258383,9,20,0.5
"s2","s1",4.81106267798615,9,20,0.5
"s2","s1",4.00402110692484,9,20,0.5
"s2","s1",3.67420538134553,9,20,0.5
"s2","s1",4.96223396562894,9,20,0.5
"s2","s1",4.80881050329821,9,20,0.5
"s2","s1",3.6238322222779,9,20,0.5
"s2","s1",3.59894321795618,9,20,0.5
"s2","s1",5.74492174570651,9,20,0.5
"s2","s1",2.91658724528314,9,20,0.5
"s2","s1",3.17819465663408,9,20,0.5
"s2","s1",4.52104593474097,9,20,0.5
"s2","s1",2.52880586345782,9,20,0.5
"s2","s1",3.06482522084285,9,20,0.5
"s2","s1",3.17186927105094,9,20,0.5
"s2","s1",4.21495817689704,9,20,0.5
"s2","s1",5.92832701698241,9,20,0.5
"s2","s1",2.80156743019877,9,20,0.5
"s2","s1",5.34231575747055,9,20,0.5
"s2","s1",4.86503224877666,9,20,0.5
"s2","s1",4.36929760868886,9,20,0.5
"s2","s1",6.21738031750045,9,20,0.5
"s2","s1",3.06239798126546,9,20,0.5
"s2","s1",4.71948422656006,9,20,0.5
"s2","s1",3.89282341971973,9,20,0.5
"s2","s1",3.63782782352513,9,20,0.5
"s2","s1",4.43043119763414,9,20,0.5
"s2","s1",6.03510731908499,9,20,0.5
"s2","s1",4.75491827210185,9,20,0.5
"s2","s1",2.65043257486782,9,20,0.5
"s2","s1",4.56314645876114,9,20,0.5
"s2","s1",3.63900740422214,9,20,0.5
"s2","s1",4.09420834970343,9,20,0.5
"s2","s1",7.30083748361163,9,20,0.5
"s2","s1",3.31293542423094,9,20,0.5
"s2","s1",5.48279290127204,9,20,0.5
"s2","s1",3.39513789451379,9,20,0.5
"s2","s1",6.79493141731669,9,20,0.5
"s2","s1",3.50139794283646,9,20,0.5
"s2","s1",3.96822426521071,9,20,0.5
"s2","s1",3.41718224079372,9,20,0.5
"s2","s1",3.24964499644287,9,20,0.5
"s2","s1",2.96765859151626,9,20,0.5
"s2","s1",4.36929760868886,9,20,0.5
"s2","s1",3.77645283266751,9,20,0.5
"s2","s1",5.77198921329872,9,20,0.5
"s2","s1",3.25399787843544,9,20,0.5
"s2","s1",3.62818409902726,9,20,0.5
"s2","s1",5.41598014937508,9,20,0.5
"s2","s1",2.17978924245497,9,20,0.5
"s2","s1",3.94578872276389,9,20,0.5
"s2","s1",4.17115406615901,9,20,0.5
"s2","s1",4.93349489250015,9,20,0.5
"s2","s1",4.14248888575995,9,20,0.5
"s2","s1",5.48020999508534,9,20,0.5
"s2","s1",6.36667993524583,9,20,0.5
"s2","s1",4.10557179114507,9,20,0.5
"s2","s1",3.99481264287536,9,20,0.5
"s2","s1",4.30324731005356,9,20,0.5
"s2","s1",4.05641678463353,9,20,0.5
"s2","s1",3.12002536859565,9,20,0.5
"s2","s1",5.79840876589717,9,20,0.5
"s2","s1",4.99219983185637,9,20,0.5
"s2","s1",6.34087517041382,9,20,0.5
"s2","s1",4.6949899009232,9,20,0.5
"s2","s1",6.24252849074207,9,20,0.5
"s2","s1",5.87000868708892,9,20,0.5
"s2","s1",5.01555543771766,9,20,0.5
"s2","s1",4.37813418264581,9,20,0.5
"s2","s1",3.63900740422214,9,20,0.5
"s2","s1",3.90798757693185,9,20,0.5
"s2","s1",4.69666614378423,9,20,0.5
"s2","s1",4.44676862126375,9,20,0.5
"s2","s1",3.92592403953515,9,20,0.5
"s2","s1",3.32109533625165,9,20,0.5
"s2","s1",3.77645283266751,9,20,0.5
"s2","s1",4.14248888575995,9,20,0.5
"s2","s1",4.87297644454696,9,20,0.5
"s2","s1",4.40264301688162,9,20,0.5
"s2","s1",4.82758153023086,9,20,0.5
"s2","s1",4.35271016595713,9,20,0.5
"s2","s1",4.33551080654054,9,20,0.5
"s2","s1",3.31622810302437,9,20,0.5
"s2","s1",6.13470152261428,9,20,0.5
"s2","s1",4.43043119763414,9,20,0.5
"s2","s1",4.36929760868886,9,20,0.5
"s2","s1",3.76914224908695,9,20,0.5
"s2","s1",4.33551080654054,9,20,0.5
"s2","s1",3.35453286226344,9,20,0.5
"s2","s1",2.52224702160915,9,20,0.5
"s2","s1",3.14005416905022,9,20,0.5
"s2","s1",6.02687455448648,9,20,0.5
"s2","s1",4.09420834970343,9,20,0.5
"s2","s1",4.15472679765661,9,20,0.5
"s2","s1",4.99219983185637,9,20,0.5
"s2","s1",3.44409340519219,9,20,0.5
"s2","s1",4.46259558994972,9,20,0.5
"s2","s1",4.6871615798489,9,20,0.5
"s2","s1",3.53116783657735,9,20,0.5
"s2","s1",5.18630759131329,9,20,0.5
"s2","s1",4.12184375536777,9,20,0.5
"s2","s1",6.11773264113261,9,20,0.5
"s2","s1",4.14248888575995,9,20,0.5
"s2","s1",5.67362188667621,9,20,0.5
"s2","s1",3.07317911702664,9,20,0.5
"s2","s1",3.57448643790985,9,20,0.5
"s2","s1",4.55679652094627,9,20,0.5
"s2","s1",3.27609325869445,9,20,0.5
"s2","s1",4.86206098201021,9,20,0.5
"s2","s1",3.99455847815308,9,20,0.5
"s2","s1",5.70410029148843,9,20,0.5
"s2","s1",5.18630759131329,9,20,0.5
"s2","s1",4.93881832820476,9,20,0.5
"s2","s1",3.77269956634566,9,20,0.5
"s2","s1",5.47243562029012,9,20,0.5
"s2","s1",4.91280809609554,9,20,0.5
"s2","s1",5.31446263751387,9,20,0.5
"s2","s1",4.84761715775591,9,20,0.5
"s2","s1",5.24186106131866,9,20,0.5
"s2","s1",3.70107666079026,9,20,0.5
"s2","s1",5.15779016254279,9,20,0.5
"s2","s1",3.8406919517976,9,20,0.5
"s2","s1",4.47737471227948,9,20,0.5
"s2","s1",3.53606971274337,9,20,0.5
"s2","s1",5.40937960517017,9,20,0.5
"s2","s1",3.71738600634196,9,20,0.5
"s2","s1",4.75552091259786,9,20,0.5
"s2","s1",4.54674162946694,9,20,0.5
"s2","s1",4.63806538064877,9,20,0.5
"s2","s1",3.81268809314039,9,20,0.5
"s2","s1",3.4514993132446,9,20,0.5
"s2","s1",5.63379957797295,9,20,0.5
"s2","s1",3.89573868381245,9,20,0.5
"s2","s1",5.10754548219689,9,20,0.5
"s2","s1",4.93349489250015,9,20,0.5
"s2","s1",4.96495230451234,9,20,0.5
"s2","s1",4.6663475320349,9,20,0.5
"s2","s1",6.1493626409051,9,20,0.5
"s2","s1",5.61244932410101,9,20,0.5
"s2","s1",3.27526536721288,9,20,0.5
"s2","s1",4.15472679765661,9,20,0.5
"s2","s1",5.7899945623757,9,20,0.5
"s2","s1",4.8615707660534,9,20,0.5
"s2","s1",4.07385444714201,9,20,0.5
"s2","s1",4.40803311497631,9,20,0.5
"s2","s1",4.33551080654054,9,20,0.5
"s2","s1",6.32971016878654,9,20,0.5
"s2","s1",4.66605430636356,9,20,0.5
"s2","s1",3.71212790428523,9,20,0.5
"s2","s1",3.91643480865052,9,20,0.5
"s2","s1",3.07317911702664,9,20,0.5
"s2","s1",3.33578381516606,9,20,0.5
"s2","s1",4.44517177171491,9,20,0.5
"s2","s1",3.07317911702664,9,20,0.5
"s2","s1",3.81415278258581,9,20,0.5
"s2","s1",3.78999004481068,9,20,0.5
"s2","s1",3.89425906140727,9,20,0.5
"s2","s1",3.7990239197196,9,20,0.5
"s2","s1",3.92592403953515,9,20,0.5
"s2","s1",4.07476972026599,9,20,0.5
"s2","s1",3.59306251063518,9,20,0.5
"s2","s1",4.25363839469221,9,20,0.5
"s2","s1",4.56436302570435,9,20,0.5
"s2","s1",4.17115406615901,9,20,0.5
"s2","s1",5.4815598951975,9,20,0.5
"s2","s1",3.46661833121731,9,20,0.5
"s2","s1",4.91280809609554,9,20,0.5
"s2","s1",4.92356539323843,9,20,0.5
"s2","s1",4.50556582348405,9,20,0.5
"s2","s1",4.15472679765661,9,20,0.5
"s2","s1",4.37813418264581,9,20,0.5
"s2","s1",4.25539982027246,9,20,0.5
"s2","s1",4.62140028311673,9,20,0.5
"s2","s1",4.33612272322541,9,20,0.5
"s2","s1",4.14248888575995,9,20,0.5
"s2","s1",3.33623000930645,9,20,0.5
"s2","s1",3.39750567687161,9,20,0.5
"s2","s1",6.15050526547688,9,20,0.5
"s2","s1",3.63900740422214,9,20,0.5
"s2","s1",4.93349489250015,9,20,0.5
"s2","s1",3.00960895346685,9,20,0.5
"s2","s1",5.69874963159801,9,20,0.5
"s2","s1",4.93349489250015,9,20,0.5
"s2","s1",3.53819539396893,9,20,0.5
"s2","s1",4.63806538064877,9,20,0.5
"s2","s1",4.70303448365546,9,20,0.5
"s2","s1",3.82184774698361,9,20,0.5
"s2","s1",5.63379957797295,9,20,0.5
"s2","s1",4.33827796950856,9,20,0.5
"s2","s1",5.62749951603358,9,20,0.5
"s2","s1",4.92356539323843,9,20,0.5
"s2","s1",3.86440581591751,9,20,0.5
"s2","s1",3.99481264287536,9,20,0.5
"s2","s1",5.32692336600764,9,20,0.5
"s2","s1",4.07879827682368,9,20,0.5
"s2","s1",4.09420834970343,9,20,0.5
"s2","s1",4.12519878141882,9,20,0.5
"s2","s1",3.35719083883586,9,20,0.5
"s2","s1",4.05533109082855,9,20,0.5
"s2","s1",3.61505692507605,9,20,0.5
"s2","s1",2.89392658356317,9,20,0.5
"s2","s1",4.85240851191968,9,20,0.5
"s2","s1",4.62244725718661,9,20,0.5
"s2","s1",4.72956880643024,9,20,0.5
"s2","s1",4.58968037335891,9,20,0.5
"s2","s1",4.81106267798615,9,20,0.5
"s2","s1",3.72302277298969,9,20,0.5
"s2","s1",4.55283875026854,9,20,0.5
"s2","s1",4.30324731005356,9,20,0.5
"s2","s1",3.75467588886954,9,20,0.5
"s2","s1",4.64635742850719,9,20,0.5
"s2","s1",4.53820055871788,9,20,0.5
"s2","s1",4.9545937292745,9,20,0.5
"s2","s1",4.87297644454696,9,20,0.5
"s2","s1",4.39609007762698,9,20,0.5
"s2","s1",4.93349489250015,9,20,0.5
"s2","s1",4.93809167811951,9,20,0.5
"s2","s1",3.36738615329919,9,20,0.5
"s2","s1",4.97128726300966,9,20,0.5
"s2","s1",3.14005416905022,9,20,0.5
"s2","s1",3.15120867267289,9,20,0.5
"s2","s1",3.8625940832794,9,20,0.5
"s2","s1",5.17622629201109,9,20,0.5
"s2","s1",3.96678862352316,9,20,0.5
"s2","s1",3.90669550694053,9,20,0.5
"s2","s1",4.23096758297129,9,20,0.5
"s2","s1",5.57592515855964,9,20,0.5
"s2","s1",5.59002946206133,9,20,0.5
"s2","s1",5.42259977148508,9,20,0.5
"s2","s1",3.7990239197196,9,20,0.5
"s2","s1",2.96765859151626,9,20,0.5
"s2","s1",4.72196381971598,9,20,0.5
"s2","s1",4.82758153023086,9,20,0.5
"s2","s1",4.01835369712438,9,20,0.5
"s2","s1",4.18266960180616,9,20,0.5
"s2","s1",3.33044415851938,9,20,0.5
"s2","s1",5.01274700470235,9,20,0.5
"s2","s1",3.92769658741907,9,20,0.5
"s2","s1",4.18708069993608,9,20,0.5
"s2","s1",4.40264301688162,9,20,0.5
"s2","s1",4.44676862126375,9,20,0.5
"s2","s1",3.35719083883586,9,20,0.5
"s2","s1",3.82184774698361,9,20,0.5
"s2","s1",4.31422022676257,9,20,0.5
"s2","s1",4.74140571886504,9,20,0.5
"s2","s1",4.35121384231517,9,20,0.5
"s2","s1",3.93418776670768,9,20,0.5
"s2","s1",5.42259977148508,9,20,0.5
"s2","s1",3.18239197675013,9,20,0.5
"s2","s1",4.03000010471243,9,20,0.5
"s2","s1",3.01266066907346,9,20,0.5
"s2","s1",6.30289920218748,9,20,0.5
"s2","s1",5.39642422637579,9,20,0.5
"s2","s1",4.24033424396766,9,20,0.5
"s2","s1",4.92356539323843,9,20,0.5
"s2","s1",4.74741392133217,9,20,0.5
"s2","s1",4.47573856618756,9,20,0.5
"s2","s1",6.43189630901436,9,20,0.5
"s2","s1",5.00711657050428,9,20,0.5
"s2","s1",4.8949077479299,9,20,0.5
"s2","s1",5.82106856784452,9,20,0.5
"s2","s1",5.4815598951975,9,20,0.5
"s2","s1",4.09311538298253,9,20,0.5
"s2","s1",5.48158416053733,9,20,0.5
"s2","s1",3.8175920057222,9,20,0.5
"s2","s1",3.84771209442783,9,20,0.5
"s2","s1",3.0287207417221,9,20,0.5
"s2","s1",4.75491827210185,9,20,0.5
"s2","s1",4.39027713320436,9,20,0.5
"s2","s1",4.61511227355625,9,20,0.5
"s2","s1",5.42259977148508,9,20,0.5
"s2","s1",5.15999507334566,9,20,0.5
"s2","s1",4.01303122323077,9,20,0.5
"s2","s1",3.97649882153996,9,20,0.5
"s2","s1",5.79628308467161,9,20,0.5
"s2","s1",4.6330904712083,9,20,0.5
"s2","s1",2.77336432656754,9,20,0.5
"s2","s1",5.13768243675558,9,20,0.5
"s2","s1",3.07953572109703,9,20,0.5
"s2","s1",2.94909050551366,9,20,0.5
"s2","s1",4.49936779819494,9,20,0.5
"s2","s1",4.99965820118033,9,20,0.5
"s2","s1",4.16294043190781,9,20,0.5
"s2","s1",4.44517177171491,9,20,0.5
"s2","s1",4.33551080654054,9,20,0.5
"s2","s1",3.4992722616109,9,20,0.5
"s2","s1",5.66972882891561,9,20,0.5
"s2","s1",4.54674162946694,9,20,0.5
"s2","s1",5.29533185081758,9,20,0.5
"s2","s1",5.42259977148508,9,20,0.5
"s2","s1",3.17186927105094,9,20,0.5
"s2","s1",4.88947550564212,9,20,0.5
"s2","s1",4.37369427040367,9,20,0.5
"s2","s1",3.71738600634196,9,20,0.5
"s2","s1",3.72034218350188,9,20,0.5
"s2","s1",3.85118843610133,9,20,0.5
"s2","s1",4.31179169086338,9,20,0.5
"s2","s1",4.40264301688162,9,20,0.5
"s2","s1",6.54587095605484,9,20,0.5
"s2","s1",4.36929760868886,9,20,0.5
"s2","s1",5.79840876589717,9,20,0.5
"s2","s1",4.31178635421641,9,20,0.5
"s2","s1",4.14817642378891,9,20,0.5
"s2","s1",3.10405443546852,9,20,0.5
"s2","s1",5.33325879319931,9,20,0.5
"s2","s1",5.40063698697517,9,20,0.5
"s2","s1",5.15999507334566,9,20,0.5
"s2","s1",5.47121062003758,9,20,0.5
"s2","s1",3.63900740422214,9,20,0.5
"s2","s1",5.42259977148508,9,20,0.5
"s2","s1",4.96514575498794,9,20,0.5
"s2","s1",3.99455847815308,9,20,0.5
"s2","s1",7.35402789975084,9,20,0.5
"s2","s1",6.10575936475673,9,20,0.5
"s2","s1",4.47948899102389,9,20,0.5
"s2","s1",4.56436302570435,9,20,0.5
"s2","s1",4.6508299507844,9,20,0.5
"s2","s1",3.6113720834628,9,20,0.5
"s2","s1",5.73836326753354,9,20,0.5
"s2","s1",4.56314645876114,9,20,0.5
"s2","s1",4.63806538064877,9,20,0.5
"s2","s1",4.88809997818405,9,20,0.5
"s2","s1",3.53027843821384,9,20,0.5
"s2","s1",4.46089493996714,9,20,0.5
"s2","s1",5.17694114028054,9,20,0.5
"s2","s1",4.05641678463353,9,20,0.5
"s2","s1",3.61505692507605,9,20,0.5
"s2","s1",4.37500796565866,9,20,0.5
"s2","s1",4.96284736217826,9,20,0.5
"s2","s1",5.70410029148843,9,20,0.5
"s2","s1",3.71504788275426,9,20,0.5
"s2","s1",3.95802804834352,9,20,0.5
"s2","s1",4.82758153023086,9,20,0.5
"s2","s1",5.65322218765163,9,20,0.5
"s2","s1",5.09642490978586,9,20,0.5
"s2","s1",4.52104593474097,9,20,0.5
"s2","s1",3.41364227987712,9,20,0.5
"s2","s1",3.26546988946296,9,20,0.5
"s2","s1",4.50262801080796,9,20,0.5
"s2","s1",4.59442372146524,9,20,0.5
"s2","s1",2.07666320679242,9,20,0.5
"s2","s1",5.48261669645138,9,20,0.5
"s2","s1",3.14005416905022,9,20,0.5
"s2","s1",4.99219983185637,9,20,0.5
"s2","s1",5.02108748036495,9,20,0.5
"s2","s1",3.97290757947149,9,20,0.5
"s2","s1",3.26104723123245,9,20,0.5
"s2","s1",3.95636516488424,9,20,0.5
"s2","s1",3.75199605262119,9,20,0.5
"s2","s1",5.31170716113787,9,20,0.5
"s2","s1",4.96669056678541,9,20,0.5
"s2","s1",4.92356539323843,9,20,0.5
"s2","s1",4.81106267798615,9,20,0.5
"s2","s1",4.43043119763414,9,20,0.5
"s2","s1",4.58968037335891,9,20,0.5
"s2","s1",2.88849551008861,9,20,0.5
"s2","s1",4.28786713540218,9,20,0.5
"s2","s1",3.33578381516606,9,20,0.5
"s2","s1",5.28798761136037,9,20,0.5
"s2","s1",3.36187710172065,9,20,0.5
"s2","s1",4.74471166900435,9,20,0.5
"s2","s1",5.22687012536923,9,20,0.5
"s2","s1",4.05641678463353,9,20,0.5
"s2","s1",2.77764349431316,9,20,0.5
"s2","s1",3.64374682109664,9,20,0.5
"s2","s1",3.51272784381013,9,20,0.5
"s2","s1",4.56314645876114,9,20,0.5
"s2","s1",4.17742117788177,9,20,0.5
"s2","s1",4.43043119763414,9,20,0.5
"s2","s1",4.52104593474097,9,20,0.5
"s2","s1",6.30205811206124,9,20,0.5
"s2","s1",4.33551080654054,9,20,0.5
"s2","s1",3.82184774698361,9,20,0.5
"s2","s1",5.41889637953284,9,20,0.5
"s2","s1",4.24944652591124,9,20,0.5
"s2","s1",4.43454174210572,9,20,0.5
"s2","s1",4.73282345543982,9,20,0.5
"s2","s1",3.34876343096964,9,20,0.5
"s2","s1",3.31114403091313,9,20,0.5
"s2","s1",4.98999793530396,9,20,0.5
"s2","s1",4.74832067563064,9,20,0.5
"s2","s1",3.58370003439107,9,20,0.5
"s2","s1",4.06018546043513,9,20,0.5
"s2","s1",3.61027311892985,9,20,0.5
"s2","s1",6.43189630901436,9,20,0.5
"s2","s1",4.75491827210185,9,20,0.5
"s2","s1",3.14005416905022,9,20,0.5
"s2","s1",4.43674007296313,9,20,0.5
"s2","s1",4.70037152567253,9,20,0.5
"s2","s1",4.58968037335891,9,20,0.5
"s2","s1",5.42259977148508,9,20,0.5
"s2","s1",5.73406879740639,9,20,0.5
"s2","s1",4.70450129344635,9,20,0.5
"s2","s1",3.12699864077583,9,20,0.5
"s2","s1",3.87801775684565,9,20,0.5
"s2","s1",4.93349489250015,9,20,0.5
"s2","s1",4.8167170456553,9,20,0.5
"s2","s1",4.70303448365546,9,20,0.5
"s2","s1",1.82174333000733,9,20,0.5
"s2","s1",5.97014619278682,9,20,0.5
"s2","s1",4.99219983185637,9,20,0.5
"s2","s1",4.36929760868886,9,20,0.5
"s2","s1",6.36326187039642,9,20,0.5
"s2","s1",6.33149330940345,9,20,0.5
"s2","s1",5.60348504426056,9,20,0.5
"s2","s1",4.38844446539874,9,20,0.5
"s2","s1",4.28376725797588,9,20,0.5
"s2","s1",4.30324731005356,9,20,0.5
"s2","s1",3.64698229445758,9,20,0.5
"s2","s1",4.56314645876114,9,20,0.5
"s2","s1",5.6554108495776,9,20,0.5
"s2","s1",4.25333243634978,9,20,0.5
"s2","s1",2.25782291485661,9,20,0.5
"s2","s1",4.95664724996793,9,20,0.5
"s2","s1",4.09420834970343,9,20,0.5
"s2","s1",3.63900740422214,9,20,0.5
"s2","s1",5.3525614250139,9,20,0.5
"s2","s1",3.14005416905022,9,20,0.5
"s2","s1",4.7159678581632,9,20,0.5
"s2","s1",4.15380165897439,9,20,0.5
"s2","s1",3.11375753813219,9,20,0.5
"s2","s1",3.54148997602679,9,20,0.5
"s2","s1",4.6248880565612,9,20,0.5
"s2","s1",4.88809997818405,9,20,0.5
"s2","s1",3.86555332808974,9,20,0.5
"s2","s1",4.37813418264581,9,20,0.5
"s2","s1",4.9107974353421,9,20,0.5
"s2","s1",4.0768573644738,9,20,0.5
"s2","s1",4.67229932273038,9,20,0.5
"s2","s1",4.05267920772523,9,20,0.5
"s2","s3",2.70302149524947,9,20,0.5
"s2","s3",3.17055702690916,9,20,0.5
"s2","s3",3.36892314589371,9,20,0.5
"s2","s3",3.8107378285831,9,20,0.5
"s2","s3",3.33508804140565,9,20,0.5
"s2","s3",2.86899235125476,9,20,0.5
"s2","s3",2.40027432661072,9,20,0.5
"s2","s3",2.68512722860517,9,20,0.5
"s2","s3",3.99058064805688,9,20,0.5
"s2","s3",2.09851131692121,9,20,0.5
"s2","s3",5.10217819948313,9,20,0.5
"s2","s3",3.21806634287126,9,20,0.5
"s2","s3",3.50604604748883,9,20,0.5
"s2","s3",2.98400211270673,9,20,0.5
"s2","s3",3.98610835414806,9,20,0.5
"s2","s3",3.14943070912625,9,20,0.5
"s2","s3",3.46211142522379,9,20,0.5
"s2","s3",3.53689633330008,9,20,0.5
"s2","s3",2.52578808977111,9,20,0.5
"s2","s3",2.65760776942418,9,20,0.5
"s2","s3",4.82343115451559,9,20,0.5
"s2","s3",3.27516239903926,9,20,0.5
"s2","s3",4.01737339119566,9,20,0.5
"s2","s3",3.61125020123426,9,20,0.5
"s2","s3",2.5393496992815,9,20,0.5
"s2","s3",3.54429364383958,9,20,0.5
"s2","s3",3.07227896189628,9,20,0.5
"s2","s3",3.05707608303218,9,20,0.5
"s2","s3",4.48684976880698,9,20,0.5
"s2","s3",2.91752829413321,9,20,0.5
"s2","s3",2.81525242010796,9,20,0.5
"s2","s3",2.33249168190788,9,20,0.5
"s2","s3",3.2339263816488,9,20,0.5
"s2","s3",4.5303684533255,9,20,0.5
"s2","s3",4.46398847053458,9,20,0.5
"s2","s3",4.50892911208737,9,20,0.5
"s2","s3",2.99151929841995,9,20,0.5
"s2","s3",3.19168334469207,9,20,0.5
"s2","s3",3.29645678729044,9,20,0.5
"s2","s3",2.59222237997402,9,20,0.5
"s2","s3",3.07081972098701,9,20,0.5
"s2","s3",3.61125020123426,9,20,0.5
"s2","s3",3.15957855763454,9,20,0.5
"s2","s3",3.33475791474172,9,20,0.5
"s2","s3",4.42546454663652,9,20,0.5
"s2","s3",2.54293620219828,9,20,0.5
"s2","s3",3.05610448427835,9,20,0.5
"s2","s3",3.12210902457969,9,20,0.5
"s2","s3",3.19168334469207,9,20,0.5
"s2","s3",2.9691417921665,9,20,0.5
"s2","s3",2.89076537264402,9,20,0.5
"s2","s3",3.29206159975663,9,20,0.5
"s2","s3",3.8107378285831,9,20,0.5
"s2","s3",2.9691417921665,9,20,0.5
"s2","s3",3.52471760397337,9,20,0.5
"s2","s3",2.68849517105618,9,20,0.5
"s2","s3",2.77787169930669,9,20,0.5
"s2","s3",4.34202617683092,9,20,0.5
"s2","s3",4.26093701678053,9,20,0.5
"s2","s3",3.8956768775204,9,20,0.5
"s2","s3",2.9691417921665,9,20,0.5
"s2","s3",4.55037188060537,9,20,0.5
"s2","s3",3.94089664358293,9,20,0.5
"s2","s3",2.60661544697673,9,20,0.5
"s2","s3",3.29317650815267,9,20,0.5
"s2","s3",2.29465597907582,9,20,0.5
"s2","s3",3.54429364383958,9,20,0.5
"s2","s3",2.5608339699283,9,20,0.5
"s2","s3",4.46398847053458,9,20,0.5
"s2","s3",3.53984251008474,9,20,0.5
"s2","s3",2.61758537622257,9,20,0.5
"s2","s3",3.21742043079874,9,20,0.5
"s2","s3",3.61125020123426,9,20,0.5
"s2","s3",3.45759669656499,9,20,0.5
"s2","s3",2.92273621485745,9,20,0.5
"s2","s3",3.40146677296316,9,20,0.5
"s2","s3",2.79156073551655,9,20,0.5
"s2","s3",2.76962664193812,9,20,0.5
"s2","s3",2.48851469636572,9,20,0.5
"s2","s3",3.7419051462776,9,20,0.5
"s2","s3",3.30505631724061,9,20,0.5
"s2","s3",3.61125020123426,9,20,0.5
"s2","s3",2.92809628899937,9,20,0.5
"s2","s3",3.50024531307239,9,20,0.5
"s2","s3",3.54968568491562,9,20,0.5
"s2","s3",2.82021656430478,9,20,0.5
"s2","s3",2.46828702817398,9,20,0.5
"s2","s3",3.8956768775204,9,20,0.5
"s2","s3",4.25455756120984,9,20,0.5
"s2","s3",3.373059042193,9,20,0.5
"s2","s3",3.29317650815267,9,20,0.5
"s2","s3",4.36372775627644,9,20,0.5
"s2","s3",3.44067714355544,9,20,0.5
"s2","s3",2.74574888614748,9,20,0.5
"s2","s3",3.40766904100191,9,20,0.5
"s2","s3",3.76727911269576,9,20,0.5
"s2","s3",4.30098546477099,9,20,0.5
"s2","s3",3.5788764581886,9,20,0.5
"s2","s3",4.94667989248216,9,20,0.5
"s2","s3",2.48851469636572,9,20,0.5
"s2","s3",2.42963478001636,9,20,0.5
"s2","s3",2.9202659512379,9,20,0.5
"s2","s3",3.12132453192015,9,20,0.5
"s2","s3",3.03454299860793,9,20,0.5
"s2","s3",2.86899235125476,9,20,0.5
"s2","s3",2.93339049729498,9,20,0.5
"s2","s3",3.17600934217048,9,20,0.5
"s2","s3",3.89953825597011,9,20,0.5
"s2","s3",3.63179832208507,9,20,0.5
"s2","s3",3.79735909111427,9,20,0.5
"s2","s3",2.73616680158589,9,20,0.5
"s2","s3",3.44067714355544,9,20,0.5
"s2","s3",3.29481664772156,9,20,0.5
"s2","s3",3.09831097883131,9,20,0.5
"s2","s3",4.19675171745619,9,20,0.5
"s2","s3",3.79265628595619,9,20,0.5
"s2","s3",3.96875798506329,9,20,0.5
"s2","s3",3.20176631198503,9,20,0.5
"s2","s3",3.22517855261553,9,20,0.5
"s2","s3",3.12132453192015,9,20,0.5
"s2","s3",3.1603353396489,9,20,0.5
"s2","s3",3.61125020123426,9,20,0.5
"s2","s3",3.58119003101342,9,20,0.5
"s2","s3",3.2339263816488,9,20,0.5
"s2","s3",2.8932083274039,9,20,0.5
"s2","s3",3.44067714355544,9,20,0.5
"s2","s3",3.23204480497297,9,20,0.5
"s2","s3",2.70647828438562,9,20,0.5
"s2","s3",2.46828702817398,9,20,0.5
"s2","s3",3.18764800171028,9,20,0.5
"s2","s3",4.34202617683092,9,20,0.5
"s2","s3",4.05466032717402,9,20,0.5
"s2","s3",2.9691417921665,9,20,0.5
"s2","s3",3.55864812436154,9,20,0.5
"s2","s3",2.92246882137229,9,20,0.5
"s2","s3",3.72634603664034,9,20,0.5
"s2","s3",3.61125020123426,9,20,0.5
"s2","s3",3.49821906927295,9,20,0.5
"s2","s3",3.61125020123426,9,20,0.5
"s2","s3",2.9691417921665,9,20,0.5
"s2","s3",2.72737693527165,9,20,0.5
"s2","s3",3.08041256842928,9,20,0.5
"s2","s3",2.50369515001221,9,20,0.5
"s2","s3",3.03033784797341,9,20,0.5
"s2","s3",3.65243186900372,9,20,0.5
"s2","s3",3.05542799810841,9,20,0.5
"s2","s3",2.89289988671668,9,20,0.5
"s2","s3",2.53785160201015,9,20,0.5
"s2","s3",2.68849517105618,9,20,0.5
"s2","s3",4.57135286245397,9,20,0.5
"s2","s3",3.23204480497297,9,20,0.5
"s2","s3",3.23204480497297,9,20,0.5
"s2","s3",3.47631940590687,9,20,0.5
"s2","s3",1.8482603371524,9,20,0.5
"s2","s3",3.19712122546352,9,20,0.5
"s2","s3",2.41389432821144,9,20,0.5
"s2","s3",2.65760776942418,9,20,0.5
"s2","s3",2.65865667017693,9,20,0.5
"s2","s3",2.92846597049979,9,20,0.5
"s2","s3",2.70448541203336,9,20,0.5
"s2","s3",2.506034834231,9,20,0.5
"s2","s3",4.40598604932194,9,20,0.5
"s2","s3",2.78992107211305,9,20,0.5
"s2","s3",2.95277405465073,9,20,0.5
"s2","s3",3.54429364383958,9,20,0.5
"s2","s3",2.8698994189631,9,20,0.5
"s2","s3",4.53986847070946,9,20,0.5
"s2","s3",3.19168334469207,9,20,0.5
"s2","s3",3.40131906515608,9,20,0.5
"s2","s3",3.54022288372777,9,20,0.5
"s2","s3",4.55634798270296,9,20,0.5
"s2","s3",2.72737693527165,9,20,0.5
"s2","s3",3.61125020123426,9,20,0.5
"s2","s3",2.8775059009316,9,20,0.5
"s2","s3",3.52595296821946,9,20,0.5
"s2","s3",3.23022003626201,9,20,0.5
"s2","s3",3.818791011899,9,20,0.5
"s2","s3",2.87080648667144,9,20,0.5
"s2","s3",4.69965874098568,9,20,0.5
"s2","s3",2.37663417844296,9,20,0.5
"s2","s3",2.67651484009536,9,20,0.5
"s2","s3",2.69480632031927,9,20,0.5
"s2","s3",2.68512722860517,9,20,0.5
"s2","s3",2.55948105801168,9,20,0.5
"s2","s3",3.26654078498748,9,20,0.5
"s2","s3",4.55674698889051,9,20,0.5
"s2","s3",3.41442356184738,9,20,0.5
"s2","s3",4.46398847053458,9,20,0.5
"s2","s3",2.50423202962028,9,20,0.5
"s2","s3",3.42258829144153,9,20,0.5
"s2","s3",2.93487987649746,9,20,0.5
"s2","s3",3.373059042193,9,20,0.5
"s2","s3",5.10217819948313,9,20,0.5
"s2","s3",4.21345778855957,9,20,0.5
"s2","s3",4.88281357810815,9,20,0.5
"s2","s3",3.2197697884012,9,20,0.5
"s2","s3",4.25319130625298,9,20,0.5
"s2","s3",2.73616680158589,9,20,0.5
"s2","s3",4.1975415503095,9,20,0.5
"s2","s3",4.75430203358028,9,20,0.5
"s2","s3",4.88281357810815,9,20,0.5
"s2","s3",3.61125020123426,9,20,0.5
"s2","s3",5.09583797009946,9,20,0.5
"s2","s3",3.11739080328406,9,20,0.5
"s2","s3",3.94635013211533,9,20,0.5
"s2","s3",3.2339263816488,9,20,0.5
"s2","s3",3.28766641222281,9,20,0.5
"s2","s3",3.41442356184738,9,20,0.5
"s2","s3",3.94957307702158,9,20,0.5
"s2","s3",2.59024822933949,9,20,0.5
"s2","s3",4.56733132224806,9,20,0.5
"s2","s3",5.42762660170203,9,20,0.5
"s2","s3",2.9519097705626,9,20,0.5
"s2","s3",2.91752829413321,9,20,0.5
"s2","s3",2.73616680158589,9,20,0.5
"s2","s3",3.70503394587643,9,20,0.5
"s2","s3",3.13279928972847,9,20,0.5
"s2","s3",3.33654866119319,9,20,0.5
"s2","s3",2.61686287860483,9,20,0.5
"s2","s3",2.95308448238352,9,20,0.5
"s2","s3",5.0094196811272,9,20,0.5
"s2","s3",4.67362285880679,9,20,0.5
"s2","s3",2.9230036083426,9,20,0.5
"s2","s3",2.74195155739267,9,20,0.5
"s2","s3",3.88476990045561,9,20,0.5
"s2","s3",3.44067714355544,9,20,0.5
"s2","s3",3.58119003101342,9,20,0.5
"s2","s3",4.40120667962445,9,20,0.5
"s2","s3",3.02071037703139,9,20,0.5
"s2","s3",3.216905558479,9,20,0.5
"s2","s3",2.16705841568539,9,20,0.5
"s2","s3",3.23204480497297,9,20,0.5
"s2","s3",3.58340057554308,9,20,0.5
"s2","s3",2.29892765918817,9,20,0.5
"s2","s3",2.70452016011517,9,20,0.5
"s2","s3",5.58589459006725,9,20,0.5
"s2","s3",3.24385310985101,9,20,0.5
"s2","s3",3.59741954844243,9,20,0.5
"s2","s3",3.32342272994004,9,20,0.5
"s2","s3",4.04416613433444,9,20,0.5
"s2","s3",4.26446217969997,9,20,0.5
"s2","s3",3.15050173100628,9,20,0.5
"s2","s3",3.54429364383958,9,20,0.5
"s2","s3",1.80606399999319,9,20,0.5
"s2","s3",3.73584549744948,9,20,0.5
"s2","s3",3.38865112416788,9,20,0.5
"s2","s3",4.87979775826818,9,20,0.5
"s2","s3",2.8775059009316,9,20,0.5
"s2","s3",3.23204480497297,9,20,0.5
"s2","s3",3.49039209105707,9,20,0.5
"s2","s3",3.06591536043776,9,20,0.5
"s2","s3",2.94333504314986,9,20,0.5
"s2","s3",3.373059042193,9,20,0.5
"s2","s3",2.68512722860517,9,20,0.5
"s2","s3",3.52595296821946,9,20,0.5
"s2","s3",2.83140692315135,9,20,0.5
"s2","s3",3.67657767375593,9,20,0.5
"s2","s3",3.24385310985101,9,20,0.5
"s2","s3",2.89081633201751,9,20,0.5
"s2","s3",3.01190410334992,9,20,0.5
"s2","s3",2.89581977708051,9,20,0.5
"s2","s3",3.21186407483252,9,20,0.5
"s2","s3",3.51203885954926,9,20,0.5
"s2","s3",4.18535421774411,9,20,0.5
"s2","s3",4.21345778855957,9,20,0.5
"s2","s3",2.89176172330576,9,20,0.5
"s2","s3",2.9691417921665,9,20,0.5
"s2","s3",1.92745008630956,9,20,0.5
"s2","s3",2.65760776942418,9,20,0.5
"s2","s3",3.80091542464557,9,20,0.5
"s2","s3",3.61125020123426,9,20,0.5
"s2","s3",2.70750123187333,9,20,0.5
"s2","s3",2.85523323702607,9,20,0.5
"s2","s3",5.3474135020318,9,20,0.5
"s2","s3",3.48407873635631,9,20,0.5
"s2","s3",3.59732538838867,9,20,0.5
"s2","s3",2.26942987345923,9,20,0.5
"s2","s3",3.22367237971056,9,20,0.5
"s2","s3",3.24385310985101,9,20,0.5
"s2","s3",3.14836637385027,9,20,0.5
"s2","s3",3.19168334469207,9,20,0.5
"s2","s3",2.65760776942418,9,20,0.5
"s2","s3",3.08166375689982,9,20,0.5
"s2","s3",3.1603353396489,9,20,0.5
"s2","s3",3.14177418534212,9,20,0.5
"s2","s3",2.27875588105959,9,20,0.5
"s2","s3",4.8998978870207,9,20,0.5
"s2","s3",3.00083572345555,9,20,0.5
"s2","s3",3.26425079613171,9,20,0.5
"s2","s3",4.05147725808145,9,20,0.5
"s2","s3",3.08041256842928,9,20,0.5
"s2","s3",2.92052562386463,9,20,0.5
"s2","s3",3.66052212574688,9,20,0.5
"s2","s3",3.95140761597851,9,20,0.5
"s2","s3",3.49039209105707,9,20,0.5
"s2","s3",3.16672876501709,9,20,0.5
"s2","s3",3.38924042491052,9,20,0.5
"s2","s3",4.38800136069026,9,20,0.5
"s2","s3",2.9519097705626,9,20,0.5
"s2","s3",2.65760776942418,9,20,0.5
"s2","s3",2.38341712524261,9,20,0.5
"s2","s3",3.18361265872849,9,20,0.5
"s2","s3",4.67769336833823,9,20,0.5
"s2","s3",3.04326629772528,9,20,0.5
"s2","s3",2.9691417921665,9,20,0.5
"s2","s3",3.37899888659622,9,20,0.5
"s2","s3",3.79581861162777,9,20,0.5
"s2","s3",2.59513314490375,9,20,0.5
"s2","s3",3.92326262393925,9,20,0.5
"s2","s3",2.35439205071657,9,20,0.5
"s2","s3",2.81925750130635,9,20,0.5
"s2","s3",3.00550612772286,9,20,0.5
"s2","s3",2.72737693527165,9,20,0.5
"s2","s3",2.94607270025455,9,20,0.5
"s2","s3",2.9520450660955,9,20,0.5
"s2","s3",3.26541190688415,9,20,0.5
"s2","s3",3.72631232763825,9,20,0.5
"s2","s3",2.98297093538445,9,20,0.5
"s2","s3",4.36216529853028,9,20,0.5
"s2","s3",2.93074339314717,9,20,0.5
"s2","s3",3.61125020123426,9,20,0.5
"s2","s3",3.32342272994004,9,20,0.5
"s2","s3",3.77632148743035,9,20,0.5
"s2","s3",3.64106401500268,9,20,0.5
"s2","s3",2.92052562386463,9,20,0.5
"s2","s3",3.48071016551244,9,20,0.5
"s2","s3",3.01190410334992,9,20,0.5
"s2","s3",3.01190410334992,9,20,0.5
"s2","s3",3.03454299860793,9,20,0.5
"s2","s3",3.28916250469256,9,20,0.5
"s2","s3",2.65618035708632,9,20,0.5
"s2","s3",4.25246725338671,9,20,0.5
"s2","s3",3.03946232968594,9,20,0.5
"s2","s3",2.37703761077967,9,20,0.5
"s2","s3",2.79156073551655,9,20,0.5
"s2","s3",3.53984251008474,9,20,0.5
"s2","s3",3.06009348258356,9,20,0.5
"s2","s3",2.91902695899892,9,20,0.5
"s2","s3",4.40496914757174,9,20,0.5
"s2","s3",2.8698994189631,9,20,0.5
"s2","s3",3.99702338671026,9,20,0.5
"s2","s3",3.19168334469207,9,20,0.5
"s2","s3",3.10535240114294,9,20,0.5
"s2","s3",3.38235990401391,9,20,0.5
"s2","s3",2.65865667017693,9,20,0.5
"s2","s3",3.19788561273081,9,20,0.5
"s2","s3",2.90454044756665,9,20,0.5
"s2","s3",4.34202617683092,9,20,0.5
"s2","s3",2.67189194939105,9,20,0.5
"s2","s3",3.03454299860793,9,20,0.5
"s2","s3",2.84824216674005,9,20,0.5
"s2","s3",3.70086146250461,9,20,0.5
"s2","s3",2.86888836067458,9,20,0.5
"s2","s3",3.19050478571567,9,20,0.5
"s2","s3",3.18690949515755,9,20,0.5
"s2","s3",3.18361265872849,9,20,0.5
"s2","s3",4.47110809874146,9,20,0.5
"s2","s3",3.42803345195511,9,20,0.5
"s2","s3",2.24051333569935,9,20,0.5
"s2","s3",2.50082714051682,9,20,0.5
"s2","s3",2.9520450660955,9,20,0.5
"s2","s3",3.48071016551244,9,20,0.5
"s2","s3",3.23204480497297,9,20,0.5
"s2","s3",2.85815209015669,9,20,0.5
"s2","s3",3.18221161020923,9,20,0.5
"s2","s3",2.97112722585831,9,20,0.5
"s2","s3",3.61125020123426,9,20,0.5
"s2","s3",3.38924042491052,9,20,0.5
"s2","s3",4.68077293604811,9,20,0.5
"s2","s3",3.20782873185073,9,20,0.5
"s2","s3",3.23967487845744,9,20,0.5
"s2","s3",3.25867376053899,9,20,0.5
"s2","s3",3.8107378285831,9,20,0.5
"s2","s3",3.14943070912625,9,20,0.5
"s2","s3",2.57480452852349,9,20,0.5
"s2","s3",2.42229030358655,9,20,0.5
"s2","s3",4.8332282594713,9,20,0.5
"s2","s3",3.57777192253692,9,20,0.5
"s2","s3",2.85952496473772,9,20,0.5
"s2","s3",3.91594043616433,9,20,0.5
"s2","s3",3.23204480497297,9,20,0.5
"s2","s3",4.55674698889051,9,20,0.5
"s2","s3",2.92052562386463,9,20,0.5
"s2","s3",4.18767485695374,9,20,0.5
"s2","s3",3.14943070912625,9,20,0.5
"s2","s3",3.91032125307025,9,20,0.5
"s2","s3",2.92246882137229,9,20,0.5
"s2","s3",5.13812776304326,9,20,0.5
"s2","s3",2.96052578136455,9,20,0.5
"s2","s3",3.50024531307239,9,20,0.5
"s2","s3",4.89312896502542,9,20,0.5
"s2","s3",3.98610835414806,9,20,0.5
"s2","s3",2.61872387283879,9,20,0.5
"s2","s3",2.73616680158589,9,20,0.5
"s2","s3",3.72631232763825,9,20,0.5
"s2","s3",3.29659208282333,9,20,0.5
"s2","s3",3.1603353396489,9,20,0.5
"s2","s3",2.9691417921665,9,20,0.5
"s2","s3",3.33508804140565,9,20,0.5
"s2","s3",2.61758537622257,9,20,0.5
"s2","s3",3.06464745331699,9,20,0.5
"s2","s3",2.2532190599589,9,20,0.5
"s2","s3",3.17055702690916,9,20,0.5
"s2","s3",2.960593429131,9,20,0.5
"s2","s3",3.62402209893725,9,20,0.5
"s2","s3",2.95277405465073,9,20,0.5
"s2","s3",2.65865667017693,9,20,0.5
"s2","s3",3.56860158472686,9,20,0.5
"s2","s3",5.04455981429848,9,20,0.5
"s2","s3",3.61125020123426,9,20,0.5
"s2","s3",3.84766889596171,9,20,0.5
"s2","s3",2.82915042545894,9,20,0.5
"s2","s3",4.1288317861357,9,20,0.5
"s2","s3",2.85861725899741,9,20,0.5
"s2","s3",2.9691417921665,9,20,0.5
"s2","s3",2.79877588618017,9,20,0.5
"s2","s3",3.33508804140565,9,20,0.5
"s2","s3",3.07227896189628,9,20,0.5
"s2","s3",2.50642802015624,9,20,0.5
"s2","s3",3.16000503339006,9,20,0.5
"s2","s3",2.86851543283466,9,20,0.5
"s2","s3",3.00323724593344,9,20,0.5
"s2","s3",4.81951678269916,9,20,0.5
"s2","s3",3.80413679397226,9,20,0.5
"s2","s3",3.29178562633841,9,20,0.5
"s2","s3",2.63759657282337,9,20,0.5
"s2","s3",3.8956768775204,9,20,0.5
"s2","s3",3.19168334469207,9,20,0.5
"s2","s3",2.8775059009316,9,20,0.5
"s2","s3",3.25566141472904,9,20,0.5
"s2","s3",2.76962664193812,9,20,0.5
"s2","s3",3.01670271592744,9,20,0.5
"s2","s3",3.50604604748883,9,20,0.5
"s2","s3",4.06176130700974,9,20,0.5
"s2","s3",2.2532190599589,9,20,0.5
"s2","s3",3.74024881932391,9,20,0.5
"s2","s3",2.9230036083426,9,20,0.5
"s2","s3",4.36216529853028,9,20,0.5
"s2","s3",2.9691417921665,9,20,0.5
"s2","s3",2.87080648667144,9,20,0.5
"s2","s3",2.92835764704322,9,20,0.5
"s2","s3",2.92554994867098,9,20,0.5
"s2","s3",3.23204480497297,9,20,0.5
"s2","s3",2.48851469636572,9,20,0.5
"s2","s3",3.58358889565061,9,20,0.5
"s2","s3",3.23204480497297,9,20,0.5
"s2","s3",4.98399012099757,9,20,0.5
"s2","s3",3.70686732279992,9,20,0.5
"s2","s3",3.61125020123426,9,20,0.5
"s2","s3",2.90151589751864,9,20,0.5
"s2","s3",3.5063642313874,9,20,0.5
"s2","s3",2.41355291993282,9,20,0.5
"s2","s3",2.76962664193812,9,20,0.5
"s2","s3",2.76962664193812,9,20,0.5
"s2","s3",3.22517855261553,9,20,0.5
"s2","s3",3.23204480497297,9,20,0.5
"s2","s3",2.65760776942418,9,20,0.5
"s2","s3",3.04601765470287,9,20,0.5
"s2","s3",5.03664029893743,9,20,0.5
"s2","s3",3.31584006211449,9,20,0.5
"s2","s3",3.73764367595068,9,20,0.5
"s2","s3",2.58219188091273,9,20,0.5
"s2","s3",3.46224672075668,9,20,0.5
"s2","s3",3.18361265872849,9,20,0.5
"s2","s3",4.00884396678835,9,20,0.5
"s2","s3",2.99886243324696,9,20,0.5
"s2","s3",2.73616680158589,9,20,0.5
"s2","s3",4.07716651215962,9,20,0.5
"s2","s3",3.64438676837162,9,20,0.5
"s2","s3",3.24535928275598,9,20,0.5
"s2","s3",2.65760776942418,9,20,0.5
"s2","s3",3.18764800171028,9,20,0.5
"s2","s3",2.83140692315135,9,20,0.5
"s2","s3",2.99107554555031,9,20,0.5
"s2","s3",3.18764800171028,9,20,0.5
"s2","s3",3.40464656961645,9,20,0.5
"s2","s3",3.9974175767283,9,20,0.5
"s2","s3",2.76962664193812,9,20,0.5
"s2","s3",2.68849517105618,9,20,0.5
"s2","s3",2.81486108405185,9,20,0.5
"s2","s3",3.23204480497297,9,20,0.5
"s2","s3",4.43397654454959,9,20,0.5
"s2","s3",3.03287207741452,9,20,0.5
"s2","s3",3.04578488485534,9,20,0.5
"s2","s3",2.81349482909499,9,20,0.5
"s2","s3",2.70750123187333,9,20,0.5
"s2","s3",3.3709945978564,9,20,0.5
"s2","s3",3.23204480497297,9,20,0.5
"s2","s3",3.39374130202019,9,20,0.5
"s2","s3",3.86052954082667,9,20,0.5
"s2","s3",3.29659208282333,9,20,0.5
"s2","s3",3.25566141472904,9,20,0.5
"s2","s3",2.9002547546371,9,20,0.5
"s2","s3",2.80301173259469,9,20,0.5
"s2","s3",4.12965142865962,9,20,0.5
"s2","s3",3.26261065656282,9,20,0.5
"s2","s3",2.69953405488826,9,20,0.5
"s2","s3",2.99886243324696,9,20,0.5
"s2","s3",3.17600934217048,9,20,0.5
"s2","s3",3.29659208282333,9,20,0.5
"s2","s3",3.39794214922841,9,20,0.5
"s2","s3",3.54022288372777,9,20,0.5
"s2","s3",3.11545361910997,9,20,0.5
"s2","s3",3.56860158472686,9,20,0.5
"s2","s3",5.23378538760928,9,20,0.5
"s2","s3",2.9230036083426,9,20,0.5
"s2","s3",4.39310010655433,9,20,0.5
"s2","s3",3.52595296821946,9,20,0.5
"s2","s3",5.33761889807657,9,20,0.5
"s2","s3",3.05051857811387,9,20,0.5
"s2","s3",2.9372569437339,9,20,0.5
"s2","s3",3.72055527006185,9,20,0.5
"s2","s3",4.49104924400929,9,20,0.5
"s2","s3",2.64698399294244,9,20,0.5
"s2","s3",2.91752829413321,9,20,0.5
"s2","s3",3.46224672075668,9,20,0.5
"s2","s3",2.86938421705231,9,20,0.5
"s2","s3",2.83389000287077,9,20,0.5
"s2","s3",2.61758537622257,9,20,0.5
"s2","s3",2.91752829413321,9,20,0.5
"s2","s3",4.98368895329753,9,20,0.5
"s2","s3",2.91752829413321,9,20,0.5
"s2","s3",3.01300929893412,9,20,0.5
"s2","s3",3.20408788076955,9,20,0.5
"s2","s3",2.9230036083426,9,20,0.5
"s2","s3",4.1288317861357,9,20,0.5
"s2","s3",3.0623268829919,9,20,0.5
"s2","s3",3.36863461318938,9,20,0.5
"s2","s3",2.44109067819271,9,20,0.5
"s2","s3",2.8932083274039,9,20,0.5
"s2","s3",2.27248004229753,9,20,0.5
"s2","s3",3.3635542897371,9,20,0.5
"s2","s3",2.41234162555439,9,20,0.5
"s2","s3",3.9974175767283,9,20,0.5
"s2","s3",3.28356642318931,9,20,0.5
"s2","s3",3.79265628595619,9,20,0.5
"s2","s3",3.25867376053899,9,20,0.5
"s2","s3",4.27645710601323,9,20,0.5
"s2","s3",2.84631512514036,9,20,0.5
"s2","s3",2.85388356573888,9,20,0.5
"s2","s3",2.92052562386463,9,20,0.5
"s2","s3",3.61125020123426,9,20,0.5
"s2","s3",3.71553473575239,9,20,0.5
"s2","s3",3.74801005084494,9,20,0.5
"s2","s3",2.90119142427487,9,20,0.5
"s2","s3",3.26431844389815,9,20,0.5
"s2","s3",3.47631940590687,9,20,0.5
"s2","s3",3.62184486171976,9,20,0.5
"s2","s3",3.25606697107488,9,20,0.5
"s2","s3",3.19168334469207,9,20,0.5
"s2","s3",2.9519097705626,9,20,0.5
"s2","s3",3.41442356184738,9,20,0.5
"s2","s3",3.27912084003928,9,20,0.5
"s2","s3",3.67444693859247,9,20,0.5
"s2","s3",4.86942567479895,9,20,0.5
"s2","s3",2.69164917516948,9,20,0.5
"s2","s3",3.19168334469207,9,20,0.5
"s2","s3",2.39012589943491,9,20,0.5
"s2","s3",2.86899235125476,9,20,0.5
"s2","s3",3.01300929893412,9,20,0.5
"s2","s3",4.41680150354396,9,20,0.5
"s2","s3",2.76747134388303,9,20,0.5
"s2","s3",2.81486108405185,9,20,0.5
"s2","s3",2.82970550121797,9,20,0.5
"s2","s3",2.59462077207661,9,20,0.5
"s2","s3",2.81349482909499,9,20,0.5
"s2","s3",2.49650751765026,9,20,0.5
"s2","s3",2.43636506595905,9,20,0.5
"s2","s3",3.8956768775204,9,20,0.5
"s2","s3",3.87167288674106,9,20,0.5
"s2","s3",4.55254422270423,9,20,0.5
"s2","s3",2.60922086967624,9,20,0.5
"s2","s3",4.45326750434384,9,20,0.5
"s2","s3",4.86942567479895,9,20,0.5
"s2","s3",2.99886243324696,9,20,0.5
"s2","s3",2.79877588618017,9,20,0.5
"s2","s3",3.32925538567284,9,20,0.5
"s2","s3",3.47625175814043,9,20,0.5
"s2","s3",3.25867376053899,9,20,0.5
"s2","s3",3.64130112613501,9,20,0.5
"s2","s3",3.15453707398806,9,20,0.5
"s2","s3",3.07227896189628,9,20,0.5
"s2","s3",3.91032125307025,9,20,0.5
"s2","s3",2.86899235125476,9,20,0.5
"s2","s3",2.82021656430478,9,20,0.5
"s2","s3",2.60253829574,9,20,0.5
"s2","s3",2.52386683442954,9,20,0.5
"s2","s3",3.05545798875431,9,20,0.5
"s2","s3",3.06506197951412,9,20,0.5
"s2","s3",4.62100412274107,9,20,0.5
"s2","s3",2.44331670854258,9,20,0.5
"s2","s3",3.86337286210326,9,20,0.5
"s2","s3",3.02539065028952,9,20,0.5
"s2","s3",2.99346519293277,9,20,0.5
"s2","s3",4.81951678269916,9,20,0.5
"s2","s3",2.91433337845211,9,20,0.5
"s2","s3",3.91032125307025,9,20,0.5
"s2","s3",3.20799837718897,9,20,0.5
"s2","s3",3.11739080328406,9,20,0.5
"s2","s3",2.70750123187333,9,20,0.5
"s2","s3",3.21186407483252,9,20,0.5
"s2","s3",4.44904375423033,9,20,0.5
"s2","s3",3.44067714355544,9,20,0.5
"s2","s3",2.84507613290137,9,20,0.5
"s2","s3",4.13149905672217,9,20,0.5
"s2","s3",2.87080648667144,9,20,0.5
"s2","s3",3.58358889565061,9,20,0.5
"s2","s3",3.19168334469207,9,20,0.5
"s2","s3",2.73616680158589,9,20,0.5
"s2","s3",3.20408788076955,9,20,0.5
"s2","s3",3.28857346148127,9,20,0.5
"s2","s3",2.94019253445872,9,20,0.5
"s2","s3",3.84766889596171,9,20,0.5
"s2","s3",3.14943070912625,9,20,0.5
"s2","s3",3.33005908181364,9,20,0.5
"s2","s3",2.76962664193812,9,20,0.5
"s2","s3",5.44078599534303,9,20,0.5
"s2","s3",4.43418093980535,9,20,0.5
"s2","s3",2.9691417921665,9,20,0.5
"s2","s3",3.98834450110247,9,20,0.5
"s2","s3",4.84865747248411,9,20,0.5
"s2","s3",3.07081972098701,9,20,0.5
"s2","s3",5.10217819948313,9,20,0.5
"s2","s3",3.20408788076955,9,20,0.5
"s2","s3",3.8292033622724,9,20,0.5
"s2","s3",3.70503394587643,9,20,0.5
"s2","s3",3.34886469609045,9,20,0.5
"s2","s3",3.23298559331089,9,20,0.5
"s2","s3",3.12132453192015,9,20,0.5
"s2","s3",3.20408788076955,9,20,0.5
"s2","s3",2.98400211270673,9,20,0.5
"s2","s3",4.35822786196065,9,20,0.5
"s2","s3",4.86930366641865,9,20,0.5
"s2","s3",4.15396027027886,9,20,0.5
"s2","s3",3.64404990439554,9,20,0.5
"s2","s3",3.58340057554308,9,20,0.5
"s2","s3",4.03501499405052,9,20,0.5
"s2","s3",3.55467677188127,9,20,0.5
"s2","s3",2.45042816096006,9,20,0.5
"s2","s3",2.69458269774316,9,20,0.5
"s2","s3",2.56471261575095,9,20,0.5
"s2","s3",3.8107378285831,9,20,0.5
"s2","s3",3.70818365027954,9,20,0.5
"s2","s3",3.93620399480825,9,20,0.5
"s2","s3",2.61758537622257,9,20,0.5
"s2","s3",2.9691417921665,9,20,0.5
"s2","s3",2.92246882137229,9,20,0.5
"s2","s3",3.29317650815267,9,20,0.5
"s2","s3",4.68077293604811,9,20,0.5
"s2","s3",3.8107378285831,9,20,0.5
"s2","s3",2.74843522107476,9,20,0.5
"s2","s3",3.1053350102827,9,20,0.5
"s2","s3",4.2518460213664,9,20,0.5
"s2","s3",3.12289351723924,9,20,0.5
"s2","s3",2.53959489763869,9,20,0.5
"s2","s3",2.9691417921665,9,20,0.5
"s2","s3",3.01300929893412,9,20,0.5
"s2","s3",2.81633294452547,9,20,0.5
"s2","s3",2.99886243324696,9,20,0.5
"s2","s3",3.373059042193,9,20,0.5
"s2","s3",2.92052562386463,9,20,0.5
"s2","s3",2.87324912609318,9,20,0.5
"s2","s3",2.8775059009316,9,20,0.5
"s2","s3",4.74960561835361,9,20,0.5
"s2","s3",2.9519097705626,9,20,0.5
"s2","s3",3.01300929893412,9,20,0.5
"s2","s3",3.98610835414806,9,20,0.5
"s2","s3",3.0002710990826,9,20,0.5
"s2","s3",2.81486108405185,9,20,0.5
"s2","s3",2.81457580333792,9,20,0.5
"s2","s3",2.62907066915192,9,20,0.5
"s2","s3",2.79003829539823,9,20,0.5
"s2","s3",3.40967186188352,9,20,0.5
"s2","s3",2.9519097705626,9,20,0.5
"s2","s3",3.78759120634809,9,20,0.5
"s2","s3",4.1552172388832,9,20,0.5
"s2","s3",3.21186407483252,9,20,0.5
"s2","s3",3.66938185898436,9,20,0.5
"s2","s3",5.41485688539156,9,20,0.5
"s2","s3",4.87979775826818,9,20,0.5
"s2","s3",3.44067714355544,9,20,0.5
"s2","s3",3.01190410334992,9,20,0.5
"s2","s3",2.41668308607911,9,20,0.5
"s2","s3",4.00217515389429,9,20,0.5
"s2","s3",3.58340057554308,9,20,0.5
"s2","s3",3.01300929893412,9,20,0.5
"s2","s3",3.495903502174,9,20,0.5
"s2","s3",2.89958206685733,9,20,0.5
"s2","s3",2.17591431650011,9,20,0.5
"s2","s3",4.87979775826818,9,20,0.5
"s2","s3",3.20782873185073,9,20,0.5
"s2","s3",2.86888836067458,9,20,0.5
"s2","s3",3.31064261494175,9,20,0.5
"s2","s3",2.86899235125476,9,20,0.5
"s2","s3",4.44904375423033,9,20,0.5
"s2","s3",2.76668469767261,9,20,0.5
"s2","s3",2.75289672176201,9,20,0.5
"s2","s3",2.92332384654905,9,20,0.5
"s2","s3",3.42755035270141,9,20,0.5
"s2","s3",3.61125020123426,9,20,0.5
"s2","s3",3.61125020123426,9,20,0.5
"s2","s3",4.13180715584522,9,20,0.5
"s2","s3",3.7988176905186,9,20,0.5
"s2","s3",2.7596732480426,9,20,0.5
"s2","s3",3.91032125307025,9,20,0.5
"s2","s3",3.03454299860793,9,20,0.5
"s2","s3",2.82628323862134,9,20,0.5
"s2","s3",2.86899235125476,9,20,0.5
"s2","s3",2.75099500007558,9,20,0.5
"s2","s3",2.58891869932181,9,20,0.5
"s2","s3",3.23204480497297,9,20,0.5
"s2","s3",3.98610835414806,9,20,0.5
"s2","s3",4.64109997487389,9,20,0.5
"s2","s3",2.39012589943491,9,20,0.5
"s2","s3",3.07081972098701,9,20,0.5
"s2","s3",3.38754196011757,9,20,0.5
"s2","s3",2.61758537622257,9,20,0.5
"s2","s3",3.44067714355544,9,20,0.5
"s2","s3",4.88704329952449,9,20,0.5
"s2","s3",4.21345778855957,9,20,0.5
"s2","s3",4.41353832555196,9,20,0.5
"s2","s3",2.84824216674005,9,20,0.5
"s2","s3",4.35684482024288,9,20,0.5
"s2","s3",3.12252705195355,9,20,0.5
"s2","s3",3.03454299860793,9,20,0.5
"s2","s3",3.49039209105707,9,20,0.5
"s2","s3",3.17471780412852,9,20,0.5
"s2","s3",2.65760776942418,9,20,0.5
"s2","s3",4.40191844962344,9,20,0.5
"s2","s3",3.11545361910997,9,20,0.5
"s2","s3",3.56726521816783,9,20,0.5
"s2","s3",3.7419051462776,9,20,0.5
"s2","s3",4.3698603546973,9,20,0.5
"s2","s3",3.50604604748883,9,20,0.5
"s2","s3",3.99722048171928,9,20,0.5
"s2","s3",3.61125020123426,9,20,0.5
"s2","s3",3.9974175767283,9,20,0.5
"s2","s3",4.15970873503078,9,20,0.5
"s2","s3",3.88476990045561,9,20,0.5
"s2","s3",2.96361004014509,9,20,0.5
"s2","s3",3.09831097883131,9,20,0.5
"s2","s3",2.83389000287077,9,20,0.5
"s2","s3",4.56514593929514,9,20,0.5
"s2","s3",3.49039209105707,9,20,0.5
"s2","s3",2.99329403235172,9,20,0.5
"s2","s3",2.76747134388303,9,20,0.5
"s2","s3",4.06176130700974,9,20,0.5
"s2","s3",2.94874971960486,9,20,0.5
"s2","s3",3.76520099899382,9,20,0.5
"s2","s3",3.54429364383958,9,20,0.5
"s2","s3",3.56190588968919,9,20,0.5
"s2","s3",3.25566141472904,9,20,0.5
"s2","s3",4.87461171653356,9,20,0.5
"s2","s3",2.86899235125476,9,20,0.5
"s2","s3",3.24535928275598,9,20,0.5
"s2","s3",1.81663011468199,9,20,0.5
"s2","s3",2.61758537622257,9,20,0.5
"s2","s3",2.68681119983068,9,20,0.5
"s2","s3",3.46733646558715,9,20,0.5
"s2","s3",3.8107378285831,9,20,0.5
"s2","s3",4.02371993480091,9,20,0.5
"s2","s3",3.10584717239207,9,20,0.5
"s2","s3",4.40796993755465,9,20,0.5
"s2","s3",3.01300929893412,9,20,0.5
"s2","s3",5.64624154729859,9,20,0.5
"s2","s3",3.14177418534212,9,20,0.5
"s2","s3",3.61125020123426,9,20,0.5
"s2","s3",3.10854858985183,9,20,0.5
"s2","s3",3.12132453192015,9,20,0.5
"s2","s3",4.36267237076545,9,20,0.5
"s2","s3",4.40054143821753,9,20,0.5
"s2","s3",2.68512722860517,9,20,0.5
"s2","s3",3.6954314729308,9,20,0.5
"s2","s3",2.65760776942418,9,20,0.5
"s2","s3",3.00550612772286,9,20,0.5
"s2","s3",3.50604604748883,9,20,0.5
"s2","s3",3.1603353396489,9,20,0.5
"s2","s3",3.28614867409598,9,20,0.5
"s2","s3",3.46224672075668,9,20,0.5
"s2","s3",2.4920012876228,9,20,0.5
"s2","s3",4.02531333796947,9,20,0.5
"s2","s3",3.34723998591331,9,20,0.5
"s2","s3",2.63759657282337,9,20,0.5
"s2","s3",3.56726521816783,9,20,0.5
"s2","s3",2.25409619536018,9,20,0.5
"s2","s3",3.75121922528259,9,20,0.5
"s2","s3",3.14177418534212,9,20,0.5
"s2","s3",3.37453292579803,9,20,0.5
"s2","s3",2.41513192169377,9,20,0.5
"s2","s3",3.58358889565061,9,20,0.5
"s2","s3",4.24220054146928,9,20,0.5
"s2","s3",2.3487986224523,9,20,0.5
"s2","s3",2.8523482447711,9,20,0.5
"s2","s3",2.89663765402187,9,20,0.5
"s2","s3",3.61125020123426,9,20,0.5
"s2","s3",3.13639740805164,9,20,0.5
"s2","s3",3.20782873185073,9,20,0.5
"s2","s3",3.1603353396489,9,20,0.5
"s2","s3",3.58340057554308,9,20,0.5
"s2","s3",3.12721618985775,9,20,0.5
"s2","s3",3.18361265872849,9,20,0.5
"s2","s3",4.91695426363219,9,20,0.5
"s2","s3",3.29645678729044,9,20,0.5
"s2","s3",3.14660837957346,9,20,0.5
"s2","s3",2.55576492580066,9,20,0.5
"s2","s3",3.23204480497297,9,20,0.5
"s2","s3",2.50598284382218,9,20,0.5
"s2","s3",4.94667989248216,9,20,0.5
"s2","s3",4.1975415503095,9,20,0.5
"s2","s3",2.91906707171063,9,20,0.5
"s2","s3",3.49039209105707,9,20,0.5
"s2","s3",2.93427509075097,9,20,0.5
"s2","s3",2.65370404399571,9,20,0.5
"s2","s3",3.9933142665986,9,20,0.5
"s2","s3",3.41442356184738,9,20,0.5
"s2","s3",3.11369578729078,9,20,0.5
"s2","s3",3.12132453192015,9,20,0.5
"s2","s3",3.54022288372777,9,20,0.5
"s2","s3",3.00368099880308,9,20,0.5
"s2","s3",3.12289351723924,9,20,0.5
"s2","s3",3.61125020123426,9,20,0.5
"s2","s3",3.25755303731605,9,20,0.5
"s2","s3",4.30446544180429,9,20,0.5
"s2","s3",2.65760776942418,9,20,0.5
"s2","s3",3.10584717239207,9,20,0.5
"s2","s3",3.18361265872849,9,20,0.5
"s2","s3",3.74686091430666,9,20,0.5
"s2","s3",3.16672876501709,9,20,0.5
"s2","s3",2.6246747808633,9,20,0.5
"s2","s3",3.23204480497297,9,20,0.5
"s2","s3",2.71678122483996,9,20,0.5
"s2","s3",3.8107378285831,9,20,0.5
"s2","s3",2.35641149669869,9,20,0.5
"s2","s3",2.68512722860517,9,20,0.5
"s2","s3",2.88852662943547,9,20,0.5
"s2","s3",5.15890716994793,9,20,0.5
"s2","s3",3.55467677188127,9,20,0.5
"s2","s3",3.11551530530094,9,20,0.5
"s2","s3",4.36309034705232,9,20,0.5
"s2","s3",4.53551499263065,9,20,0.5
"s2","s3",3.8956768775204,9,20,0.5
"s2","s3",2.85952496473772,9,20,0.5
"s2","s3",3.23204480497297,9,20,0.5
"s2","s3",3.03454299860793,9,20,0.5
"s2","s3",3.54022288372777,9,20,0.5
"s2","s3",2.89566605526803,9,20,0.5
"s2","s3",2.70750123187333,9,20,0.5
"s2","s3",4.57791565560561,9,20,0.5
"s2","s3",2.49650751765026,9,20,0.5
"s2","s3",2.75642050322512,9,20,0.5
"s2","s3",3.14772725803514,9,20,0.5
"s2","s3",3.19168334469207,9,20,0.5
"s2","s3",2.59809548471938,9,20,0.5
"s2","s3",3.61125020123426,9,20,0.5
"s2","s3",2.26942987345923,9,20,0.5
"s2","s3",3.25360360200612,9,20,0.5
"s2","s3",3.21186407483252,9,20,0.5
"s2","s3",3.1767592949479,9,20,0.5
"s2","s3",3.12132453192015,9,20,0.5
"s2","s3",2.35437693467313,9,20,0.5
"s2","s3",3.19168334469207,9,20,0.5
"s2","s3",3.47336159552214,9,20,0.5
"s2","s3",3.38080566354394,9,20,0.5
"s2","s3",2.41668308607911,9,20,0.5
"s2","s3",2.29674808328301,9,20,0.5
"s2","s3",2.55326661242974,9,20,0.5
"s2","s3",4.13128273008065,9,20,0.5
"s2","s3",3.05812661826551,9,20,0.5
"s2","s3",2.81779876043635,9,20,0.5
"s2","s3",3.08041256842928,9,20,0.5
"s2","s3",3.44067714355544,9,20,0.5
"s2","s3",3.25566141472904,9,20,0.5
"s2","s3",2.66103539412796,9,20,0.5
"s2","s3",4.16972187677961,9,20,0.5
"s2","s3",2.9520450660955,9,20,0.5
"s2","s3",2.9519097705626,9,20,0.5
"s2","s3",3.82324329324015,9,20,0.5
"s2","s3",3.09831097883131,9,20,0.5
"s2","s3",4.45862798743921,9,20,0.5
"s2","s3",4.1975415503095,9,20,0.5
"s2","s3",3.61125020123426,9,20,0.5
"s2","s3",2.90454044756665,9,20,0.5
"s2","s3",4.41307688453243,9,20,0.5
"s2","s3",2.76962664193812,9,20,0.5
"s2","s3",3.61125020123426,9,20,0.5
"s2","s3",3.01670271592744,9,20,0.5
"s2","s3",2.99346519293277,9,20,0.5
"s2","s3",3.15488302438757,9,20,0.5
"s2","s3",2.67189194939105,9,20,0.5
"s2","s3",4.86846897248667,9,20,0.5
"s2","s3",2.27248004229753,9,20,0.5
"s2","s3",4.36309034705232,9,20,0.5
"s2","s3",3.40789910345904,9,20,0.5
"s2","s3",3.28614867409598,9,20,0.5
"s2","s3",3.13639740805164,9,20,0.5
"s2","s3",2.9691417921665,9,20,0.5
"s2","s3",4.26096594634502,9,20,0.5
"s2","s3",2.65865667017693,9,20,0.5
"s2","s3",3.55477093193503,9,20,0.5
"s2","s3",3.05928625064637,9,20,0.5
"s2","s3",2.8775059009316,9,20,0.5
"s2","s3",2.9230036083426,9,20,0.5
"s2","s3",3.35407354179933,9,20,0.5
"s2","s3",3.19168334469207,9,20,0.5
"s2","s3",3.45959843071326,9,20,0.5
"s2","s3",3.97663818903259,9,20,0.5
"s2","s3",2.85952496473772,9,20,0.5
"s2","s3",3.74801005084494,9,20,0.5
"s2","s3",3.98836047697399,9,20,0.5
"s2","s3",4.2520860633657,9,20,0.5
"s2","s3",2.9691417921665,9,20,0.5
"s2","s3",2.97955561291454,9,20,0.5
"s2","s3",3.29327866895226,9,20,0.5
"s2","s3",3.21186407483252,9,20,0.5
"s2","s3",2.6526790248305,9,20,0.5
"s2","s3",4.031097351789,9,20,0.5
"s2","s3",4.06176130700974,9,20,0.5
"s2","s3",3.16404037637185,9,20,0.5
"s2","s3",3.29659208282333,9,20,0.5
"s2","s3",2.46828702817398,9,20,0.5
"s2","s3",2.83389000287077,9,20,0.5
"s2","s3",2.91997413941897,9,20,0.5
"s2","s3",2.9969116646648,9,20,0.5
"s2","s3",2.96052578136455,9,20,0.5
"s2","s3",3.19168334469207,9,20,0.5
"s2","s3",4.35684482024288,9,20,0.5
"s2","s3",2.94605115251066,9,20,0.5
"s2","s3",3.39555255721461,9,20,0.5
"s2","s3",3.648957799584,9,20,0.5
"s2","s3",4.04416613433444,9,20,0.5
"s2","s3",3.38754196011757,9,20,0.5
"s2","s3",3.26355144490074,9,20,0.5
"s2","s3",3.818791011899,9,20,0.5
"s2","s3",4.05042453838896,9,20,0.5
"s2","s3",3.19168334469207,9,20,0.5
"s2","s3",4.19309615558268,9,20,0.5
"s2","s3",3.06564380397873,9,20,0.5
"s2","s3",3.2339263816488,9,20,0.5
"s2","s3",4.28748490006118,9,20,0.5
"s2","s3",2.76962664193812,9,20,0.5
"s2","s3",4.36626636273138,9,20,0.5
"s2","s3",3.25867376053899,9,20,0.5
"s2","s3",3.26739112738416,9,20,0.5
"s2","s3",2.61758537622257,9,20,0.5
"s2","s3",2.91513467819915,9,20,0.5
"s2","s3",3.49719389357734,9,20,0.5
"s2","s3",3.76912567265878,9,20,0.5
"s2","s3",2.83477864944043,9,20,0.5
"s2","s3",3.7419051462776,9,20,0.5
"s2","s3",3.12606947673588,9,20,0.5
"s2","s3",3.90183322664367,9,20,0.5
"s2","s3",2.99886243324696,9,20,0.5
"s2","s3",3.23204480497297,9,20,0.5
"s2","s3",2.70750123187333,9,20,0.5
"s2","s3",4.91890449615145,9,20,0.5
"s2","s3",4.1975415503095,9,20,0.5
"s2","s3",2.83155162539595,9,20,0.5
"s2","s3",2.93640631713495,9,20,0.5
"s2","s3",2.68104659072877,9,20,0.5
"s2","s3",3.1603353396489,9,20,0.5
"s2","s3",3.84766889596171,9,20,0.5
"s2","s3",3.18361265872849,9,20,0.5
"s2","s3",2.81417795657342,9,20,0.5
"s2","s3",3.99702338671026,9,20,0.5
"s2","s3",3.08611866971585,9,20,0.5
"s2","s3",3.15662578832586,9,20,0.5
"s2","s3",3.61763615008576,9,20,0.5
"s2","s3",2.64678485494745,9,20,0.5
"s2","s3",2.67136749901467,9,20,0.5
"s2","s3",3.57566914612472,9,20,0.5
"s2","s3",3.43345580798165,9,20,0.5
"s2","s3",3.22400087593585,9,20,0.5
"s2","s3",3.61125020123426,9,20,0.5
"s2","s3",2.9230036083426,9,20,0.5
"s2","s3",2.84187472236322,9,20,0.5
"s2","s3",3.05734347651733,9,20,0.5
"s2","s3",2.92052562386463,9,20,0.5
"s2","s3",2.73616680158589,9,20,0.5
"s2","s3",3.23204480497297,9,20,0.5
"s2","s3",5.60099790824659,9,20,0.5
"s2","s3",3.69363102192809,9,20,0.5
"s2","s3",3.33508804140565,9,20,0.5
"s2","s3",4.67362285880679,9,20,0.5
"s2","s3",3.36856696542294,9,20,0.5
"s2","s3",2.3487986224523,9,20,0.5
"s2","s3",2.6246747808633,9,20,0.5
"s2","s3",2.48851469636572,9,20,0.5
"s2","s3",3.373059042193,9,20,0.5
"s2","s3",3.49337810650063,9,20,0.5
"s2","s3",2.83389000287077,9,20,0.5
"s2","s3",3.17600934217048,9,20,0.5
"s2","s3",3.19168334469207,9,20,0.5
"s2","s3",3.61125020123426,9,20,0.5
"s2","s3",3.37760887078106,9,20,0.5
"s2","s3",4.86852799269818,9,20,0.5
"s2","s3",4.44047050962901,9,20,0.5
"s2","s3",2.9691417921665,9,20,0.5
"s2","s3",2.85138918177268,9,20,0.5
"s2","s3",2.73640930662432,9,20,0.5
"s2","s4",2.48516137203393,9,20,0.5
"s2","s4",3.38010696839025,9,20,0.5
"s2","s4",3.0180007506568,9,20,0.5
"s2","s4",3.52303190043,9,20,0.5
"s2","s4",2.37905865354328,9,20,0.5
"s2","s4",2.89573635642511,9,20,0.5
"s2","s4",2.38579929226013,9,20,0.5
"s2","s4",2.30154615413152,9,20,0.5
"s2","s4",3.65455970201496,9,20,0.5
"s2","s4",3.82908105516091,9,20,0.5
"s2","s4",2.98106111357429,9,20,0.5
"s2","s4",2.50800883363136,9,20,0.5
"s2","s4",3.66320370245273,9,20,0.5
"s2","s4",2.4549292355102,9,20,0.5
"s2","s4",3.36917575328877,9,20,0.5
"s2","s4",3.93150249614116,9,20,0.5
"s2","s4",2.15482361609571,9,20,0.5
"s2","s4",1.71890234532912,9,20,0.5
"s2","s4",2.68068258831041,9,20,0.5
"s2","s4",2.57080926305784,9,20,0.5
"s2","s4",2.72200874270888,9,20,0.5
"s2","s4",1.99933715131995,9,20,0.5
"s2","s4",3.53262884919088,9,20,0.5
"s2","s4",2.83784832779122,9,20,0.5
"s2","s4",2.81585496699176,9,20,0.5
"s2","s4",2.82538041213919,9,20,0.5
"s2","s4",1.98415245593106,9,20,0.5
"s2","s4",2.03749488852157,9,20,0.5
"s2","s4",3.07105119922973,9,20,0.5
"s2","s4",2.47141692246025,9,20,0.5
"s2","s4",2.21175896058369,9,20,0.5
"s2","s4",2.15826551596637,9,20,0.5
"s2","s4",3.09927554257262,9,20,0.5
"s2","s4",3.16029301152328,9,20,0.5
"s2","s4",2.05654408653489,9,20,0.5
"s2","s4",2.15826551596637,9,20,0.5
"s2","s4",2.20037622867668,9,20,0.5
"s2","s4",2.6331506860171,9,20,0.5
"s2","s4",3.04635295978216,9,20,0.5
"s2","s4",2.17148211742508,9,20,0.5
"s2","s4",3.56217143894747,9,20,0.5
"s2","s4",2.20639956984447,9,20,0.5
"s2","s4",2.21121760041864,9,20,0.5
"s2","s4",1.89197073403129,9,20,0.5
"s2","s4",2.40202126437659,9,20,0.5
"s2","s4",2.15826551596637,9,20,0.5
"s2","s4",2.2022703481784,9,20,0.5
"s2","s4",3.10095585194827,9,20,0.5
"s2","s4",2.17755023332215,9,20,0.5
"s2","s4",2.54503251018775,9,20,0.5
"s2","s4",2.77603567737721,9,20,0.5
"s2","s4",4.16624088212468,9,20,0.5
"s2","s4",2.18200463125928,9,20,0.5
"s2","s4",2.61144961703598,9,20,0.5
"s2","s4",2.11327732000122,9,20,0.5
"s2","s4",2.99022955347533,9,20,0.5
"s2","s4",2.4175384976077,9,20,0.5
"s2","s4",2.15600036240199,9,20,0.5
"s2","s4",3.38667208026389,9,20,0.5
"s2","s4",2.62000234108781,9,20,0.5
"s2","s4",2.48516137203393,9,20,0.5
"s2","s4",3.1567253717524,9,20,0.5
"s2","s4",3.44822887616296,9,20,0.5
"s2","s4",3.54812613532936,9,20,0.5
"s2","s4",2.66531603795834,9,20,0.5
"s2","s4",3.75465843392737,9,20,0.5
"s2","s4",3.14509754683646,9,20,0.5
"s2","s4",3.56758096053036,9,20,0.5
"s2","s4",2.39652600852124,9,20,0.5
"s2","s4",3.20352111535542,9,20,0.5
"s2","s4",2.40202126437659,9,20,0.5
"s2","s4",2.42994940436904,9,20,0.5
"s2","s4",2.4549292355102,9,20,0.5
"s2","s4",2.37302412492271,9,20,0.5
"s2","s4",1.94104822110802,9,20,0.5
"s2","s4",2.52967574471892,9,20,0.5
"s2","s4",2.72200874270888,9,20,0.5
"s2","s4",3.08585654835765,9,20,0.5
"s2","s4",3.20922781594598,9,20,0.5
"s2","s4",2.20639956984447,9,20,0.5
"s2","s4",3.1567253717524,9,20,0.5
"s2","s4",4.27934022638847,9,20,0.5
"s2","s4",2.38804389192689,9,20,0.5
"s2","s4",3.72306557404971,9,20,0.5
"s2","s4",2.20574374655219,9,20,0.5
"s2","s4",3.43722851881767,9,20,0.5
"s2","s4",2.57080926305784,9,20,0.5
"s2","s4",2.87854839547575,9,20,0.5
"s2","s4",2.96465874359701,9,20,0.5
"s2","s4",2.93654674088931,9,20,0.5
"s2","s4",3.51984112621836,9,20,0.5
"s2","s4",2.33572889125189,9,20,0.5
"s2","s4",1.9728375017257,9,20,0.5
"s2","s4",2.4549292355102,9,20,0.5
"s2","s4",2.58202316028342,9,20,0.5
"s2","s4",2.52701190909777,9,20,0.5
"s2","s4",2.20379892160371,9,20,0.5
"s2","s4",2.51102407300833,9,20,0.5
"s2","s4",2.34818948622628,9,20,0.5
"s2","s4",3.83235173052228,9,20,0.5
"s2","s4",2.1115619550387,9,20,0.5
"s2","s4",2.31874911648599,9,20,0.5
"s2","s4",2.93654674088931,9,20,0.5
"s2","s4",3.64451255692542,9,20,0.5
"s2","s4",2.20574374655219,9,20,0.5
"s2","s4",2.18711617478958,9,20,0.5
"s2","s4",2.61577841216001,9,20,0.5
"s2","s4",2.75913008569094,9,20,0.5
"s2","s4",2.56079871124609,9,20,0.5
"s2","s4",2.69476140767047,9,20,0.5
"s2","s4",2.81826289151135,9,20,0.5
"s2","s4",2.97727374577305,9,20,0.5
"s2","s4",1.85517554579209,9,20,0.5
"s2","s4",2.83751745009124,9,20,0.5
"s2","s4",2.3252481824295,9,20,0.5
"s2","s4",2.40977988099214,9,20,0.5
"s2","s4",3.66610598783838,9,20,0.5
"s2","s4",2.21121760041864,9,20,0.5
"s2","s4",3.04790665273554,9,20,0.5
"s2","s4",2.92385417835934,9,20,0.5
"s2","s4",2.9839175294447,9,20,0.5
"s2","s4",3.75038633167998,9,20,0.5
"s2","s4",3.20759756925135,9,20,0.5
"s2","s4",2.99953093211555,9,20,0.5
"s2","s4",3.04969047262098,9,20,0.5
"s2","s4",1.79400358298165,9,20,0.5
"s2","s4",3.39968821565081,9,20,0.5
"s2","s4",2.79633709703131,9,20,0.5
"s2","s4",3.09089735343962,9,20,0.5
"s2","s4",2.81826289151135,9,20,0.5
"s2","s4",3.89967660892402,9,20,0.5
"s2","s4",4.69730512544629,9,20,0.5
"s2","s4",2.40166889493392,9,20,0.5
"s2","s4",4.3585363991012,9,20,0.5
"s2","s4",2.14204321444837,9,20,0.5
"s2","s4",2.90861438547259,9,20,0.5
"s2","s4",2.39391027831836,9,20,0.5
"s2","s4",2.85897409862758,9,20,0.5
"s2","s4",2.52967574471892,9,20,0.5
"s2","s4",3.82211991192334,9,20,0.5
"s2","s4",3.39340883255523,9,20,0.5
"s2","s4",1.57663083084779,9,20,0.5
"s2","s4",4.11074749665723,9,20,0.5
"s2","s4",1.99991248676705,9,20,0.5
"s2","s4",2.35339650420644,9,20,0.5
"s2","s4",2.7783828992387,9,20,0.5
"s2","s4",1.98683767507493,9,20,0.5
"s2","s4",2.72694143894766,9,20,0.5
"s2","s4",1.69316550722627,9,20,0.5
"s2","s4",3.17068800934029,9,20,0.5
"s2","s4",2.80536073646425,9,20,0.5
"s2","s4",3.37272852772729,9,20,0.5
"s2","s4",2.99022955347533,9,20,0.5
"s2","s4",1.87509047472965,9,20,0.5
"s2","s4",2.92385417835934,9,20,0.5
"s2","s4",1.66266497659251,9,20,0.5
"s2","s4",2.90940237401005,9,20,0.5
"s2","s4",2.72694143894766,9,20,0.5
"s2","s4",3.55922843568261,9,20,0.5
"s2","s4",2.15826551596637,9,20,0.5
"s2","s4",3.7828912983812,9,20,0.5
"s2","s4",3.27732219384824,9,20,0.5
"s2","s4",2.83616765737088,9,20,0.5
"s2","s4",2.52967574471892,9,20,0.5
"s2","s4",2.81826289151135,9,20,0.5
"s2","s4",2.37451630165941,9,20,0.5
"s2","s4",2.41904116879101,9,20,0.5
"s2","s4",1.95480638796726,9,20,0.5
"s2","s4",2.25337954582711,9,20,0.5
"s2","s4",2.75438494325483,9,20,0.5
"s2","s4",1.98683767507493,9,20,0.5
"s2","s4",2.51162785263387,9,20,0.5
"s2","s4",2.28324559527445,9,20,0.5
"s2","s4",3.52138486536553,9,20,0.5
"s2","s4",2.17345908861169,9,20,0.5
"s2","s4",2.87933980567436,9,20,0.5
"s2","s4",3.10014458988242,9,20,0.5
"s2","s4",2.81032187336696,9,20,0.5
"s2","s4",2.85031624344325,9,20,0.5
"s2","s4",4.27199417245976,9,20,0.5
"s2","s4",2.34905746326363,9,20,0.5
"s2","s4",2.76532400894835,9,20,0.5
"s2","s4",2.7158793161593,9,20,0.5
"s2","s4",2.27513940463584,9,20,0.5
"s2","s4",2.16745222672667,9,20,0.5
"s2","s4",3.81909058807309,9,20,0.5
"s2","s4",2.4175384976077,9,20,0.5
"s2","s4",2.87933980567436,9,20,0.5
"s2","s4",2.43031366494512,9,20,0.5
"s2","s4",2.57080926305784,9,20,0.5
"s2","s4",2.46739486133854,9,20,0.5
"s2","s4",3.40410802144205,9,20,0.5
"s2","s4",2.16285887134652,9,20,0.5
"s2","s4",2.44562718619561,9,20,0.5
"s2","s4",3.2225106118125,9,20,0.5
"s2","s4",3.38667208026389,9,20,0.5
"s2","s4",3.02798169197492,9,20,0.5
"s2","s4",3.13957920919568,9,20,0.5
"s2","s4",1.97077777687958,9,20,0.5
"s2","s4",2.98106111357429,9,20,0.5
"s2","s4",2.74066319110124,9,20,0.5
"s2","s4",3.93150249614116,9,20,0.5
"s2","s4",2.79491841291365,9,20,0.5
"s2","s4",3.04996326022118,9,20,0.5
"s2","s4",2.43623386655895,9,20,0.5
"s2","s4",2.61873486513217,9,20,0.5
"s2","s4",3.98443680988789,9,20,0.5
"s2","s4",2.87375624924285,9,20,0.5
"s2","s4",2.14476337191215,9,20,0.5
"s2","s4",2.54503251018775,9,20,0.5
"s2","s4",2.42383475801975,9,20,0.5
"s2","s4",2.51148818746706,9,20,0.5
"s2","s4",2.72694143894766,9,20,0.5
"s2","s4",2.88853839985811,9,20,0.5
"s2","s4",2.84756459518078,9,20,0.5
"s2","s4",2.31874911648599,9,20,0.5
"s2","s4",2.37163625857989,9,20,0.5
"s2","s4",3.41415847045645,9,20,0.5
"s2","s4",4.16453146936414,9,20,0.5
"s2","s4",4.8057196501538,9,20,0.5
"s2","s4",3.75465843392737,9,20,0.5
"s2","s4",3.80385975461495,9,20,0.5
"s2","s4",2.4944644185458,9,20,0.5
"s2","s4",3.64936321910529,9,20,0.5
"s2","s4",3.29377742654085,9,20,0.5
"s2","s4",3.67167590605233,9,20,0.5
"s2","s4",3.44822887616296,9,20,0.5
"s2","s4",3.66756177034958,9,20,0.5
"s2","s4",3.80256715528739,9,20,0.5
"s2","s4",3.62604431538896,9,20,0.5
"s2","s4",2.51593881571612,9,20,0.5
"s2","s4",2.63371953394094,9,20,0.5
"s2","s4",2.47141692246025,9,20,0.5
"s2","s4",2.15826551596637,9,20,0.5
"s2","s4",2.82765559782945,9,20,0.5
"s2","s4",3.34283158289577,9,20,0.5
"s2","s4",2.45201476986432,9,20,0.5
"s2","s4",2.40577027275545,9,20,0.5
"s2","s4",2.61873486513217,9,20,0.5
"s2","s4",2.34778420877412,9,20,0.5
"s2","s4",2.24317850252724,9,20,0.5
"s2","s4",2.26699513071532,9,20,0.5
"s2","s4",3.8251492357736,9,20,0.5
"s2","s4",2.41351385787943,9,20,0.5
"s2","s4",2.15826551596637,9,20,0.5
"s2","s4",2.48504158691479,9,20,0.5
"s2","s4",3.81909058807309,9,20,0.5
"s2","s4",2.76297943878539,9,20,0.5
"s2","s4",1.75550361213748,9,20,0.5
"s2","s4",2.61873486513217,9,20,0.5
"s2","s4",2.55620266234027,9,20,0.5
"s2","s4",3.75445898238335,9,20,0.5
"s2","s4",2.031183707247,9,20,0.5
"s2","s4",2.87631752394512,9,20,0.5
"s2","s4",2.48504158691479,9,20,0.5
"s2","s4",2.37302412492271,9,20,0.5
"s2","s4",2.30426941004183,9,20,0.5
"s2","s4",2.92189021442798,9,20,0.5
"s2","s4",2.61873486513217,9,20,0.5
"s2","s4",2.57862755194639,9,20,0.5
"s2","s4",2.52701190909777,9,20,0.5
"s2","s4",3.40410802144205,9,20,0.5
"s2","s4",3.09467624548074,9,20,0.5
"s2","s4",2.04455588019624,9,20,0.5
"s2","s4",2.71784889607183,9,20,0.5
"s2","s4",1.72330524011656,9,20,0.5
"s2","s4",3.47095253725989,9,20,0.5
"s2","s4",3.72306557404971,9,20,0.5
"s2","s4",3.67704418580016,9,20,0.5
"s2","s4",2.14478014138159,9,20,0.5
"s2","s4",3.73805167062246,9,20,0.5
"s2","s4",2.26707923582851,9,20,0.5
"s2","s4",2.48504158691479,9,20,0.5
"s2","s4",1.83343866050239,9,20,0.5
"s2","s4",4.22369432245123,9,20,0.5
"s2","s4",2.52131966524404,9,20,0.5
"s2","s4",4.05779113679634,9,20,0.5
"s2","s4",3.15504118123916,9,20,0.5
"s2","s4",2.79935897612694,9,20,0.5
"s2","s4",3.3088401536619,9,20,0.5
"s2","s4",2.54503251018775,9,20,0.5
"s2","s4",2.62126981704346,9,20,0.5
"s2","s4",2.82538041213919,9,20,0.5
"s2","s4",2.60972157795707,9,20,0.5
"s2","s4",2.01065035758194,9,20,0.5
"s2","s4",2.81826289151135,9,20,0.5
"s2","s4",2.64520439220064,9,20,0.5
"s2","s4",2.59294204032263,9,20,0.5
"s2","s4",4.42971500777319,9,20,0.5
"s2","s4",2.3322402774573,9,20,0.5
"s2","s4",3.67167590605233,9,20,0.5
"s2","s4",2.4412983551335,9,20,0.5
"s2","s4",2.12812336721785,9,20,0.5
"s2","s4",3.93150249614116,9,20,0.5
"s2","s4",4.65356414740513,9,20,0.5
"s2","s4",2.48516137203393,9,20,0.5
"s2","s4",3.47109373157253,9,20,0.5
"s2","s4",2.31874911648599,9,20,0.5
"s2","s4",3.80385975461495,9,20,0.5
"s2","s4",2.47141692246025,9,20,0.5
"s2","s4",3.53692301142603,9,20,0.5
"s2","s4",2.93908793371868,9,20,0.5
"s2","s4",2.72694143894766,9,20,0.5
"s2","s4",3.4215749932152,9,20,0.5
"s2","s4",2.61873486513217,9,20,0.5
"s2","s4",2.58976678818913,9,20,0.5
"s2","s4",4.16875500889617,9,20,0.5
"s2","s4",4.64784627331251,9,20,0.5
"s2","s4",2.26707923582851,9,20,0.5
"s2","s4",2.73879906641658,9,20,0.5
"s2","s4",2.42825363597636,9,20,0.5
"s2","s4",2.88096357651425,9,20,0.5
"s2","s4",3.65455970201496,9,20,0.5
"s2","s4",3.32587499575919,9,20,0.5
"s2","s4",2.35013696233915,9,20,0.5
"s2","s4",3.31001268528712,9,20,0.5
"s2","s4",4.3147254048744,9,20,0.5
"s2","s4",2.47227520335274,9,20,0.5
"s2","s4",2.08048014327031,9,20,0.5
"s2","s4",4.62368451577655,9,20,0.5
"s2","s4",2.68866407627051,9,20,0.5
"s2","s4",2.4549292355102,9,20,0.5
"s2","s4",2.92385417835934,9,20,0.5
"s2","s4",2.89470208858096,9,20,0.5
"s2","s4",2.68196361762197,9,20,0.5
"s2","s4",2.47141692246025,9,20,0.5
"s2","s4",2.08658759311375,9,20,0.5
"s2","s4",2.61291824936245,9,20,0.5
"s2","s4",2.59294204032263,9,20,0.5
"s2","s4",4.14256046731879,9,20,0.5
"s2","s4",1.97674483496765,9,20,0.5
"s2","s4",3.42052020915426,9,20,0.5
"s2","s4",3.70569630914573,9,20,0.5
"s2","s4",3.19438297239979,9,20,0.5
"s2","s4",2.61291824936245,9,20,0.5
"s2","s4",2.64520439220064,9,20,0.5
"s2","s4",3.70998924139736,9,20,0.5
"s2","s4",3.10673055457214,9,20,0.5
"s2","s4",2.80238085522257,9,20,0.5
"s2","s4",2.80124315937489,9,20,0.5
"s2","s4",1.90724874121519,9,20,0.5
"s2","s4",2.43512094165238,9,20,0.5
"s2","s4",2.57080926305784,9,20,0.5
"s2","s4",2.83301468633317,9,20,0.5
"s2","s4",3.3286516520759,9,20,0.5
"s2","s4",2.61951018974737,9,20,0.5
"s2","s4",2.45999372408475,9,20,0.5
"s2","s4",3.40955861395419,9,20,0.5
"s2","s4",3.16352675152606,9,20,0.5
"s2","s4",3.0873630612046,9,20,0.5
"s2","s4",3.86220932582398,9,20,0.5
"s2","s4",2.27206392617149,9,20,0.5
"s2","s4",3.41569877532633,9,20,0.5
"s2","s4",3.83301287454823,9,20,0.5
"s2","s4",3.54087053787155,9,20,0.5
"s2","s4",1.5603324537914,9,20,0.5
"s2","s4",3.42889374505858,9,20,0.5
"s2","s4",2.3448012118896,9,20,0.5
"s2","s4",1.9728375017257,9,20,0.5
"s2","s4",2.95245764596682,9,20,0.5
"s2","s4",2.88762779554478,9,20,0.5
"s2","s4",3.04635295978216,9,20,0.5
"s2","s4",2.99272044675042,9,20,0.5
"s2","s4",2.52967574471892,9,20,0.5
"s2","s4",2.58596172043127,9,20,0.5
"s2","s4",2.39503257815174,9,20,0.5
"s2","s4",2.93654674088931,9,20,0.5
"s2","s4",2.57080926305784,9,20,0.5
"s2","s4",2.26370727449587,9,20,0.5
"s2","s4",2.72200874270888,9,20,0.5
"s2","s4",2.38579929226013,9,20,0.5
"s2","s4",2.74066319110124,9,20,0.5
"s2","s4",2.71784889607183,9,20,0.5
"s2","s4",2.29738622971149,9,20,0.5
"s2","s4",3.64451255692542,9,20,0.5
"s2","s4",3.73015739967053,9,20,0.5
"s2","s4",2.35339650420644,9,20,0.5
"s2","s4",2.43031366494512,9,20,0.5
"s2","s4",2.61873486513217,9,20,0.5
"s2","s4",2.38122688056577,9,20,0.5
"s2","s4",2.74902221004305,9,20,0.5
"s2","s4",2.5797581595528,9,20,0.5
"s2","s4",2.24511561695553,9,20,0.5
"s2","s4",3.75465843392737,9,20,0.5
"s2","s4",2.90891939619364,9,20,0.5
"s2","s4",2.43031366494512,9,20,0.5
"s2","s4",3.10095585194827,9,20,0.5
"s2","s4",3.20352111535542,9,20,0.5
"s2","s4",1.99280205065213,9,20,0.5
"s2","s4",2.17148211742508,9,20,0.5
"s2","s4",2.86311751679096,9,20,0.5
"s2","s4",2.83067747692508,9,20,0.5
"s2","s4",3.42339356638593,9,20,0.5
"s2","s4",2.42860810736019,9,20,0.5
"s2","s4",4.31185484215208,9,20,0.5
"s2","s4",2.37451630165941,9,20,0.5
"s2","s4",2.11949298904734,9,20,0.5
"s2","s4",2.02630508807336,9,20,0.5
"s2","s4",2.52967574471892,9,20,0.5
"s2","s4",2.87933980567436,9,20,0.5
"s2","s4",3.63365973211803,9,20,0.5
"s2","s4",2.72200874270888,9,20,0.5
"s2","s4",3.11886540686807,9,20,0.5
"s2","s4",2.38804389192689,9,20,0.5
"s2","s4",2.48516137203393,9,20,0.5
"s2","s4",2.21121760041864,9,20,0.5
"s2","s4",1.80926937017116,9,20,0.5
"s2","s4",2.59603954005065,9,20,0.5
"s2","s4",3.32574712802948,9,20,0.5
"s2","s4",3.92632748933828,9,20,0.5
"s2","s4",2.8278901708013,9,20,0.5
"s2","s4",2.56079871124609,9,20,0.5
"s2","s4",2.92027289845929,9,20,0.5
"s2","s4",2.50602674800628,9,20,0.5
"s2","s4",2.4549292355102,9,20,0.5
"s2","s4",2.45129004226125,9,20,0.5
"s2","s4",2.25337954582711,9,20,0.5
"s2","s4",3.12493703756879,9,20,0.5
"s2","s4",2.83616765737088,9,20,0.5
"s2","s4",2.53781500290019,9,20,0.5
"s2","s4",2.42825363597636,9,20,0.5
"s2","s4",2.4650582126593,9,20,0.5
"s2","s4",3.47708640590554,9,20,0.5
"s2","s4",3.6596875523956,9,20,0.5
"s2","s4",1.85725753537303,9,20,0.5
"s2","s4",2.75438494325483,9,20,0.5
"s2","s4",4.21206106365099,9,20,0.5
"s2","s4",3.36843161630271,9,20,0.5
"s2","s4",2.88853839985811,9,20,0.5
"s2","s4",2.48504158691479,9,20,0.5
"s2","s4",3.42425350238764,9,20,0.5
"s2","s4",4.3585363991012,9,20,0.5
"s2","s4",2.47141692246025,9,20,0.5
"s2","s4",2.40202126437659,9,20,0.5
"s2","s4",3.75465843392737,9,20,0.5
"s2","s4",2.21121760041864,9,20,0.5
"s2","s4",3.42425350238764,9,20,0.5
"s2","s4",2.71784889607183,9,20,0.5
"s2","s4",2.3956542343634,9,20,0.5
"s2","s4",3.38667208026389,9,20,0.5
"s2","s4",2.52967574471892,9,20,0.5
"s2","s4",2.07834268234455,9,20,0.5
"s2","s4",4.28499875376176,9,20,0.5
"s2","s4",3.46329334470257,9,20,0.5
"s2","s4",3.46491176644024,9,20,0.5
"s2","s4",2.1419914789805,9,20,0.5
"s2","s4",2.37905865354328,9,20,0.5
"s2","s4",2.48516137203393,9,20,0.5
"s2","s4",2.5797581595528,9,20,0.5
"s2","s4",3.09089735343962,9,20,0.5
"s2","s4",3.50635306729197,9,20,0.5
"s2","s4",3.23012927586043,9,20,0.5
"s2","s4",2.79633709703131,9,20,0.5
"s2","s4",2.64229097588303,9,20,0.5
"s2","s4",3.6684494425063,9,20,0.5
"s2","s4",3.83301287454823,9,20,0.5
"s2","s4",3.20922781594598,9,20,0.5
"s2","s4",2.3410882819911,9,20,0.5
"s2","s4",2.64607833917211,9,20,0.5
"s2","s4",2.77157393431594,9,20,0.5
"s2","s4",2.80181200729873,9,20,0.5
"s2","s4",4.3147254048744,9,20,0.5
"s2","s4",2.26866208475482,9,20,0.5
"s2","s4",3.75465843392737,9,20,0.5
"s2","s4",4.206683322485,9,20,0.5
"s2","s4",4.23914389186345,9,20,0.5
"s2","s4",2.68097882766571,9,20,0.5
"s2","s4",3.75465843392737,9,20,0.5
"s2","s4",2.52701190909777,9,20,0.5
"s2","s4",1.90950147423081,9,20,0.5
"s2","s4",3.39968821565081,9,20,0.5
"s2","s4",2.45495544945272,9,20,0.5
"s2","s4",2.62552327193184,9,20,0.5
"s2","s4",2.33390328987481,9,20,0.5
"s2","s4",2.45086529370268,9,20,0.5
"s2","s4",2.34812959366671,9,20,0.5
"s2","s4",2.43031366494512,9,20,0.5
"s2","s4",3.42154396262021,9,20,0.5
"s2","s4",2.44562718619561,9,20,0.5
"s2","s4",2.85031624344325,9,20,0.5
"s2","s4",3.73273173751324,9,20,0.5
"s2","s4",2.16430400635319,9,20,0.5
"s2","s4",2.50731439815994,9,20,0.5
"s2","s4",3.70747026350144,9,20,0.5
"s2","s4",2.01421447402658,9,20,0.5
"s2","s4",2.38804389192689,9,20,0.5
"s2","s4",2.66773880773859,9,20,0.5
"s2","s4",3.0873630612046,9,20,0.5
"s2","s4",3.41503941155422,9,20,0.5
"s2","s4",3.49701029262853,9,20,0.5
"s2","s4",1.95842691700611,9,20,0.5
"s2","s4",2.4175384976077,9,20,0.5
"s2","s4",2.70317585738607,9,20,0.5
"s2","s4",2.92385417835934,9,20,0.5
"s2","s4",3.41415847045645,9,20,0.5
"s2","s4",2.58771009497788,9,20,0.5
"s2","s4",1.73140965448143,9,20,0.5
"s2","s4",2.96455861764214,9,20,0.5
"s2","s4",3.16174293164062,9,20,0.5
"s2","s4",2.82538041213919,9,20,0.5
"s2","s4",2.79633709703131,9,20,0.5
"s2","s4",2.04002880672413,9,20,0.5
"s2","s4",2.84757087799923,9,20,0.5
"s2","s4",2.77157393431594,9,20,0.5
"s2","s4",2.42036426388517,9,20,0.5
"s2","s4",2.08072046212831,9,20,0.5
"s2","s4",2.72694143894766,9,20,0.5
"s2","s4",1.83737272406354,9,20,0.5
"s2","s4",4.17572055712844,9,20,0.5
"s2","s4",2.45773751848952,9,20,0.5
"s2","s4",2.0569878363551,9,20,0.5
"s2","s4",2.34998799852588,9,20,0.5
"s2","s4",3.24843464697386,9,20,0.5
"s2","s4",2.08559130396258,9,20,0.5
"s2","s4",2.22419412831414,9,20,0.5
"s2","s4",2.38122688056577,9,20,0.5
"s2","s4",3.20045501936337,9,20,0.5
"s2","s4",2.37206513021034,9,20,0.5
"s2","s4",2.53735412745333,9,20,0.5
"s2","s4",2.57414086307061,9,20,0.5
"s2","s4",3.41185854220532,9,20,0.5
"s2","s4",3.10103372683797,9,20,0.5
"s2","s4",2.25337954582711,9,20,0.5
"s2","s4",3.14993000741431,9,20,0.5
"s2","s4",3.42644216723035,9,20,0.5
"s2","s4",3.44822887616296,9,20,0.5
"s2","s4",2.52967574471892,9,20,0.5
"s2","s4",3.11886540686807,9,20,0.5
"s2","s4",2.4175384976077,9,20,0.5
"s2","s4",3.96747580594626,9,20,0.5
"s2","s4",2.44424504257103,9,20,0.5
"s2","s4",3.11886540686807,9,20,0.5
"s2","s4",2.58771009497788,9,20,0.5
"s2","s4",2.62451032590333,9,20,0.5
"s2","s4",2.63352062644832,9,20,0.5
"s2","s4",2.45952094173298,9,20,0.5
"s2","s4",3.21464499486863,9,20,0.5
"s2","s4",2.72200874270888,9,20,0.5
"s2","s4",2.33465531446113,9,20,0.5
"s2","s4",2.38170042607502,9,20,0.5
"s2","s4",2.38122688056577,9,20,0.5
"s2","s4",3.32899663046403,9,20,0.5
"s2","s4",3.87319016122535,9,20,0.5
"s2","s4",2.4650582126593,9,20,0.5
"s2","s4",3.421320767239,9,20,0.5
"s2","s4",4.16624088212468,9,20,0.5
"s2","s4",3.15118551454639,9,20,0.5
"s2","s4",3.44822887616296,9,20,0.5
"s2","s4",3.07067706254878,9,20,0.5
"s2","s4",2.58373412726534,9,20,0.5
"s2","s4",2.92385417835934,9,20,0.5
"s2","s4",2.48112181683507,9,20,0.5
"s2","s4",2.04191287731929,9,20,0.5
"s2","s4",2.23595811899985,9,20,0.5
"s2","s4",3.51984112621836,9,20,0.5
"s2","s4",2.1618116611817,9,20,0.5
"s2","s4",2.65088345113084,9,20,0.5
"s2","s4",1.87621524999388,9,20,0.5
"s2","s4",2.64609997307751,9,20,0.5
"s2","s4",1.99933715131995,9,20,0.5
"s2","s4",3.83301287454823,9,20,0.5
"s2","s4",2.50608664056585,9,20,0.5
"s2","s4",3.0180007506568,9,20,0.5
"s2","s4",2.74679133851241,9,20,0.5
"s2","s4",2.31164112207994,9,20,0.5
"s2","s4",2.82538041213919,9,20,0.5
"s2","s4",2.28176017808169,9,20,0.5
"s2","s4",2.82538041213919,9,20,0.5
"s2","s4",2.83784832779122,9,20,0.5
"s2","s4",3.46683925751297,9,20,0.5
"s2","s4",2.43031366494512,9,20,0.5
"s2","s4",2.81826289151135,9,20,0.5
"s2","s4",3.65275690374314,9,20,0.5
"s2","s4",2.41514309786668,9,20,0.5
"s2","s4",2.30174895787681,9,20,0.5
"s2","s4",2.93908793371868,9,20,0.5
"s2","s4",3.47095253725989,9,20,0.5
"s2","s4",2.83616765737088,9,20,0.5
"s2","s4",2.93908793371868,9,20,0.5
"s2","s4",2.43353973851795,9,20,0.5
"s2","s4",2.72694143894766,9,20,0.5
"s2","s4",2.88853839985811,9,20,0.5
"s2","s4",3.26626164854981,9,20,0.5
"s2","s4",1.9880409931438,9,20,0.5
"s2","s4",2.45086529370268,9,20,0.5
"s2","s4",2.49237240129773,9,20,0.5
"s2","s4",3.82268178786095,9,20,0.5
"s2","s4",2.47999470483202,9,20,0.5
"s2","s4",3.29509659780965,9,20,0.5
"s2","s4",3.47982654629659,9,20,0.5
"s2","s4",3.83301287454823,9,20,0.5
"s2","s4",3.40955861395419,9,20,0.5
"s2","s4",3.09089735343962,9,20,0.5
"s2","s4",2.38463538624633,9,20,0.5
"s2","s4",2.62126981704346,9,20,0.5
"s2","s4",2.05791878543306,9,20,0.5
"s2","s4",2.30204560516087,9,20,0.5
"s2","s4",2.62126981704346,9,20,0.5
"s2","s4",3.1065567256555,9,20,0.5
"s2","s4",3.46491176644024,9,20,0.5
"s2","s4",3.43762349045219,9,20,0.5
"s2","s4",2.24239886125563,9,20,0.5
"s2","s4",3.31001268528712,9,20,0.5
"s2","s4",3.38667208026389,9,20,0.5
"s2","s4",2.58652749480407,9,20,0.5
"s2","s4",2.74471141519388,9,20,0.5
"s2","s4",2.82440387727784,9,20,0.5
"s2","s4",2.96053674410514,9,20,0.5
"s2","s4",2.4939716211654,9,20,0.5
"s2","s4",2.92385417835934,9,20,0.5
"s2","s4",2.37302412492271,9,20,0.5
"s2","s4",2.85031624344325,9,20,0.5
"s2","s4",2.55682110917059,9,20,0.5
"s2","s4",3.16029301152328,9,20,0.5
"s2","s4",3.41415847045645,9,20,0.5
"s2","s4",3.04841987620629,9,20,0.5
"s2","s4",3.93357620743514,9,20,0.5
"s2","s4",3.80385975461495,9,20,0.5
"s2","s4",3.75465843392737,9,20,0.5
"s2","s4",3.1567253717524,9,20,0.5
"s2","s4",3.97039552976318,9,20,0.5
"s2","s4",4.1543230430595,9,20,0.5
"s2","s4",2.56977362015829,9,20,0.5
"s2","s4",3.69691290874501,9,20,0.5
"s2","s4",2.64607833917211,9,20,0.5
"s2","s4",2.2075652018005,9,20,0.5
"s2","s4",2.58654512413494,9,20,0.5
"s2","s4",2.93908793371868,9,20,0.5
"s2","s4",3.72920972831496,9,20,0.5
"s2","s4",2.34246673760108,9,20,0.5
"s2","s4",3.84133945248151,9,20,0.5
"s2","s4",1.9282626945733,9,20,0.5
"s2","s4",2.7158793161593,9,20,0.5
"s2","s4",3.3065398646548,9,20,0.5
"s2","s4",2.72835913284381,9,20,0.5
"s2","s4",4.11440965950144,9,20,0.5
"s2","s4",2.45999372408475,9,20,0.5
"s2","s4",2.48280127183673,9,20,0.5
"s2","s4",2.78309777980128,9,20,0.5
"s2","s4",2.85031624344325,9,20,0.5
"s2","s4",2.88853839985811,9,20,0.5
"s2","s4",2.98106111357429,9,20,0.5
"s2","s4",2.49237240129773,9,20,0.5
"s2","s4",2.37174042431587,9,20,0.5
"s2","s4",2.36349658084085,9,20,0.5
"s2","s4",3.49701029262853,9,20,0.5
"s2","s4",2.41936488022,9,20,0.5
"s2","s4",3.43722851881767,9,20,0.5
"s2","s4",3.6946496184161,9,20,0.5
"s2","s4",2.73753159046094,9,20,0.5
"s2","s4",2.92385417835934,9,20,0.5
"s2","s4",2.63419634164414,9,20,0.5
"s2","s4",2.93654674088931,9,20,0.5
"s2","s4",2.05654408653489,9,20,0.5
"s2","s4",1.95968775324594,9,20,0.5
"s2","s4",2.57080926305784,9,20,0.5
"s2","s4",2.46584850454775,9,20,0.5
"s2","s4",2.27110932023217,9,20,0.5
"s2","s4",2.42570834607186,9,20,0.5
"s2","s4",2.0257341774789,9,20,0.5
"s2","s4",3.11886540686807,9,20,0.5
"s2","s4",2.48516137203393,9,20,0.5
"s2","s4",2.75954602772336,9,20,0.5
"s2","s4",3.33898701115965,9,20,0.5
"s2","s4",2.516139710723,9,20,0.5
"s2","s4",2.49984339972884,9,20,0.5
"s2","s4",2.46337280021684,9,20,0.5
"s2","s4",2.5831511636156,9,20,0.5
"s2","s4",3.09089735343962,9,20,0.5
"s2","s4",2.75438494325483,9,20,0.5
"s2","s4",3.11886540686807,9,20,0.5
"s2","s4",3.10630441822499,9,20,0.5
"s2","s4",2.47141692246025,9,20,0.5
"s2","s4",3.1567253717524,9,20,0.5
"s2","s4",3.71536012451008,9,20,0.5
"s2","s4",2.72334209680273,9,20,0.5
"s2","s4",2.77781405131486,9,20,0.5
"s2","s4",1.82611409561233,9,20,0.5
"s2","s4",1.95830365744769,9,20,0.5
"s2","s4",2.1115619550387,9,20,0.5
"s2","s4",2.54503251018775,9,20,0.5
"s2","s4",2.43548033214703,9,20,0.5
"s2","s4",2.5797581595528,9,20,0.5
"s2","s4",4.07613654523834,9,20,0.5
"s2","s4",2.74471141519388,9,20,0.5
"s2","s4",2.14980274232146,9,20,0.5
"s2","s4",3.02042483627894,9,20,0.5
"s2","s4",2.01421447402658,9,20,0.5
"s2","s4",2.53781500290019,9,20,0.5
"s2","s4",2.11463852139026,9,20,0.5
"s2","s4",2.92708420401384,9,20,0.5
"s2","s4",3.16029301152328,9,20,0.5
"s2","s4",3.3650442412692,9,20,0.5
"s2","s4",3.38667208026389,9,20,0.5
"s2","s4",2.8336168108414,9,20,0.5
"s2","s4",2.49417388033277,9,20,0.5
"s2","s4",2.61159685715962,9,20,0.5
"s2","s4",3.69238632808719,9,20,0.5
"s2","s4",3.0180007506568,9,20,0.5
"s2","s4",2.17148211742508,9,20,0.5
"s2","s4",2.24209879357571,9,20,0.5
"s2","s4",2.81826289151135,9,20,0.5
"s2","s4",2.65732576696277,9,20,0.5
"s2","s4",2.3056575396115,9,20,0.5
"s2","s4",2.41351385787943,9,20,0.5
"s2","s4",2.43031366494512,9,20,0.5
"s2","s4",2.52292014908044,9,20,0.5
"s2","s4",2.19085887860938,9,20,0.5
"s2","s4",2.50969215519775,9,20,0.5
"s2","s4",3.55716743200067,9,20,0.5
"s2","s4",2.1643401531808,9,20,0.5
"s2","s4",2.34673482744214,9,20,0.5
"s2","s4",2.88313261542627,9,20,0.5
"s2","s4",2.82182165182527,9,20,0.5
"s2","s4",3.81909058807309,9,20,0.5
"s2","s4",2.89966200254282,9,20,0.5
"s2","s4",2.81826289151135,9,20,0.5
"s2","s4",2.83616765737088,9,20,0.5
"s2","s4",2.63237822092392,9,20,0.5
"s2","s4",3.96747580594626,9,20,0.5
"s2","s4",2.75438494325483,9,20,0.5
"s2","s4",3.80385975461495,9,20,0.5
"s2","s4",2.94438461711886,9,20,0.5
"s2","s4",1.87697236764255,9,20,0.5
"s2","s4",2.85542948419618,9,20,0.5
"s2","s4",3.42052020915426,9,20,0.5
"s2","s4",2.80124315937489,9,20,0.5
"s2","s4",2.74066319110124,9,20,0.5
"s2","s4",3.3650442412692,9,20,0.5
"s2","s4",3.45090230123982,9,20,0.5
"s2","s4",2.65171213177264,9,20,0.5
"s2","s4",4.46668265922978,9,20,0.5
"s2","s4",3.82211991192334,9,20,0.5
"s2","s4",2.99022955347533,9,20,0.5
"s2","s4",2.53735412745333,9,20,0.5
"s2","s4",2.48409014666466,9,20,0.5
"s2","s4",2.93848742464219,9,20,0.5
"s2","s4",2.47371587478352,9,20,0.5
"s2","s4",2.34890388501464,9,20,0.5
"s2","s4",3.40955861395419,9,20,0.5
"s2","s4",2.80536073646425,9,20,0.5
"s2","s4",2.80319364796497,9,20,0.5
"s2","s4",2.94361722523547,9,20,0.5
"s2","s4",2.4944644185458,9,20,0.5
"s2","s4",2.85695940599865,9,20,0.5
"s2","s4",2.80729999427133,9,20,0.5
"s2","s4",3.36917575328877,9,20,0.5
"s2","s4",2.88853839985811,9,20,0.5
"s2","s4",3.96747580594626,9,20,0.5
"s2","s4",3.48007728539307,9,20,0.5
"s2","s4",3.40955861395419,9,20,0.5
"s2","s4",4.01622292278016,9,20,0.5
"s2","s4",4.00597127639542,9,20,0.5
"s2","s4",2.85897409862758,9,20,0.5
"s2","s4",2.94361722523547,9,20,0.5
"s2","s4",2.57080926305784,9,20,0.5
"s2","s4",2.85464517103542,9,20,0.5
"s2","s4",2.42825363597636,9,20,0.5
"s2","s4",4.06937992647369,9,20,0.5
"s2","s4",4.01124085280024,9,20,0.5
"s2","s4",3.58564722510634,9,20,0.5
"s2","s4",4.09935935081251,9,20,0.5
"s2","s4",2.63419634164414,9,20,0.5
"s2","s4",3.02691867939933,9,20,0.5
"s2","s4",3.04635295978216,9,20,0.5
"s2","s4",3.64451255692542,9,20,0.5
"s2","s4",4.37200003622729,9,20,0.5
"s2","s4",2.1115619550387,9,20,0.5
"s2","s4",2.08506087724171,9,20,0.5
"s2","s4",2.41704952508921,9,20,0.5
"s2","s4",2.1115619550387,9,20,0.5
"s2","s4",2.29722173088568,9,20,0.5
"s2","s4",2.19760130152318,9,20,0.5
"s2","s4",2.75438494325483,9,20,0.5
"s2","s4",2.18769193364464,9,20,0.5
"s2","s4",3.80385975461495,9,20,0.5
"s2","s4",2.04599412340274,9,20,0.5
"s2","s4",3.96747580594626,9,20,0.5
"s2","s4",2.99022955347533,9,20,0.5
"s2","s4",2.57287338711497,9,20,0.5
"s2","s4",2.26498335845231,9,20,0.5
"s2","s4",2.16646633256191,9,20,0.5
"s2","s4",2.48504158691479,9,20,0.5
"s2","s4",2.21121760041864,9,20,0.5
"s2","s4",3.09089735343962,9,20,0.5
"s2","s4",2.23673940283649,9,20,0.5
"s2","s4",2.81826289151135,9,20,0.5
"s2","s4",2.57568487808569,9,20,0.5
"s2","s4",2.33313589197248,9,20,0.5
"s2","s4",2.8563283157897,9,20,0.5
"s2","s4",3.97757425852509,9,20,0.5
"s2","s4",3.59359427560292,9,20,0.5
"s2","s4",2.26793373390445,9,20,0.5
"s2","s4",1.87157208212785,9,20,0.5
"s2","s4",2.75610820659531,9,20,0.5
"s2","s4",3.1567253717524,9,20,0.5
"s2","s4",2.00680883673129,9,20,0.5
"s2","s4",2.38355127273508,9,20,0.5
"s2","s4",3.07075724476704,9,20,0.5
"s2","s4",1.94295747138273,9,20,0.5
"s2","s4",2.80238085522257,9,20,0.5
"s2","s4",3.80385975461495,9,20,0.5
"s2","s4",3.8251492357736,9,20,0.5
"s2","s4",3.61936676729633,9,20,0.5
"s2","s4",2.8623530286145,9,20,0.5
"s2","s4",3.01875129641879,9,20,0.5
"s2","s4",2.43786856958006,9,20,0.5
"s2","s4",2.50338937852953,9,20,0.5
"s2","s4",2.25337954582711,9,20,0.5
"s2","s4",2.47141692246025,9,20,0.5
"s2","s4",3.69958549542639,9,20,0.5
"s2","s4",2.52701190909777,9,20,0.5
"s2","s4",2.12812336721785,9,20,0.5
"s2","s4",3.91558955253259,9,20,0.5
"s2","s4",3.72920972831496,9,20,0.5
"s2","s4",2.85897409862758,9,20,0.5
"s2","s4",1.95416814053251,9,20,0.5
"s2","s4",3.72920972831496,9,20,0.5
"s2","s4",3.44822887616296,9,20,0.5
"s2","s4",2.35881434042314,9,20,0.5
"s2","s4",2.96338814718232,9,20,0.5
"s2","s4",2.20960923774154,9,20,0.5
"s2","s4",2.4175384976077,9,20,0.5
"s2","s4",2.3956542343634,9,20,0.5
"s2","s4",3.66399914563574,9,20,0.5
"s2","s4",2.88762779554478,9,20,0.5
"s2","s4",2.72694143894766,9,20,0.5
"s2","s4",2.28470457550817,9,20,0.5
"s2","s4",2.53781500290019,9,20,0.5
"s2","s4",2.46337280021684,9,20,0.5
"s2","s4",4.46822368645808,9,20,0.5
"s2","s4",3.96299769855845,9,20,0.5
"s2","s4",3.41415847045645,9,20,0.5
"s2","s4",2.34145958425515,9,20,0.5
"s2","s4",2.99022955347533,9,20,0.5
"s2","s4",2.62671473535057,9,20,0.5
"s2","s4",2.52967574471892,9,20,0.5
"s2","s4",2.67167391926911,9,20,0.5
"s2","s4",2.67396931811514,9,20,0.5
"s2","s4",2.87933980567436,9,20,0.5
"s2","s4",2.92385417835934,9,20,0.5
"s2","s4",3.29996554019758,9,20,0.5
"s2","s4",3.41415847045645,9,20,0.5
"s2","s4",3.54291718825439,9,20,0.5
"s2","s4",2.98106111357429,9,20,0.5
"s2","s4",3.1567253717524,9,20,0.5
"s2","s4",2.42825363597636,9,20,0.5
"s2","s4",1.99933715131995,9,20,0.5
"s2","s4",1.99933715131995,9,20,0.5
"s2","s4",3.18604152726115,9,20,0.5
"s2","s4",3.5438249752293,9,20,0.5
"s2","s4",3.44822887616296,9,20,0.5
"s2","s4",3.69187495295316,9,20,0.5
"s2","s4",3.72306557404971,9,20,0.5
"s2","s4",2.49452617361122,9,20,0.5
"s2","s4",2.59294204032263,9,20,0.5
"s2","s4",3.09089735343962,9,20,0.5
"s2","s4",2.42392608127641,9,20,0.5
"s2","s4",3.11711833772233,9,20,0.5
"s2","s4",2.05654408653489,9,20,0.5
"s2","s4",2.79633709703131,9,20,0.5
"s2","s4",2.35043199419514,9,20,0.5
"s2","s4",2.51037806475438,9,20,0.5
"s2","s4",2.56555996304345,9,20,0.5
"s2","s4",3.10673055457214,9,20,0.5
"s2","s4",4.20588606138695,9,20,0.5
"s2","s4",2.50731439815994,9,20,0.5
"s2","s4",1.64950668724546,9,20,0.5
"s2","s4",2.66634740514956,9,20,0.5
"s2","s4",2.68068258831041,9,20,0.5
"s2","s4",1.95842691700611,9,20,0.5
"s2","s4",2.110029820507,9,20,0.5
"s2","s4",3.53262884919088,9,20,0.5
"s2","s4",2.49097057230399,9,20,0.5
"s2","s4",2.37174042431587,9,20,0.5
"s2","s4",2.77157393431594,9,20,0.5
"s2","s4",2.3691147547582,9,20,0.5
"s2","s4",2.38579929226013,9,20,0.5
"s2","s4",2.38804389192689,9,20,0.5
"s2","s4",3.08079927276559,9,20,0.5
"s2","s4",2.17148211742508,9,20,0.5
"s2","s4",2.31874911648599,9,20,0.5
"s2","s4",3.09089735343962,9,20,0.5
"s2","s4",2.56079871124609,9,20,0.5
"s2","s4",3.62440419301052,9,20,0.5
"s2","s4",2.72694143894766,9,20,0.5
"s2","s4",4.24422362565185,9,20,0.5
"s2","s4",3.44822887616296,9,20,0.5
"s2","s4",3.96618611268037,9,20,0.5
"s2","s4",2.44684323258098,9,20,0.5
"s2","s4",3.67704418580016,9,20,0.5
"s2","s4",2.83616765737088,9,20,0.5
"s2","s4",2.20639956984447,9,20,0.5
"s2","s4",3.44322786453022,9,20,0.5
"s2","s4",2.7158793161593,9,20,0.5
"s2","s4",2.35272653479048,9,20,0.5
"s2","s4",2.17148211742508,9,20,0.5
"s2","s4",2.85897409862758,9,20,0.5
"s2","s4",3.0144507637473,9,20,0.5
"s2","s4",2.52967574471892,9,20,0.5
"s2","s4",2.93654674088931,9,20,0.5
"s2","s4",3.67321732748406,9,20,0.5
"s2","s4",3.67611400173198,9,20,0.5
"s2","s4",3.69238632808719,9,20,0.5
"s2","s4",2.26707923582851,9,20,0.5
"s2","s4",2.93908793371868,9,20,0.5
"s2","s4",1.60515871767952,9,20,0.5
"s2","s4",4.31204690160222,9,20,0.5
"s2","s4",1.93928666794792,9,20,0.5
"s2","s4",2.22343624185192,9,20,0.5
"s2","s4",2.58771009497788,9,20,0.5
"s2","s4",2.23104397331484,9,20,0.5
"s2","s4",2.67167391926911,9,20,0.5
"s2","s4",2.82927774179909,9,20,0.5
"s2","s4",3.16174293164062,9,20,0.5
"s2","s4",2.73845146830944,9,20,0.5
"s2","s4",3.56758096053036,9,20,0.5
"s2","s4",2.38887644454351,9,20,0.5
"s2","s4",3.6596875523956,9,20,0.5
"s2","s4",2.56330157738965,9,20,0.5
"s2","s4",2.05654408653489,9,20,0.5
"s2","s4",3.80839736984226,9,20,0.5
"s2","s4",2.93908793371868,9,20,0.5
"s2","s4",2.26707923582851,9,20,0.5
"s2","s4",1.73057501888211,9,20,0.5
"s2","s4",2.35881434042314,9,20,0.5
"s2","s4",2.19500871080117,9,20,0.5
"s2","s4",2.42825363597636,9,20,0.5
"s2","s4",3.39246043409462,9,20,0.5
"s2","s4",2.62126981704346,9,20,0.5
"s2","s4",3.69439393084908,9,20,0.5
"s2","s4",2.44013185540296,9,20,0.5
"s2","s4",1.95803321050728,9,20,0.5
"s2","s4",2.93908793371868,9,20,0.5
"s2","s4",2.84191969688112,9,20,0.5
"s2","s4",3.44822887616296,9,20,0.5
"s2","s4",3.09089735343962,9,20,0.5
"s2","s4",2.43353973851795,9,20,0.5
"s2","s4",2.31209843394973,9,20,0.5
"s2","s4",2.38804389192689,9,20,0.5
"s2","s4",2.53665354277319,9,20,0.5
"s2","s4",2.08145292168325,9,20,0.5
"s2","s4",2.59974488603856,9,20,0.5
"s2","s4",2.52701190909777,9,20,0.5
"s2","s4",1.91744201699127,9,20,0.5
"s2","s4",2.46379867739188,9,20,0.5
"s2","s4",2.61873486513217,9,20,0.5
"s2","s4",3.67167590605233,9,20,0.5
"s2","s4",2.47227520335274,9,20,0.5
"s2","s4",1.77305533461871,9,20,0.5
"s2","s4",1.82999359872046,9,20,0.5
"s2","s4",2.57080926305784,9,20,0.5
"s2","s4",3.28492581273873,9,20,0.5
"s2","s4",2.83751745009124,9,20,0.5
"s2","s4",2.44262145022766,9,20,0.5
"s2","s4",4.02699982599176,9,20,0.5
"s2","s4",2.10442191467308,9,20,0.5
"s2","s4",2.81826289151135,9,20,0.5
"s2","s4",3.42052020915426,9,20,0.5
"s2","s4",3.70257968712599,9,20,0.5
"s2","s4",3.04969047262098,9,20,0.5
"s2","s4",2.72694143894766,9,20,0.5
"s2","s4",2.59294204032263,9,20,0.5
"s2","s4",2.6171279185538,9,20,0.5
"s2","s4",2.87933980567436,9,20,0.5
"s2","s4",2.15826551596637,9,20,0.5
"s2","s4",2.30174895787681,9,20,0.5
"s2","s4",2.34148791922129,9,20,0.5
"s2","s4",2.89009124707452,9,20,0.5
"s2","s4",2.4650582126593,9,20,0.5
"s2","s4",2.02352110024608,9,20,0.5
"s2","s4",2.92385417835934,9,20,0.5
"s2","s4",2.71784889607183,9,20,0.5
"s2","s4",3.10095585194827,9,20,0.5
"s2","s4",2.1419914789805,9,20,0.5
"s2","s4",2.71784889607183,9,20,0.5
"s2","s4",3.22597788116464,9,20,0.5
"s2","s4",2.8563283157897,9,20,0.5
"s2","s4",2.72200874270888,9,20,0.5
"s2","s4",1.97674483496765,9,20,0.5
"s2","s4",4.09708939524527,9,20,0.5
"s2","s4",1.90876234161386,9,20,0.5
"s2","s4",2.67617825378976,9,20,0.5
"s2","s4",2.05654408653489,9,20,0.5
"s2","s4",2.32710840671227,9,20,0.5
"s2","s4",3.42052020915426,9,20,0.5
"s2","s4",2.61873486513217,9,20,0.5
"s2","s4",2.96605548335566,9,20,0.5
"s2","s4",3.38667208026389,9,20,0.5
"s2","s4",2.38329798043566,9,20,0.5
"s2","s4",3.73177365350528,9,20,0.5
"s2","s4",3.20273074603246,9,20,0.5
"s2","s4",2.57528371130532,9,20,0.5
"s2","s4",3.80385975461495,9,20,0.5
"s2","s4",3.67167590605233,9,20,0.5
"s2","s4",2.07834268234455,9,20,0.5
"s2","s4",2.92385417835934,9,20,0.5
"s2","s4",4.06214627141529,9,20,0.5
"s2","s4",2.40556075889186,9,20,0.5
"s2","s5",5.87104661624462,9,20,0.5
"s2","s5",6.64196869256808,9,20,0.5
"s2","s5",6.57914770211795,9,20,0.5
"s2","s5",7.18866555367164,9,20,0.5
"s2","s5",5.77351177716904,9,20,0.5
"s2","s5",6.36604461040302,9,20,0.5
"s2","s5",6.00697783679693,9,20,0.5
"s2","s5",4.95822087459664,9,20,0.5
"s2","s5",4.89364886807989,9,20,0.5
"s2","s5",4.56623380909831,9,20,0.5
"s2","s5",3.94933607135116,9,20,0.5
"s2","s5",6.57914770211795,9,20,0.5
"s2","s5",4.03150829771133,9,20,0.5
"s2","s5",5.82352829891438,9,20,0.5
"s2","s5",3.16469635190016,9,20,0.5
"s2","s5",6.68127473219227,9,20,0.5
"s2","s5",3.58083425849514,9,20,0.5
"s2","s5",4.91937295009885,9,20,0.5
"s2","s5",5.83495528727493,9,20,0.5
"s2","s5",5.84077044384378,9,20,0.5
"s2","s5",5.65719222770153,9,20,0.5
"s2","s5",7.61057836157161,9,20,0.5
"s2","s5",6.66099968756324,9,20,0.5
"s2","s5",5.37848359485515,9,20,0.5
"s2","s5",4.03919259745551,9,20,0.5
"s2","s5",6.23196497427067,9,20,0.5
"s2","s5",3.75404643487604,9,20,0.5
"s2","s5",7.92663302554146,9,20,0.5
"s2","s5",7.25269093441036,9,20,0.5
"s2","s5",4.80365575082037,9,20,0.5
"s2","s5",3.96864969044359,9,20,0.5
"s2","s5",5.20136184183766,9,20,0.5
"s2","s5",3.73986364202813,9,20,0.5
"s2","s5",6.47197330184694,9,20,0.5
"s2","s5",5.6544942081989,9,20,0.5
"s2","s5",5.36835357884436,9,20,0.5
"s2","s5",6.19539914631641,9,20,0.5
"s2","s5",6.409532564845,9,20,0.5
"s2","s5",4.93137037672818,9,20,0.5
"s2","s5",6.76406693626427,9,20,0.5
"s2","s5",3.40048764060309,9,20,0.5
"s2","s5",6.19073036888829,9,20,0.5
"s2","s5",7.33015674593524,9,20,0.5
"s2","s5",7.145103529407,9,20,0.5
"s2","s5",4.93559587684532,9,20,0.5
"s2","s5",5.15781685833985,9,20,0.5
"s2","s5",8.20681893327878,9,20,0.5
"s2","s5",4.77440438016035,9,20,0.5
"s2","s5",4.03919259745551,9,20,0.5
"s2","s5",4.99072114199392,9,20,0.5
"s2","s5",6.21919580622539,9,20,0.5
"s2","s5",3.59389185876334,9,20,0.5
"s2","s5",6.09360214028371,9,20,0.5
"s2","s5",3.85639502055387,9,20,0.5
"s2","s5",6.14781877504033,9,20,0.5
"s2","s5",5.64041032561762,9,20,0.5
"s2","s5",4.9917516236593,9,20,0.5
"s2","s5",5.14982403965077,9,20,0.5
"s2","s5",6.63052935480169,9,20,0.5
"s2","s5",5.20585535250362,9,20,0.5
"s2","s5",4.428786664132,9,20,0.5
"s2","s5",6.39186794820678,9,20,0.5
"s2","s5",4.26307842350924,9,20,0.5
"s2","s5",5.71558843407687,9,20,0.5
"s2","s5",5.07834923467583,9,20,0.5
"s2","s5",5.59783681219229,9,20,0.5
"s2","s5",4.89808393811591,9,20,0.5
"s2","s5",5.69240635681841,9,20,0.5
"s2","s5",4.64842739066334,9,20,0.5
"s2","s5",6.78767941843062,9,20,0.5
"s2","s5",5.32516298830454,9,20,0.5
"s2","s5",5.40486857319343,9,20,0.5
"s2","s5",5.4380960482919,9,20,0.5
"s2","s5",4.9508681581681,9,20,0.5
"s2","s5",5.14982403965077,9,20,0.5
"s2","s5",5.75614660472996,9,20,0.5
"s2","s5",3.11042849265295,9,20,0.5
"s2","s5",3.25768404243928,9,20,0.5
"s2","s5",5.22147319925189,9,20,0.5
"s2","s5",5.34502905818463,9,20,0.5
"s2","s5",4.9860197838426,9,20,0.5
"s2","s5",4.9860197838426,9,20,0.5
"s2","s5",5.16722811431878,9,20,0.5
"s2","s5",6.19539914631641,9,20,0.5
"s2","s5",4.19807547492704,9,20,0.5
"s2","s5",5.8094323156375,9,20,0.5
"s2","s5",5.37145062450661,9,20,0.5
"s2","s5",5.4382202077592,9,20,0.5
"s2","s5",4.18337283862035,9,20,0.5
"s2","s5",4.53590100300118,9,20,0.5
"s2","s5",6.58085310103001,9,20,0.5
"s2","s5",6.55544559790096,9,20,0.5
"s2","s5",5.53933508126802,9,20,0.5
"s2","s5",6.4474054324518,9,20,0.5
"s2","s5",7.41336757432024,9,20,0.5
"s2","s5",5.60764856923935,9,20,0.5
"s2","s5",3.91819776229979,9,20,0.5
"s2","s5",4.42294115325705,9,20,0.5
"s2","s5",6.66813158762865,9,20,0.5
"s2","s5",5.07834923467583,9,20,0.5
"s2","s5",5.43825983691842,9,20,0.5
"s2","s5",7.53755368043098,9,20,0.5
"s2","s5",5.96925175078968,9,20,0.5
"s2","s5",5.35460997146126,9,20,0.5
"s2","s5",4.89823727754024,9,20,0.5
"s2","s5",3.98857208655306,9,20,0.5
"s2","s5",4.90872844410738,9,20,0.5
"s2","s5",5.91790473596702,9,20,0.5
"s2","s5",4.37253786897146,9,20,0.5
"s2","s5",7.22480911429589,9,20,0.5
"s2","s5",5.58381802519384,9,20,0.5
"s2","s5",3.16230932658287,9,20,0.5
"s2","s5",5.98966672226094,9,20,0.5
"s2","s5",5.14982403965077,9,20,0.5
"s2","s5",4.71161971841249,9,20,0.5
"s2","s5",5.34502905818463,9,20,0.5
"s2","s5",4.09287980065896,9,20,0.5
"s2","s5",6.85802336804643,9,20,0.5
"s2","s5",4.73911968532853,9,20,0.5
"s2","s5",6.13717525530759,9,20,0.5
"s2","s5",6.4474054324518,9,20,0.5
"s2","s5",4.0353918269268,9,20,0.5
"s2","s5",7.22480911429589,9,20,0.5
"s2","s5",4.88689310339723,9,20,0.5
"s2","s5",5.42438705199641,9,20,0.5
"s2","s5",6.39095588070146,9,20,0.5
"s2","s5",7.03201694106717,9,20,0.5
"s2","s5",5.12650496055262,9,20,0.5
"s2","s5",3.32400776849071,9,20,0.5
"s2","s5",5.05168691070628,9,20,0.5
"s2","s5",6.18356460695052,9,20,0.5
"s2","s5",6.0362374098583,9,20,0.5
"s2","s5",5.74125733083149,9,20,0.5
"s2","s5",5.10318588145448,9,20,0.5
"s2","s5",5.74913612783742,9,20,0.5
"s2","s5",5.13887034549643,9,20,0.5
"s2","s5",7.16751235183786,9,20,0.5
"s2","s5",5.78303012341813,9,20,0.5
"s2","s5",5.43825983691842,9,20,0.5
"s2","s5",7.43562811605002,9,20,0.5
"s2","s5",4.91277901088794,9,20,0.5
"s2","s5",3.48187988146671,9,20,0.5
"s2","s5",5.22739651449931,9,20,0.5
"s2","s5",4.2554039553571,9,20,0.5
"s2","s5",5.70646445143824,9,20,0.5
"s2","s5",5.58445936518135,9,20,0.5
"s2","s5",5.06606860311321,9,20,0.5
"s2","s5",6.06652340933787,9,20,0.5
"s2","s5",4.62111337536356,9,20,0.5
"s2","s5",3.84996147397511,9,20,0.5
"s2","s5",5.14982403965077,9,20,0.5
"s2","s5",6.84872435404514,9,20,0.5
"s2","s5",4.63662030765678,9,20,0.5
"s2","s5",7.21430655614894,9,20,0.5
"s2","s5",3.96411736169854,9,20,0.5
"s2","s5",5.34539043144831,9,20,0.5
"s2","s5",3.66331541287986,9,20,0.5
"s2","s5",5.54065479651725,9,20,0.5
"s2","s5",6.71733546881481,9,20,0.5
"s2","s5",3.67417561517464,9,20,0.5
"s2","s5",5.70666941621574,9,20,0.5
"s2","s5",5.95415031272119,9,20,0.5
"s2","s5",5.75670909417579,9,20,0.5
"s2","s5",4.774608213161,9,20,0.5
"s2","s5",3.90144867353203,9,20,0.5
"s2","s5",5.43370213494408,9,20,0.5
"s2","s5",5.50625857121639,9,20,0.5
"s2","s5",4.42294115325705,9,20,0.5
"s2","s5",5.98392309899167,9,20,0.5
"s2","s5",3.93304969790404,9,20,0.5
"s2","s5",4.59827361572667,9,20,0.5
"s2","s5",6.27003895378452,9,20,0.5
"s2","s5",4.38397729098044,9,20,0.5
"s2","s5",4.54202312257999,9,20,0.5
"s2","s5",4.9058056886699,9,20,0.5
"s2","s5",4.94214102100324,9,20,0.5
"s2","s5",5.15601313005425,9,20,0.5
"s2","s5",5.15496907504613,9,20,0.5
"s2","s5",6.70573382045561,9,20,0.5
"s2","s5",6.64196869256808,9,20,0.5
"s2","s5",5.68699791399552,9,20,0.5
"s2","s5",5.4812822233397,9,20,0.5
"s2","s5",5.81514580981778,9,20,0.5
"s2","s5",5.58995936022056,9,20,0.5
"s2","s5",4.80480089304064,9,20,0.5
"s2","s5",6.43049518639163,9,20,0.5
"s2","s5",3.3767045899923,9,20,0.5
"s2","s5",6.06652340933787,9,20,0.5
"s2","s5",4.53930744402861,9,20,0.5
"s2","s5",5.42438705199641,9,20,0.5
"s2","s5",6.36196366368245,9,20,0.5
"s2","s5",4.96490909190764,9,20,0.5
"s2","s5",6.38727342421718,9,20,0.5
"s2","s5",4.44229726006479,9,20,0.5
"s2","s5",3.63912978349973,9,20,0.5
"s2","s5",5.13887034549643,9,20,0.5
"s2","s5",6.22960705055107,9,20,0.5
"s2","s5",6.22547092674776,9,20,0.5
"s2","s5",4.2251302172399,9,20,0.5
"s2","s5",8.22355270175625,9,20,0.5
"s2","s5",5.60764856923935,9,20,0.5
"s2","s5",5.64041032561762,9,20,0.5
"s2","s5",6.64196869256808,9,20,0.5
"s2","s5",5.5957332972166,9,20,0.5
"s2","s5",4.47432280594079,9,20,0.5
"s2","s5",6.58085310103001,9,20,0.5
"s2","s5",4.38397729098044,9,20,0.5
"s2","s5",6.36910497873105,9,20,0.5
"s2","s5",3.24616753694634,9,20,0.5
"s2","s5",4.99433704533683,9,20,0.5
"s2","s5",6.04104837494468,9,20,0.5
"s2","s5",6.63629363812333,9,20,0.5
"s2","s5",6.00124503496641,9,20,0.5
"s2","s5",6.06652340933787,9,20,0.5
"s2","s5",3.92476176973189,9,20,0.5
"s2","s5",4.73911968532853,9,20,0.5
"s2","s5",6.09773305773558,9,20,0.5
"s2","s5",4.43297154593143,9,20,0.5
"s2","s5",3.46017157606049,9,20,0.5
"s2","s5",5.14309336676149,9,20,0.5
"s2","s5",5.92884612288527,9,20,0.5
"s2","s5",6.71654960865467,9,20,0.5
"s2","s5",5.28854527662781,9,20,0.5
"s2","s5",5.5233128981737,9,20,0.5
"s2","s5",7.05922004713496,9,20,0.5
"s2","s5",4.45701320667381,9,20,0.5
"s2","s5",5.55104976281205,9,20,0.5
"s2","s5",4.12971606946658,9,20,0.5
"s2","s5",7.50047533453936,9,20,0.5
"s2","s5",6.71733546881481,9,20,0.5
"s2","s5",4.09108883128173,9,20,0.5
"s2","s5",4.32828956114159,9,20,0.5
"s2","s5",5.4382202077592,9,20,0.5
"s2","s5",6.50498155060313,9,20,0.5
"s2","s5",5.70062724941002,9,20,0.5
"s2","s5",5.99367956200819,9,20,0.5
"s2","s5",4.9882088771123,9,20,0.5
"s2","s5",6.71654960865467,9,20,0.5
"s2","s5",6.00697783679693,9,20,0.5
"s2","s5",5.92884612288527,9,20,0.5
"s2","s5",5.79533633236063,9,20,0.5
"s2","s5",5.60591816645941,9,20,0.5
"s2","s5",4.60631172395998,9,20,0.5
"s2","s5",6.68039600941029,9,20,0.5
"s2","s5",6.21897687922484,9,20,0.5
"s2","s5",4.9882088771123,9,20,0.5
"s2","s5",4.26307842350924,9,20,0.5
"s2","s5",4.31565052781584,9,20,0.5
"s2","s5",4.90476657540384,9,20,0.5
"s2","s5",7.0139787419118,9,20,0.5
"s2","s5",4.80480089304064,9,20,0.5
"s2","s5",4.26307842350924,9,20,0.5
"s2","s5",4.98877846864932,9,20,0.5
"s2","s5",5.90659751058766,9,20,0.5
"s2","s5",6.23196497427067,9,20,0.5
"s2","s5",5.18075974074575,9,20,0.5
"s2","s5",5.64041032561762,9,20,0.5
"s2","s5",6.23196497427067,9,20,0.5
"s2","s5",5.73110495956132,9,20,0.5
"s2","s5",3.09971627060629,9,20,0.5
"s2","s5",4.60429208211644,9,20,0.5
"s2","s5",5.6888573868798,9,20,0.5
"s2","s5",6.70382121644824,9,20,0.5
"s2","s5",5.21141581223346,9,20,0.5
"s2","s5",5.51639155083009,9,20,0.5
"s2","s5",4.91937295009885,9,20,0.5
"s2","s5",5.12357122883885,9,20,0.5
"s2","s5",5.77190419874182,9,20,0.5
"s2","s5",5.60010245277703,9,20,0.5
"s2","s5",4.96102374521845,9,20,0.5
"s2","s5",5.99405578950032,9,20,0.5
"s2","s5",8.2393250535774,9,20,0.5
"s2","s5",5.69172375473545,9,20,0.5
"s2","s5",6.54828623512917,9,20,0.5
"s2","s5",5.65057960524636,9,20,0.5
"s2","s5",5.62730090474093,9,20,0.5
"s2","s5",5.13887034549643,9,20,0.5
"s2","s5",3.28090536596142,9,20,0.5
"s2","s5",6.83055800034741,9,20,0.5
"s2","s5",4.73126584152654,9,20,0.5
"s2","s5",6.0503011915655,9,20,0.5
"s2","s5",4.428786664132,9,20,0.5
"s2","s5",5.14982403965077,9,20,0.5
"s2","s5",5.90132278864546,9,20,0.5
"s2","s5",6.98011323927546,9,20,0.5
"s2","s5",6.09267247511725,9,20,0.5
"s2","s5",5.71115160420551,9,20,0.5
"s2","s5",3.55974230650948,9,20,0.5
"s2","s5",5.73655541123914,9,20,0.5
"s2","s5",3.86327730217362,9,20,0.5
"s2","s5",6.8007372790519,9,20,0.5
"s2","s5",6.04104837494468,9,20,0.5
"s2","s5",4.28286445548705,9,20,0.5
"s2","s5",5.62402944742849,9,20,0.5
"s2","s5",5.4128723715153,9,20,0.5
"s2","s5",4.67060032533997,9,20,0.5
"s2","s5",5.72112828188341,9,20,0.5
"s2","s5",6.23196497427067,9,20,0.5
"s2","s5",6.3134172488922,9,20,0.5
"s2","s5",7.2201520670239,9,20,0.5
"s2","s5",5.63811219100612,9,20,0.5
"s2","s5",5.81591859477675,9,20,0.5
"s2","s5",5.59783681219229,9,20,0.5
"s2","s5",6.3614749068686,9,20,0.5
"s2","s5",4.9917516236593,9,20,0.5
"s2","s5",5.18075974074575,9,20,0.5
"s2","s5",4.428786664132,9,20,0.5
"s2","s5",3.91819776229979,9,20,0.5
"s2","s5",5.86799062525751,9,20,0.5
"s2","s5",4.3644094070043,9,20,0.5
"s2","s5",5.75614660472996,9,20,0.5
"s2","s5",3.84996147397511,9,20,0.5
"s2","s5",5.62730090474093,9,20,0.5
"s2","s5",5.4382202077592,9,20,0.5
"s2","s5",6.75985338204336,9,20,0.5
"s2","s5",5.07770176878832,9,20,0.5
"s2","s5",7.07569181003309,9,20,0.5
"s2","s5",5.94543722590486,9,20,0.5
"s2","s5",3.67359744365223,9,20,0.5
"s2","s5",4.3751797767811,9,20,0.5
"s2","s5",7.50047533453936,9,20,0.5
"s2","s5",6.63052935480169,9,20,0.5
"s2","s5",4.9860197838426,9,20,0.5
"s2","s5",6.68039600941029,9,20,0.5
"s2","s5",6.06652340933787,9,20,0.5
"s2","s5",6.0925117867539,9,20,0.5
"s2","s5",4.11696412033884,9,20,0.5
"s2","s5",7.07569181003309,9,20,0.5
"s2","s5",5.92884612288527,9,20,0.5
"s2","s5",5.64916226163891,9,20,0.5
"s2","s5",4.10363960230271,9,20,0.5
"s2","s5",5.10374649154724,9,20,0.5
"s2","s5",6.37195621764191,9,20,0.5
"s2","s5",4.96102374521845,9,20,0.5
"s2","s5",4.8450509805208,9,20,0.5
"s2","s5",5.35460997146126,9,20,0.5
"s2","s5",5.58348557803822,9,20,0.5
"s2","s5",6.6318331296589,9,20,0.5
"s2","s5",6.81169216476176,9,20,0.5
"s2","s5",7.61548205512488,9,20,0.5
"s2","s5",4.55746541138794,9,20,0.5
"s2","s5",4.86986056903465,9,20,0.5
"s2","s5",5.44475220557687,9,20,0.5
"s2","s5",5.83218011076508,9,20,0.5
"s2","s5",5.10318588145448,9,20,0.5
"s2","s5",3.73823362441635,9,20,0.5
"s2","s5",4.24002428487967,9,20,0.5
"s2","s5",5.65746149237758,9,20,0.5
"s2","s5",5.9955122331359,9,20,0.5
"s2","s5",4.59127876088874,9,20,0.5
"s2","s5",5.65057960524636,9,20,0.5
"s2","s5",4.89172039227949,9,20,0.5
"s2","s5",4.38832847878366,9,20,0.5
"s2","s5",5.99832227952894,9,20,0.5
"s2","s5",5.92884612288527,9,20,0.5
"s2","s5",4.81853169265134,9,20,0.5
"s2","s5",4.31343106952952,9,20,0.5
"s2","s5",7.81201971274096,9,20,0.5
"s2","s5",5.47622339182677,9,20,0.5
"s2","s5",5.47633881371199,9,20,0.5
"s2","s5",6.65531388403887,9,20,0.5
"s2","s5",6.04104837494468,9,20,0.5
"s2","s5",5.73110495956132,9,20,0.5
"s2","s5",6.70573382045561,9,20,0.5
"s2","s5",5.72364122328925,9,20,0.5
"s2","s5",5.50111064294308,9,20,0.5
"s2","s5",5.20585535250362,9,20,0.5
"s2","s5",6.154021210614,9,20,0.5
"s2","s5",3.34805202523658,9,20,0.5
"s2","s5",5.0499875172331,9,20,0.5
"s2","s5",4.87376642319008,9,20,0.5
"s2","s5",4.42294115325705,9,20,0.5
"s2","s5",4.88977771893489,9,20,0.5
"s2","s5",4.65407718426424,9,20,0.5
"s2","s5",5.14982403965077,9,20,0.5
"s2","s5",5.37787110305509,9,20,0.5
"s2","s5",4.89808393811591,9,20,0.5
"s2","s5",6.06014983393515,9,20,0.5
"s2","s5",5.72636805693303,9,20,0.5
"s2","s5",5.12357122883885,9,20,0.5
"s2","s5",6.36196366368245,9,20,0.5
"s2","s5",5.37512950232087,9,20,0.5
"s2","s5",5.77190419874182,9,20,0.5
"s2","s5",7.33015674593524,9,20,0.5
"s2","s5",5.60764856923935,9,20,0.5
"s2","s5",5.90132278864546,9,20,0.5
"s2","s5",3.69986286204854,9,20,0.5
"s2","s5",3.40445326744937,9,20,0.5
"s2","s5",6.74138240109476,9,20,0.5
"s2","s5",3.78980223460346,9,20,0.5
"s2","s5",5.16722811431878,9,20,0.5
"s2","s5",4.96490909190764,9,20,0.5
"s2","s5",5.07834923467583,9,20,0.5
"s2","s5",6.51713699949404,9,20,0.5
"s2","s5",5.27331809377822,9,20,0.5
"s2","s5",5.51639155083009,9,20,0.5
"s2","s5",6.7957158589312,9,20,0.5
"s2","s5",3.51058428517141,9,20,0.5
"s2","s5",7.59277625698996,9,20,0.5
"s2","s5",6.51412926674091,9,20,0.5
"s2","s5",6.83055800034741,9,20,0.5
"s2","s5",5.47113477156933,9,20,0.5
"s2","s5",4.42294115325705,9,20,0.5
"s2","s5",7.40963775003761,9,20,0.5
"s2","s5",3.30412668948356,9,20,0.5
"s2","s5",3.5229902073949,9,20,0.5
"s2","s5",4.9280420631998,9,20,0.5
"s2","s5",6.83407145901768,9,20,0.5
"s2","s5",3.26048049411811,9,20,0.5
"s2","s5",4.43297154593143,9,20,0.5
"s2","s5",6.56073742783468,9,20,0.5
"s2","s5",5.84077044384378,9,20,0.5
"s2","s5",6.06734615289535,9,20,0.5
"s2","s5",6.09773305773558,9,20,0.5
"s2","s5",4.91937295009885,9,20,0.5
"s2","s5",5.71131861855078,9,20,0.5
"s2","s5",4.48151962835824,9,20,0.5
"s2","s5",5.52350816413983,9,20,0.5
"s2","s5",5.13520699788663,9,20,0.5
"s2","s5",7.21358710994332,9,20,0.5
"s2","s5",3.89284289647027,9,20,0.5
"s2","s5",6.38574811426373,9,20,0.5
"s2","s5",4.18337283862035,9,20,0.5
"s2","s5",4.74513433840703,9,20,0.5
"s2","s5",5.8586206917111,9,20,0.5
"s2","s5",5.76334146753878,9,20,0.5
"s2","s5",6.79747102324475,9,20,0.5
"s2","s5",4.77440438016035,9,20,0.5
"s2","s5",6.2287640384451,9,20,0.5
"s2","s5",6.81169216476176,9,20,0.5
"s2","s5",5.13887034549643,9,20,0.5
"s2","s5",5.09349593808503,9,20,0.5
"s2","s5",4.428786664132,9,20,0.5
"s2","s5",4.74332474082415,9,20,0.5
"s2","s5",6.8596912646979,9,20,0.5
"s2","s5",6.43001172485574,9,20,0.5
"s2","s5",6.2544081976043,9,20,0.5
"s2","s5",5.32447192568041,9,20,0.5
"s2","s5",4.91645019466137,9,20,0.5
"s2","s5",6.36985087515183,9,20,0.5
"s2","s5",3.32400776849071,9,20,0.5
"s2","s5",5.51639155083009,9,20,0.5
"s2","s5",3.32895850766754,9,20,0.5
"s2","s5",7.33015674593524,9,20,0.5
"s2","s5",6.5868279142221,9,20,0.5
"s2","s5",4.02773645116499,9,20,0.5
"s2","s5",6.8596912646979,9,20,0.5
"s2","s5",6.73584122971945,9,20,0.5
"s2","s5",5.20585535250362,9,20,0.5
"s2","s5",6.37387108115282,9,20,0.5
"s2","s5",8.45042800226068,9,20,0.5
"s2","s5",5.76368082204667,9,20,0.5
"s2","s5",5.70064209425215,9,20,0.5
"s2","s5",5.18096181176425,9,20,0.5
"s2","s5",6.57478653835829,9,20,0.5
"s2","s5",4.59127876088874,9,20,0.5
"s2","s5",5.0165331920802,9,20,0.5
"s2","s5",5.64041032561762,9,20,0.5
"s2","s5",3.44020443037365,9,20,0.5
"s2","s5",4.71767327557962,9,20,0.5
"s2","s5",6.34126111381162,9,20,0.5
"s2","s5",4.89808393811591,9,20,0.5
"s2","s5",4.89823727754024,9,20,0.5
"s2","s5",4.91352743922389,9,20,0.5
"s2","s5",8.27091795766394,9,20,0.5
"s2","s5",6.9165139147804,9,20,0.5
"s2","s5",5.62730090474093,9,20,0.5
"s2","s5",4.47432280594079,9,20,0.5
"s2","s5",5.53806700887298,9,20,0.5
"s2","s5",3.66301074335645,9,20,0.5
"s2","s5",4.40723247494562,9,20,0.5
"s2","s5",6.64870135484234,9,20,0.5
"s2","s5",3.52320167046559,9,20,0.5
"s2","s5",7.05103718698271,9,20,0.5
"s2","s5",6.09267247511725,9,20,0.5
"s2","s5",6.409532564845,9,20,0.5
"s2","s5",4.94977361153325,9,20,0.5
"s2","s5",3.86420942493022,9,20,0.5
"s2","s5",4.68934823113839,9,20,0.5
"s2","s5",3.48614790869559,9,20,0.5
"s2","s5",4.39947419212347,9,20,0.5
"s2","s5",4.48512032800611,9,20,0.5
"s2","s5",6.83184739977847,9,20,0.5
"s2","s5",4.34847414066796,9,20,0.5
"s2","s5",6.14656610202599,9,20,0.5
"s2","s5",4.9860197838426,9,20,0.5
"s2","s5",5.65057960524636,9,20,0.5
"s2","s5",3.87040127765117,9,20,0.5
"s2","s5",4.65094798983838,9,20,0.5
"s2","s5",3.39424878368797,9,20,0.5
"s2","s5",6.32065497384808,9,20,0.5
"s2","s5",5.72636805693303,9,20,0.5
"s2","s5",5.83495528727493,9,20,0.5
"s2","s5",5.60591816645941,9,20,0.5
"s2","s5",3.78980223460346,9,20,0.5
"s2","s5",5.92884612288527,9,20,0.5
"s2","s5",4.52977888342236,9,20,0.5
"s2","s5",3.83725090968387,9,20,0.5
"s2","s5",4.52594690611336,9,20,0.5
"s2","s5",4.48988339814288,9,20,0.5
"s2","s5",6.63052935480169,9,20,0.5
"s2","s5",5.37848359485515,9,20,0.5
"s2","s5",6.36196366368245,9,20,0.5
"s2","s5",7.15290106484172,9,20,0.5
"s2","s5",5.50734560212783,9,20,0.5
"s2","s5",6.61809515299948,9,20,0.5
"s2","s5",5.37848359485515,9,20,0.5
"s2","s5",5.65719222770153,9,20,0.5
"s2","s5",5.20585535250362,9,20,0.5
"s2","s5",6.43049518639163,9,20,0.5
"s2","s5",6.57478653835829,9,20,0.5
"s2","s5",6.01162652495566,9,20,0.5
"s2","s5",4.77481204616165,9,20,0.5
"s2","s5",5.64041032561762,9,20,0.5
"s2","s5",4.74332474082415,9,20,0.5
"s2","s5",6.0955709248974,9,20,0.5
"s2","s5",5.14210229358972,9,20,0.5
"s2","s5",7.20277622925004,9,20,0.5
"s2","s5",5.33108362993483,9,20,0.5
"s2","s5",6.60676804985203,9,20,0.5
"s2","s5",4.91937295009885,9,20,0.5
"s2","s5",6.71654960865467,9,20,0.5
"s2","s5",5.62730090474093,9,20,0.5
"s2","s5",5.68086560472593,9,20,0.5
"s2","s5",4.38397729098044,9,20,0.5
"s2","s5",4.23608207169347,9,20,0.5
"s2","s5",4.48331997818218,9,20,0.5
"s2","s5",4.75899388026733,9,20,0.5
"s2","s5",5.4382202077592,9,20,0.5
"s2","s5",5.08448430892903,9,20,0.5
"s2","s5",7.98857035978636,9,20,0.5
"s2","s5",5.60764856923935,9,20,0.5
"s2","s5",3.9767947946133,9,20,0.5
"s2","s5",6.66942673731128,9,20,0.5
"s2","s5",6.9907667856113,9,20,0.5
"s2","s5",4.63559796206101,9,20,0.5
"s2","s5",4.9860197838426,9,20,0.5
"s2","s5",4.38624620166411,9,20,0.5
"s2","s5",5.49271969190112,9,20,0.5
"s2","s5",5.75670909417579,9,20,0.5
"s2","s5",5.32516298830454,9,20,0.5
"s2","s5",7.52292136242681,9,20,0.5
"s2","s5",5.77190419874182,9,20,0.5
"s2","s5",7.1251068374683,9,20,0.5
"s2","s5",8.38905191594682,9,20,0.5
"s2","s5",6.04266072381701,9,20,0.5
"s2","s5",4.72917280154204,9,20,0.5
"s2","s5",5.7229579688035,9,20,0.5
"s2","s5",6.40337575631448,9,20,0.5
"s2","s5",4.428786664132,9,20,0.5
"s2","s5",3.86420942493022,9,20,0.5
"s2","s5",5.17399392753227,9,20,0.5
"s2","s5",5.18414322779799,9,20,0.5
"s2","s5",6.77175254540485,9,20,0.5
"s2","s5",5.80342974300837,9,20,0.5
"s2","s5",5.41456088424562,9,20,0.5
"s2","s5",5.18414322779799,9,20,0.5
"s2","s5",7.82074303190208,9,20,0.5
"s2","s5",4.05894641080633,9,20,0.5
"s2","s5",8.60262272433394,9,20,0.5
"s2","s5",4.428786664132,9,20,0.5
"s2","s5",4.65094798983838,9,20,0.5
"s2","s5",4.91617934149826,9,20,0.5
"s2","s5",6.06830964992104,9,20,0.5
"s2","s5",6.06652340933787,9,20,0.5
"s2","s5",6.79747102324475,9,20,0.5
"s2","s5",4.69490520467522,9,20,0.5
"s2","s5",6.31302079396879,9,20,0.5
"s2","s5",4.03919259745551,9,20,0.5
"s2","s5",5.75614660472996,9,20,0.5
"s2","s5",4.83652466185094,9,20,0.5
"s2","s5",4.36870061472501,9,20,0.5
"s2","s5",4.81853169265134,9,20,0.5
"s2","s5",5.0720805424938,9,20,0.5
"s2","s5",6.82858114397133,9,20,0.5
"s2","s5",5.43825983691842,9,20,0.5
"s2","s5",6.06652340933787,9,20,0.5
"s2","s5",7.46936099034722,9,20,0.5
"s2","s5",4.59887659970935,9,20,0.5
"s2","s5",5.6228195085186,9,20,0.5
"s2","s5",5.75614660472996,9,20,0.5
"s2","s5",4.71451392981534,9,20,0.5
"s2","s5",6.07918012169908,9,20,0.5
"s2","s5",3.38065350739902,9,20,0.5
"s2","s5",4.91628530923066,9,20,0.5
"s2","s5",5.17031487765193,9,20,0.5
"s2","s5",4.85838448509579,9,20,0.5
"s2","s5",4.82134980674884,9,20,0.5
"s2","s5",4.18948698910352,9,20,0.5
"s2","s5",6.3134172488922,9,20,0.5
"s2","s5",3.71287854069965,9,20,0.5
"s2","s5",4.64842739066334,9,20,0.5
"s2","s5",4.99127296122457,9,20,0.5
"s2","s5",4.71545663065241,9,20,0.5
"s2","s5",6.11268307180233,9,20,0.5
"s2","s5",6.06734615289535,9,20,0.5
"s2","s5",5.33108362993483,9,20,0.5
"s2","s5",5.72344530149555,9,20,0.5
"s2","s5",4.80666824128549,9,20,0.5
"s2","s5",5.03404748668106,9,20,0.5
"s2","s5",4.93671117630076,9,20,0.5
"s2","s5",6.46351870879663,9,20,0.5
"s2","s5",6.21941473322593,9,20,0.5
"s2","s5",3.84996147397511,9,20,0.5
"s2","s5",5.9955122331359,9,20,0.5
"s2","s5",4.23738743159756,9,20,0.5
"s2","s5",7.19161799009338,9,20,0.5
"s2","s5",6.16231872469396,9,20,0.5
"s2","s5",5.34448238979109,9,20,0.5
"s2","s5",5.35460997146126,9,20,0.5
"s2","s5",4.96490909190764,9,20,0.5
"s2","s5",4.30916647094579,9,20,0.5
"s2","s5",3.83063906414391,9,20,0.5
"s2","s5",4.97546443787512,9,20,0.5
"s2","s5",5.47565429895386,9,20,0.5
"s2","s5",4.38711996382134,9,20,0.5
"s2","s5",5.87611066365584,9,20,0.5
"s2","s5",6.53741939959333,9,20,0.5
"s2","s5",5.34539043144831,9,20,0.5
"s2","s5",3.98392451361646,9,20,0.5
"s2","s5",3.72939250464541,9,20,0.5
"s2","s5",5.15469574084937,9,20,0.5
"s2","s5",4.92658064041874,9,20,0.5
"s2","s5",4.89808393811591,9,20,0.5
"s2","s5",4.7896026366005,9,20,0.5
"s2","s5",5.16722811431878,9,20,0.5
"s2","s5",4.77827138738514,9,20,0.5
"s2","s5",6.84292352986554,9,20,0.5
"s2","s5",6.63052935480169,9,20,0.5
"s2","s5",5.89589636610943,9,20,0.5
"s2","s5",4.93671117630076,9,20,0.5
"s2","s5",5.91096949091521,9,20,0.5
"s2","s5",5.95364692659083,9,20,0.5
"s2","s5",6.59976398625069,9,20,0.5
"s2","s5",3.80549215747665,9,20,0.5
"s2","s5",5.40486857319343,9,20,0.5
"s2","s5",7.82019636350854,9,20,0.5
"s2","s5",6.40337575631448,9,20,0.5
"s2","s5",6.57146282592755,9,20,0.5
"s2","s5",4.07388900413676,9,20,0.5
"s2","s5",5.20585535250362,9,20,0.5
"s2","s5",3.38457976744985,9,20,0.5
"s2","s5",4.52594690611336,9,20,0.5
"s2","s5",4.90872844410738,9,20,0.5
"s2","s5",5.22540717950656,9,20,0.5
"s2","s5",6.09773305773558,9,20,0.5
"s2","s5",4.72519286913397,9,20,0.5
"s2","s5",6.46351870879663,9,20,0.5
"s2","s5",5.56533309686841,9,20,0.5
"s2","s5",7.3296100775417,9,20,0.5
"s2","s5",7.61015808144999,9,20,0.5
"s2","s5",6.22793009011936,9,20,0.5
"s2","s5",4.28612244722752,9,20,0.5
"s2","s5",5.84077044384378,9,20,0.5
"s2","s5",4.8521742430213,9,20,0.5
"s2","s5",5.02147208946885,9,20,0.5
"s2","s5",7.40694567254932,9,20,0.5
"s2","s5",3.07420296284195,9,20,0.5
"s2","s5",5.72626428003108,9,20,0.5
"s2","s5",5.62730090474093,9,20,0.5
"s2","s5",6.19016477267676,9,20,0.5
"s2","s5",6.0367506230674,9,20,0.5
"s2","s5",6.98011323927546,9,20,0.5
"s2","s5",4.54202312257999,9,20,0.5
"s2","s5",5.9760541202461,9,20,0.5
"s2","s5",4.66077415758917,9,20,0.5
"s2","s5",6.23196497427067,9,20,0.5
"s2","s5",3.7914241093172,9,20,0.5
"s2","s5",7.36623314424597,9,20,0.5
"s2","s5",6.19539914631641,9,20,0.5
"s2","s5",6.79747102324475,9,20,0.5
"s2","s5",4.2397086550327,9,20,0.5
"s2","s5",4.5037332672358,9,20,0.5
"s2","s5",5.49220088065728,9,20,0.5
"s2","s5",6.3445656458856,9,20,0.5
"s2","s5",6.81169216476176,9,20,0.5
"s2","s5",4.9882088771123,9,20,0.5
"s2","s5",6.29391546891347,9,20,0.5
"s2","s5",5.78983745182217,9,20,0.5
"s2","s5",3.67417561517464,9,20,0.5
"s2","s5",6.80400353485905,9,20,0.5
"s2","s5",5.68807944353108,9,20,0.5
"s2","s5",5.82352829891438,9,20,0.5
"s2","s5",5.14982403965077,9,20,0.5
"s2","s5",6.06652340933787,9,20,0.5
"s2","s5",6.57914770211795,9,20,0.5
"s2","s5",6.15138240660123,9,20,0.5
"s2","s5",4.90914680930739,9,20,0.5
"s2","s5",5.30500255853288,9,20,0.5
"s2","s5",6.50498155060313,9,20,0.5
"s2","s5",4.97662218419048,9,20,0.5
"s2","s5",7.38118139736343,9,20,0.5
"s2","s5",4.08221846514474,9,20,0.5
"s2","s5",4.72231471609722,9,20,0.5
"s2","s5",4.5791908355704,9,20,0.5
"s2","s5",5.18414322779799,9,20,0.5
"s2","s5",4.48151962835824,9,20,0.5
"s2","s5",5.51869589701432,9,20,0.5
"s2","s5",4.82608390347658,9,20,0.5
"s2","s5",6.31009803853132,9,20,0.5
"s2","s5",7.64644711780415,9,20,0.5
"s2","s5",3.59035990992784,9,20,0.5
"s2","s5",5.87987625485688,9,20,0.5
"s2","s5",5.37848359485515,9,20,0.5
"s2","s5",5.1443471925736,9,20,0.5
"s2","s5",5.79533633236063,9,20,0.5
"s2","s5",5.75614660472996,9,20,0.5
"s2","s5",3.4491654710791,9,20,0.5
"s2","s5",3.24616753694634,9,20,0.5
"s2","s5",6.00697783679693,9,20,0.5
"s2","s5",5.79533633236063,9,20,0.5
"s2","s5",3.45313214916781,9,20,0.5
"s2","s5",4.89808393811591,9,20,0.5
"s2","s5",4.48151962835824,9,20,0.5
"s2","s5",5.84778493496393,9,20,0.5
"s2","s5",4.91739508420426,9,20,0.5
"s2","s5",5.39162463297192,9,20,0.5
"s2","s5",5.88934165567108,9,20,0.5
"s2","s5",4.52594690611336,9,20,0.5
"s2","s5",4.8521742430213,9,20,0.5
"s2","s5",5.75614660472996,9,20,0.5
"s2","s5",6.19539914631641,9,20,0.5
"s2","s5",6.21941473322593,9,20,0.5
"s2","s5",4.77481204616165,9,20,0.5
"s2","s5",5.10033820993909,9,20,0.5
"s2","s5",4.774608213161,9,20,0.5
"s2","s5",4.39874642024142,9,20,0.5
"s2","s5",4.48137521467689,9,20,0.5
"s2","s5",5.47113477156933,9,20,0.5
"s2","s5",5.86813903796019,9,20,0.5
"s2","s5",4.94499445059977,9,20,0.5
"s2","s5",4.32828956114159,9,20,0.5
"s2","s5",5.14539967157882,9,20,0.5
"s2","s5",5.95405829836957,9,20,0.5
"s2","s5",6.58085310103001,9,20,0.5
"s2","s5",5.32516298830454,9,20,0.5
"s2","s5",5.30017560863702,9,20,0.5
"s2","s5",5.71178358200805,9,20,0.5
"s2","s5",4.62070176838288,9,20,0.5
"s2","s5",4.82228290961641,9,20,0.5
"s2","s5",5.65595260770656,9,20,0.5
"s2","s5",3.49301558948723,9,20,0.5
"s2","s5",6.71733546881481,9,20,0.5
"s2","s5",6.49520880440493,9,20,0.5
"s2","s5",4.17595961794709,9,20,0.5
"s2","s5",5.80679998980904,9,20,0.5
"s2","s5",5.14982403965077,9,20,0.5
"s2","s5",4.81853169265134,9,20,0.5
"s2","s5",5.25402722732395,9,20,0.5
"s2","s5",5.60187748932585,9,20,0.5
"s2","s5",5.51639155083009,9,20,0.5
"s2","s5",6.64196869256808,9,20,0.5
"s2","s5",5.72052254605807,9,20,0.5
"s2","s5",4.87376642319008,9,20,0.5
"s2","s5",5.64041032561762,9,20,0.5
"s2","s5",5.63155519708047,9,20,0.5
"s2","s5",4.60429208211644,9,20,0.5
"s2","s5",2.30407614195458,9,20,0.5
"s2","s5",5.55565953281852,9,20,0.5
"s2","s5",4.48151962835824,9,20,0.5
"s2","s5",5.07834923467583,9,20,0.5
"s2","s5",5.16722811431878,9,20,0.5
"s2","s5",6.69886573911255,9,20,0.5
"s2","s5",4.727182835338,9,20,0.5
"s2","s5",5.4382202077592,9,20,0.5
"s2","s5",5.75614660472996,9,20,0.5
"s2","s5",6.59644084567888,9,20,0.5
"s2","s5",5.10860979008613,9,20,0.5
"s2","s5",4.32213458468588,9,20,0.5
"s2","s5",5.20158446441303,9,20,0.5
"s2","s5",4.2251302172399,9,20,0.5
"s2","s5",7.50047533453936,9,20,0.5
"s2","s5",6.4111815672992,9,20,0.5
"s2","s5",4.87906726711799,9,20,0.5
"s2","s5",4.52977888342236,9,20,0.5
"s2","s5",5.64041032561762,9,20,0.5
"s2","s5",4.74332474082415,9,20,0.5
"s2","s5",5.17881639350863,9,20,0.5
"s2","s5",5.69240635681841,9,20,0.5
"s2","s5",6.56343401682991,9,20,0.5
"s2","s5",4.96450347591613,9,20,0.5
"s2","s5",6.04104837494468,9,20,0.5
"s2","s5",5.43825983691842,9,20,0.5
"s2","s5",4.38397729098044,9,20,0.5
"s2","s5",4.10363960230271,9,20,0.5
"s2","s5",5.50111064294308,9,20,0.5
"s2","s5",5.22147319925189,9,20,0.5
"s2","s5",4.43454880949328,9,20,0.5
"s2","s5",5.47732569387425,9,20,0.5
"s2","s5",3.43248412475661,9,20,0.5
"s2","s5",4.03150829771133,9,20,0.5
"s2","s5",5.32516298830454,9,20,0.5
"s2","s5",5.27186945934493,9,20,0.5
"s2","s5",4.12971606946658,9,20,0.5
"s2","s5",4.54202312257999,9,20,0.5
"s2","s5",5.59082741869307,9,20,0.5
"s2","s5",5.51639155083009,9,20,0.5
"s2","s5",6.33289490454388,9,20,0.5
"s2","s5",5.34539043144831,9,20,0.5
"s2","s5",6.06734615289535,9,20,0.5
"s2","s5",5.5778440277628,9,20,0.5
"s2","s5",6.85802336804643,9,20,0.5
"s2","s5",6.380411340672,9,20,0.5
"s2","s5",5.65719222770153,9,20,0.5
"s2","s5",6.63269461120159,9,20,0.5
"s2","s5",5.35051134682339,9,20,0.5
"s2","s5",5.90132278864546,9,20,0.5
"s2","s5",5.06254253286127,9,20,0.5
"s2","s5",4.38832847878366,9,20,0.5
"s2","s5",6.80400353485905,9,20,0.5
"s2","s5",7.63709658881125,9,20,0.5
"s2","s5",3.89284289647027,9,20,0.5
"s2","s5",5.20585535250362,9,20,0.5
"s2","s5",5.90132278864546,9,20,0.5
"s2","s5",5.61211417540573,9,20,0.5
"s2","s5",5.43825983691842,9,20,0.5
"s2","s5",6.37691580594461,9,20,0.5
"s2","s5",5.43825983691842,9,20,0.5
"s2","s5",6.58085310103001,9,20,0.5
"s2","s5",6.29338739960176,9,20,0.5
"s2","s5",6.68039600941029,9,20,0.5
"s2","s5",5.81591859477675,9,20,0.5
"s2","s5",4.59127876088874,9,20,0.5
"s2","s5",5.94390275156741,9,20,0.5
"s2","s5",5.13931749819175,9,20,0.5
"s2","s5",7.33015674593524,9,20,0.5
"s2","s5",4.28612244722752,9,20,0.5
"s2","s5",5.18414322779799,9,20,0.5
"s2","s5",6.00646462358783,9,20,0.5
"s2","s5",7.65882071075102,9,20,0.5
"s2","s5",5.28358624469433,9,20,0.5
"s2","s5",4.52594690611336,9,20,0.5
"s2","s5",5.34539043144831,9,20,0.5
"s2","s5",4.64968769025086,9,20,0.5
"s2","s5",5.37848359485515,9,20,0.5
"s2","s5",5.9955122331359,9,20,0.5
"s2","s5",4.85555777823055,9,20,0.5
"s2","s5",7.53755368043098,9,20,0.5
"s2","s5",5.65719222770153,9,20,0.5
"s2","s5",6.80400353485905,9,20,0.5
"s2","s5",5.63811219100612,9,20,0.5
"s2","s5",5.65057960524636,9,20,0.5
"s2","s5",4.90880511381954,9,20,0.5
"s2","s5",6.69780073788837,9,20,0.5
"s2","s5",5.90132278864546,9,20,0.5
"s2","s5",3.56588320419718,9,20,0.5
"s2","s5",5.47113477156933,9,20,0.5
"s2","s5",6.52003095982334,9,20,0.5
"s2","s5",6.57914770211795,9,20,0.5
"s2","s5",5.94127228975852,9,20,0.5
"s2","s5",5.15559138607357,9,20,0.5
"s2","s5",6.81169216476176,9,20,0.5
"s2","s5",6.36910497873105,9,20,0.5
"s2","s5",5.79845852428687,9,20,0.5
"s2","s5",4.67060032533997,9,20,0.5
"s2","s5",3.92476176973189,9,20,0.5
"s2","s5",4.91352743922389,9,20,0.5
"s2","s5",6.06734615289535,9,20,0.5
"s2","s5",5.37848359485515,9,20,0.5
"s2","s5",4.9882088771123,9,20,0.5
"s2","s5",3.40445326744937,9,20,0.5
"s2","s5",5.40486857319343,9,20,0.5
"s2","s5",5.28091553287864,9,20,0.5
"s2","s5",5.75614660472996,9,20,0.5
"s2","s5",6.06734615289535,9,20,0.5
"s2","s5",5.34448238979109,9,20,0.5
"s2","s5",6.42835320420688,9,20,0.5
"s2","s5",5.22147319925189,9,20,0.5
"s2","s5",6.23196497427067,9,20,0.5
"s2","s5",5.05105896867284,9,20,0.5
"s2","s5",4.67060032533997,9,20,0.5
"s2","s5",5.08338976229417,9,20,0.5
"s2","s5",6.69780073788837,9,20,0.5
"s2","s5",4.01435726953548,9,20,0.5
"s2","s5",4.97546443787512,9,20,0.5
"s2","s5",5.81621387410339,9,20,0.5
"s2","s5",5.98966672226094,9,20,0.5
"s2","s5",3.45988249029929,9,20,0.5
"s2","s5",4.57605997684911,9,20,0.5
"s2","s5",6.409532564845,9,20,0.5
"s2","s5",6.25363281129029,9,20,0.5
"s2","s5",7.61548205512488,9,20,0.5
"s2","s5",6.68039600941029,9,20,0.5
"s2","s5",4.9882088771123,9,20,0.5
"s2","s5",4.52594690611336,9,20,0.5
"s2","s5",5.80623719642549,9,20,0.5
"s2","s5",6.04662264543574,9,20,0.5
"s2","s5",4.43297154593143,9,20,0.5
"s2","s5",7.65189148017167,9,20,0.5
"s2","s5",5.43933271347671,9,20,0.5
"s2","s5",3.20543194442325,9,20,0.5
"s2","s5",4.56665094173437,9,20,0.5
"s2","s5",4.45022261591727,9,20,0.5
"s2","s5",4.47945922602239,9,20,0.5
"s2","s5",7.75420028362799,9,20,0.5
"s2","s5",4.52977888342236,9,20,0.5
"s2","s5",5.54950307045661,9,20,0.5
"s2","s5",5.0165331920802,9,20,0.5
"s2","s5",4.9017710519049,9,20,0.5
"s2","s5",3.25192578969281,9,20,0.5
"s2","s5",5.70695066093866,9,20,0.5
"s2","s5",5.87238235883101,9,20,0.5
"s2","s5",4.93671117630076,9,20,0.5
"s2","s5",5.24329901495365,9,20,0.5
"s2","s5",4.99447206041931,9,20,0.5
"s2","s5",8.01854033957297,9,20,0.5
"s2","s5",4.67115705167795,9,20,0.5
"s2","s5",6.00595141037873,9,20,0.5
"s2","s5",5.96218566554454,9,20,0.5
"s2","s5",4.60429208211644,9,20,0.5
"s2","s5",4.68747712844534,9,20,0.5
"s2","s5",6.19539914631641,9,20,0.5
"s2","s5",5.77190419874182,9,20,0.5
"s2","s5",5.9955122331359,9,20,0.5
"s2","s5",6.8596912646979,9,20,0.5
"s2","s5",5.81591859477675,9,20,0.5
"s2","s5",5.43825983691842,9,20,0.5
"s2","s5",4.39464750060948,9,20,0.5
"s2","s5",4.81041263709832,9,20,0.5
"s2","s5",4.42294115325705,9,20,0.5
"s2","s5",4.05416809965868,9,20,0.5
"s2","s5",7.58018091942825,9,20,0.5
"s2","s5",6.06652340933787,9,20,0.5
"s2","s5",4.77481204616165,9,20,0.5
"s2","s5",7.50047533453936,9,20,0.5
"s2","s5",4.92511930776232,9,20,0.5
"s2","s5",4.69713636533126,9,20,0.5
"s2","s5",3.32474768256047,9,20,0.5
"s2","s5",5.98392309899167,9,20,0.5
"s2","s5",4.29816959738744,9,20,0.5
"s2","s5",4.77481204616165,9,20,0.5
"s2","s5",4.95663736282839,9,20,0.5
"s2","s5",5.87946488307814,9,20,0.5
"s2","s5",5.73655541123914,9,20,0.5
"s2","s5",6.9418067892744,9,20,0.5
"s2","s5",3.25768404243928,9,20,0.5
"s2","s5",5.8063373212928,9,20,0.5
"s2","s5",6.5579324388622,9,20,0.5
"s2","s5",5.40486857319343,9,20,0.5
"s2","s5",6.4474054324518,9,20,0.5
"s2","s5",5.60591816645941,9,20,0.5
"s2","s5",4.81163840362494,9,20,0.5
"s2","s5",5.12357122883885,9,20,0.5
"s2","s5",5.04744121337801,9,20,0.5
"s2","s5",4.04668034855709,9,20,0.5
"s2","s5",4.72519286913397,9,20,0.5
"s2","s5",4.51212515341009,9,20,0.5
"s2","s5",3.62952732230972,9,20,0.5
"s2","s5",6.05410604363431,9,20,0.5
"s2","s5",5.90132278864546,9,20,0.5
"s2","s5",6.83055800034741,9,20,0.5
"s2","s5",4.77481204616165,9,20,0.5
"s2","s5",4.91937295009885,9,20,0.5
"s2","s5",6.15749282906167,9,20,0.5
"s2","s5",6.4474054324518,9,20,0.5
"s2","s5",4.59127876088874,9,20,0.5
"s2","s5",4.91937295009885,9,20,0.5
"s2","s5",5.51639155083009,9,20,0.5
"s2","s5",5.1949992901508,9,20,0.5
"s2","s5",5.37873630444506,9,20,0.5
"s2","s5",7.40730922640161,9,20,0.5
"s2","s5",4.42334135812292,9,20,0.5
"s2","s5",4.32213458468588,9,20,0.5
"s2","s5",5.7777389166665,9,20,0.5
"s2","s5",5.44595567247563,9,20,0.5
"s2","s5",5.73110495956132,9,20,0.5
"s2","s5",5.39421869541101,9,20,0.5
"s2","s5",4.73902925265326,9,20,0.5
"s2","s5",5.67683448083698,9,20,0.5
"s2","s5",5.38751691358748,9,20,0.5
"s2","s5",3.58083425849514,9,20,0.5
"s2","s5",4.32934462188514,9,20,0.5
"s2","s5",6.37666579258931,9,20,0.5
"s2","s5",3.44157579155094,9,20,0.5
"s2","s5",5.81591859477675,9,20,0.5
"s2","s5",7.78346886464407,9,20,0.5
"s2","s5",7.29855295059173,9,20,0.5
"s2","s5",5.0165331920802,9,20,0.5
"s2","s5",4.30607975137618,9,20,0.5
"s2","s5",3.81761824935924,9,20,0.5
"s2","s5",8.01161083299037,9,20,0.5
"s2","s5",4.71545663065241,9,20,0.5
"s2","s5",6.0955709248974,9,20,0.5
"s2","s5",6.35581178784714,9,20,0.5
"s2","s5",5.89644573313545,9,20,0.5
"s2","s5",5.12357122883885,9,20,0.5
"s2","s5",4.42956175265375,9,20,0.5
"s2","s5",5.90132278864546,9,20,0.5
"s2","s5",6.06734615289535,9,20,0.5
"s2","s5",5.78064649495093,9,20,0.5
"s2","s5",5.22147319925189,9,20,0.5
"s2","s5",6.39186794820678,9,20,0.5
"s2","s5",7.33376965221674,9,20,0.5
"s2","s5",5.74153857555441,9,20,0.5
"s2","s5",4.9882088771123,9,20,0.5
"s2","s5",6.06734615289535,9,20,0.5
"s2","s5",6.74030827245947,9,20,0.5
"s2","s5",5.17568567105839,9,20,0.5
"s2","s5",4.78097741494362,9,20,0.5
"s3","s1",3.53978638954282,9,20,0.5
"s3","s1",4.97555426697507,9,20,0.5
"s3","s1",4.18636298573359,9,20,0.5
"s3","s1",3.73779726254681,9,20,0.5
"s3","s1",2.8282811329199,9,20,0.5
"s3","s1",4.13649023783354,9,20,0.5
"s3","s1",4.42630331305092,9,20,0.5
"s3","s1",3.78633551978095,9,20,0.5
"s3","s1",5.58198123475358,9,20,0.5
"s3","s1",1.75460054215835,9,20,0.5
"s3","s1",4.60862666255086,9,20,0.5
"s3","s1",3.82023496988446,9,20,0.5
"s3","s1",3.34224957232692,9,20,0.5
"s3","s1",3.23247731893028,9,20,0.5
"s3","s1",6.01353876837143,9,20,0.5
"s3","s1",3.78633551978095,9,20,0.5
"s3","s1",3.53978638954282,9,20,0.5
"s3","s1",5.58198123475358,9,20,0.5
"s3","s1",3.68076353497274,9,20,0.5
"s3","s1",4.1214225855858,9,20,0.5
"s3","s1",3.13098375674216,9,20,0.5
"s3","s1",2.65744025390608,9,20,0.5
"s3","s1",4.54973129960139,9,20,0.5
"s3","s1",3.39956829397148,9,20,0.5
"s3","s1",4.71548341733837,9,20,0.5
"s3","s1",5.04754683765623,9,20,0.5
"s3","s1",4.62972793171657,9,20,0.5
"s3","s1",5.42487431411914,9,20,0.5
"s3","s1",5.16489045345824,9,20,0.5
"s3","s1",2.77065170404133,9,20,0.5
"s3","s1",3.88611699404338,9,20,0.5
"s3","s1",3.4029579230457,9,20,0.5
"s3","s1",3.43872573982447,9,20,0.5
"s3","s1",4.65069131225232,9,20,0.5
"s3","s1",3.27877179611766,9,20,0.5
"s3","s1",5.57781541574866,9,20,0.5
"s3","s1",3.35961734711808,9,20,0.5
"s3","s1",2.11478726518621,9,20,0.5
"s3","s1",4.37807173451847,9,20,0.5
"s3","s1",3.32643764542213,9,20,0.5
"s3","s1",4.93724569160674,9,20,0.5
"s3","s1",3.10600905100472,9,20,0.5
"s3","s1",3.69495676771226,9,20,0.5
"s3","s1",4.17818815345087,9,20,0.5
"s3","s1",2.10623174314258,9,20,0.5
"s3","s1",4.17518871717584,9,20,0.5
"s3","s1",3.73779726254681,9,20,0.5
"s3","s1",3.26009658928519,9,20,0.5
"s3","s1",3.53903999865776,9,20,0.5
"s3","s1",3.79443691512407,9,20,0.5
"s3","s1",5.73046709375279,9,20,0.5
"s3","s1",3.75972549807338,9,20,0.5
"s3","s1",4.53127213449661,9,20,0.5
"s3","s1",5.65622416425319,9,20,0.5
"s3","s1",3.27552412224287,9,20,0.5
"s3","s1",5.78929743396088,9,20,0.5
"s3","s1",4.31396839675063,9,20,0.5
"s3","s1",3.65068423950511,9,20,0.5
"s3","s1",3.75624691205118,9,20,0.5
"s3","s1",5.42617753898351,9,20,0.5
"s3","s1",2.85955815037934,9,20,0.5
"s3","s1",4.10672477846858,9,20,0.5
"s3","s1",5.73046709375279,9,20,0.5
"s3","s1",3.28023550119908,9,20,0.5
"s3","s1",4.18636298573359,9,20,0.5
"s3","s1",5.12031447612846,9,20,0.5
"s3","s1",4.86469621372724,9,20,0.5
"s3","s1",4.76522567638215,9,20,0.5
"s3","s1",2.34227110343245,9,20,0.5
"s3","s1",5.48086276678268,9,20,0.5
"s3","s1",4.43302091452495,9,20,0.5
"s3","s1",4.0964526751212,9,20,0.5
"s3","s1",4.87920025196907,9,20,0.5
"s3","s1",4.37807173451847,9,20,0.5
"s3","s1",3.58764030575646,9,20,0.5
"s3","s1",3.53837834087825,9,20,0.5
"s3","s1",2.65148580458797,9,20,0.5
"s3","s1",4.88123553507534,9,20,0.5
"s3","s1",3.29050176111517,9,20,0.5
"s3","s1",4.88123553507534,9,20,0.5
"s3","s1",3.90741957636102,9,20,0.5
"s3","s1",3.75624691205118,9,20,0.5
"s3","s1",3.3144322017427,9,20,0.5
"s3","s1",4.41674727985556,9,20,0.5
"s3","s1",5.16489045345824,9,20,0.5
"s3","s1",2.19681240035482,9,20,0.5
"s3","s1",5.17827977757767,9,20,0.5
"s3","s1",4.18106814837618,9,20,0.5
"s3","s1",4.31396839675063,9,20,0.5
"s3","s1",3.69495676771226,9,20,0.5
"s3","s1",4.39137099743017,9,20,0.5
"s3","s1",6.06210495570952,9,20,0.5
"s3","s1",4.79524353182396,9,20,0.5
"s3","s1",4.30019199537266,9,20,0.5
"s3","s1",4.18106814837618,9,20,0.5
"s3","s1",3.28023550119908,9,20,0.5
"s3","s1",3.40470379175534,9,20,0.5
"s3","s1",5.14758137268456,9,20,0.5
"s3","s1",3.87494941720851,9,20,0.5
"s3","s1",4.43288561899205,9,20,0.5
"s3","s1",3.24906329780931,9,20,0.5
"s3","s1",3.23247731893028,9,20,0.5
"s3","s1",5.37343584410591,9,20,0.5
"s3","s1",5.10621864555723,9,20,0.5
"s3","s1",3.60590790939192,9,20,0.5
"s3","s1",5.16489045345824,9,20,0.5
"s3","s1",4.27956994144732,9,20,0.5
"s3","s1",5.12987576015335,9,20,0.5
"s3","s1",2.29112087476356,9,20,0.5
"s3","s1",4.54973129960139,9,20,0.5
"s3","s1",3.78633551978095,9,20,0.5
"s3","s1",4.06661417424196,9,20,0.5
"s3","s1",5.26980559725629,9,20,0.5
"s3","s1",4.8832344345189,9,20,0.5
"s3","s1",3.27877179611766,9,20,0.5
"s3","s1",4.1902912854963,9,20,0.5
"s3","s1",5.04754683765623,9,20,0.5
"s3","s1",4.48704572679577,9,20,0.5
"s3","s1",4.07539743574149,9,20,0.5
"s3","s1",3.55038386076182,9,20,0.5
"s3","s1",3.75624691205118,9,20,0.5
"s3","s1",5.16489045345824,9,20,0.5
"s3","s1",3.83380082429498,9,20,0.5
"s3","s1",4.18106814837618,9,20,0.5
"s3","s1",3.49287071626242,9,20,0.5
"s3","s1",3.37394459938739,9,20,0.5
"s3","s1",3.91609801012205,9,20,0.5
"s3","s1",5.04754683765623,9,20,0.5
"s3","s1",5.04754683765623,9,20,0.5
"s3","s1",2.84320625968352,9,20,0.5
"s3","s1",5.16182336659348,9,20,0.5
"s3","s1",1.63662243147647,9,20,0.5
"s3","s1",3.61735489036375,9,20,0.5
"s3","s1",4.74348849560407,9,20,0.5
"s3","s1",2.98483117156922,9,20,0.5
"s3","s1",3.18173053783622,9,20,0.5
"s3","s1",4.2919776277412,9,20,0.5
"s3","s1",2.91912673620326,9,20,0.5
"s3","s1",3.28726439551394,9,20,0.5
"s3","s1",4.2019528078473,9,20,0.5
"s3","s1",3.61692861089158,9,20,0.5
"s3","s1",6.8335917796508,9,20,0.5
"s3","s1",2.46252114795611,9,20,0.5
"s3","s1",3.19528876576043,9,20,0.5
"s3","s1",4.80737560961454,9,20,0.5
"s3","s1",5.65622416425319,9,20,0.5
"s3","s1",3.61535077063763,9,20,0.5
"s3","s1",4.43302091452495,9,20,0.5
"s3","s1",3.16799281755753,9,20,0.5
"s3","s1",5.79281441477833,9,20,0.5
"s3","s1",5.73046709375279,9,20,0.5
"s3","s1",5.34931576799787,9,20,0.5
"s3","s1",5.04754683765623,9,20,0.5
"s3","s1",3.08699517606102,9,20,0.5
"s3","s1",5.73046709375279,9,20,0.5
"s3","s1",4.71441359033573,9,20,0.5
"s3","s1",3.24524703524075,9,20,0.5
"s3","s1",2.99189437467548,9,20,0.5
"s3","s1",4.00743448633558,9,20,0.5
"s3","s1",5.58198123475358,9,20,0.5
"s3","s1",3.34445473894567,9,20,0.5
"s3","s1",2.76319079037517,9,20,0.5
"s3","s1",5.17124050623466,9,20,0.5
"s3","s1",4.79524353182396,9,20,0.5
"s3","s1",3.55504301544893,9,20,0.5
"s3","s1",4.37634164295845,9,20,0.5
"s3","s1",4.37807173451847,9,20,0.5
"s3","s1",4.37807173451847,9,20,0.5
"s3","s1",3.26009658928519,9,20,0.5
"s3","s1",6.68561601687827,9,20,0.5
"s3","s1",3.44311033734598,9,20,0.5
"s3","s1",5.01273989729952,9,20,0.5
"s3","s1",3.26616698525271,9,20,0.5
"s3","s1",4.63808602780969,9,20,0.5
"s3","s1",4.31396839675063,9,20,0.5
"s3","s1",1.93392310390175,9,20,0.5
"s3","s1",4.32822803903499,9,20,0.5
"s3","s1",3.82694763633443,9,20,0.5
"s3","s1",5.08264485473078,9,20,0.5
"s3","s1",5.73046709375279,9,20,0.5
"s3","s1",5.10621864555723,9,20,0.5
"s3","s1",4.99948920344033,9,20,0.5
"s3","s1",3.83746001041928,9,20,0.5
"s3","s1",3.78633551978095,9,20,0.5
"s3","s1",4.12240116384642,9,20,0.5
"s3","s1",3.60590790939192,9,20,0.5
"s3","s1",4.47202612868072,9,20,0.5
"s3","s1",3.95856914689978,9,20,0.5
"s3","s1",1.92796195191235,9,20,0.5
"s3","s1",3.82254075997965,9,20,0.5
"s3","s1",4.00214420071247,9,20,0.5
"s3","s1",2.96367185286246,9,20,0.5
"s3","s1",3.59190230682143,9,20,0.5
"s3","s1",3.23661604274304,9,20,0.5
"s3","s1",4.2019528078473,9,20,0.5
"s3","s1",4.54973129960139,9,20,0.5
"s3","s1",3.4061118404199,9,20,0.5
"s3","s1",4.60833056494296,9,20,0.5
"s3","s1",3.4061118404199,9,20,0.5
"s3","s1",5.04754683765623,9,20,0.5
"s3","s1",3.53903999865776,9,20,0.5
"s3","s1",4.24063007187442,9,20,0.5
"s3","s1",4.88123553507534,9,20,0.5
"s3","s1",3.00044098560531,9,20,0.5
"s3","s1",3.61735489036375,9,20,0.5
"s3","s1",3.59464672141333,9,20,0.5
"s3","s1",4.57917898107612,9,20,0.5
"s3","s1",4.60862666255086,9,20,0.5
"s3","s1",3.91609801012205,9,20,0.5
"s3","s1",4.37181631691227,9,20,0.5
"s3","s1",4.88123553507534,9,20,0.5
"s3","s1",3.46101751346382,9,20,0.5
"s3","s1",4.22287301290788,9,20,0.5
"s3","s1",2.96456420038929,9,20,0.5
"s3","s1",3.07377156693755,9,20,0.5
"s3","s1",3.76320408409558,9,20,0.5
"s3","s1",5.17265947858874,9,20,0.5
"s3","s1",3.24906329780931,9,20,0.5
"s3","s1",4.48567947183891,9,20,0.5
"s3","s1",3.32643764542213,9,20,0.5
"s3","s1",4.5535082405046,9,20,0.5
"s3","s1",3.92692198425113,9,20,0.5
"s3","s1",4.79524353182396,9,20,0.5
"s3","s1",4.40390290186889,9,20,0.5
"s3","s1",5.58198123475358,9,20,0.5
"s3","s1",5.12031447612846,9,20,0.5
"s3","s1",4.40547867675526,9,20,0.5
"s3","s1",2.77437357737802,9,20,0.5
"s3","s1",4.39137099743017,9,20,0.5
"s3","s1",4.36556089930606,9,20,0.5
"s3","s1",5.16182336659348,9,20,0.5
"s3","s1",3.55792572114918,9,20,0.5
"s3","s1",3.26009658928519,9,20,0.5
"s3","s1",3.83965104710881,9,20,0.5
"s3","s1",3.79850245419528,9,20,0.5
"s3","s1",4.18636298573359,9,20,0.5
"s3","s1",4.26467787743959,9,20,0.5
"s3","s1",5.63363763157753,9,20,0.5
"s3","s1",3.55792572114918,9,20,0.5
"s3","s1",5.16182336659348,9,20,0.5
"s3","s1",2.73530308350256,9,20,0.5
"s3","s1",3.28023550119908,9,20,0.5
"s3","s1",4.18106814837618,9,20,0.5
"s3","s1",3.27016604524214,9,20,0.5
"s3","s1",4.00214420071247,9,20,0.5
"s3","s1",3.39291971840744,9,20,0.5
"s3","s1",3.48848611874091,9,20,0.5
"s3","s1",5.17265947858874,9,20,0.5
"s3","s1",4.35264857125029,9,20,0.5
"s3","s1",2.49569231420611,9,20,0.5
"s3","s1",2.99060600813699,9,20,0.5
"s3","s1",5.17265947858874,9,20,0.5
"s3","s1",5.12031447612846,9,20,0.5
"s3","s1",4.44257844720599,9,20,0.5
"s3","s1",4.13649023783354,9,20,0.5
"s3","s1",3.35961734711808,9,20,0.5
"s3","s1",3.55274486096843,9,20,0.5
"s3","s1",3.76320408409558,9,20,0.5
"s3","s1",4.79863906862881,9,20,0.5
"s3","s1",3.70184520507235,9,20,0.5
"s3","s1",3.81825816049721,9,20,0.5
"s3","s1",4.43302091452495,9,20,0.5
"s3","s1",3.41908061117413,9,20,0.5
"s3","s1",2.5686294171759,9,20,0.5
"s3","s1",4.63808602780969,9,20,0.5
"s3","s1",2.91912673620326,9,20,0.5
"s3","s1",3.66054042655951,9,20,0.5
"s3","s1",4.63808602780969,9,20,0.5
"s3","s1",3.67277582012608,9,20,0.5
"s3","s1",5.55939470207792,9,20,0.5
"s3","s1",4.18172824459959,9,20,0.5
"s3","s1",3.83380082429498,9,20,0.5
"s3","s1",4.17962815091352,9,20,0.5
"s3","s1",2.66682343037099,9,20,0.5
"s3","s1",5.4183306296054,9,20,0.5
"s3","s1",3.50872073329707,9,20,0.5
"s3","s1",3.25842577197106,9,20,0.5
"s3","s1",4.43288561899205,9,20,0.5
"s3","s1",3.71798995211083,9,20,0.5
"s3","s1",4.43288561899205,9,20,0.5
"s3","s1",2.79846133347099,9,20,0.5
"s3","s1",2.34305113740977,9,20,0.5
"s3","s1",3.69495676771226,9,20,0.5
"s3","s1",4.48567947183891,9,20,0.5
"s3","s1",3.56141071560683,9,20,0.5
"s3","s1",3.86976265665828,9,20,0.5
"s3","s1",4.79524353182396,9,20,0.5
"s3","s1",3.39291971840744,9,20,0.5
"s3","s1",5.04754683765623,9,20,0.5
"s3","s1",5.73046709375279,9,20,0.5
"s3","s1",3.99337210843836,9,20,0.5
"s3","s1",3.76320408409558,9,20,0.5
"s3","s1",3.73779726254681,9,20,0.5
"s3","s1",4.70972456383176,9,20,0.5
"s3","s1",5.02306299426679,9,20,0.5
"s3","s1",4.82791643648238,9,20,0.5
"s3","s1",2.93206010725185,9,20,0.5
"s3","s1",5.13394792440651,9,20,0.5
"s3","s1",2.6073946045278,9,20,0.5
"s3","s1",4.05878204220235,9,20,0.5
"s3","s1",4.75248404782786,9,20,0.5
"s3","s1",4.8605893411408,9,20,0.5
"s3","s1",3.53903999865776,9,20,0.5
"s3","s1",4.60862666255086,9,20,0.5
"s3","s1",4.80737560961454,9,20,0.5
"s3","s1",3.67277582012608,9,20,0.5
"s3","s1",4.33542559481059,9,20,0.5
"s3","s1",4.91841600250645,9,20,0.5
"s3","s1",2.93105609806571,9,20,0.5
"s3","s1",4.45098415514627,9,20,0.5
"s3","s1",3.84470780135978,9,20,0.5
"s3","s1",4.39112267191099,9,20,0.5
"s3","s1",1.71412097840724,9,20,0.5
"s3","s1",5.0007750056019,9,20,0.5
"s3","s1",5.29085237828347,9,20,0.5
"s3","s1",5.16335691002586,9,20,0.5
"s3","s1",4.24803004180636,9,20,0.5
"s3","s1",3.49973131238017,9,20,0.5
"s3","s1",3.66056490262238,9,20,0.5
"s3","s1",4.8040330382405,9,20,0.5
"s3","s1",3.32643764542213,9,20,0.5
"s3","s1",5.58198123475358,9,20,0.5
"s3","s1",3.23110594681318,9,20,0.5
"s3","s1",4.48984355482005,9,20,0.5
"s3","s1",3.42673610020023,9,20,0.5
"s3","s1",3.51860317001959,9,20,0.5
"s3","s1",4.89891751637377,9,20,0.5
"s3","s1",4.37807173451847,9,20,0.5
"s3","s1",4.99239626463149,9,20,0.5
"s3","s1",5.37343584410591,9,20,0.5
"s3","s1",3.19023740535657,9,20,0.5
"s3","s1",4.12384116130907,9,20,0.5
"s3","s1",4.62335634518027,9,20,0.5
"s3","s1",2.77437357737802,9,20,0.5
"s3","s1",4.67399556648425,9,20,0.5
"s3","s1",2.37517326633736,9,20,0.5
"s3","s1",3.11425520870926,9,20,0.5
"s3","s1",2.92158469397768,9,20,0.5
"s3","s1",4.03050222781656,9,20,0.5
"s3","s1",4.93724569160674,9,20,0.5
"s3","s1",5.10621864555723,9,20,0.5
"s3","s1",3.16799281755753,9,20,0.5
"s3","s1",3.55272682821125,9,20,0.5
"s3","s1",4.99952235565582,9,20,0.5
"s3","s1",3.16799281755753,9,20,0.5
"s3","s1",3.59105576453673,9,20,0.5
"s3","s1",4.54973129960139,9,20,0.5
"s3","s1",4.26584084575878,9,20,0.5
"s3","s1",3.53837834087825,9,20,0.5
"s3","s1",3.35000579211792,9,20,0.5
"s3","s1",2.2297143927297,9,20,0.5
"s3","s1",4.30962430236282,9,20,0.5
"s3","s1",2.93681236806255,9,20,0.5
"s3","s1",4.91944300997124,9,20,0.5
"s3","s1",2.55100705728315,9,20,0.5
"s3","s1",3.67277582012608,9,20,0.5
"s3","s1",5.10621864555723,9,20,0.5
"s3","s1",4.10672477846858,9,20,0.5
"s3","s1",4.03373609944986,9,20,0.5
"s3","s1",3.21156410043361,9,20,0.5
"s3","s1",6.22059861143188,9,20,0.5
"s3","s1",5.77903328109088,9,20,0.5
"s3","s1",2.70184600670552,9,20,0.5
"s3","s1",3.97230569983322,9,20,0.5
"s3","s1",5.58198123475358,9,20,0.5
"s3","s1",5.16489045345824,9,20,0.5
"s3","s1",2.77437357737802,9,20,0.5
"s3","s1",4.18340308480731,9,20,0.5
"s3","s1",2.96456420038929,9,20,0.5
"s3","s1",3.90741957636102,9,20,0.5
"s3","s1",5.53680816940227,9,20,0.5
"s3","s1",4.01008190501429,9,20,0.5
"s3","s1",3.24906329780931,9,20,0.5
"s3","s1",2.99189437467548,9,20,0.5
"s3","s1",5.58198123475358,9,20,0.5
"s3","s1",3.88611699404338,9,20,0.5
"s3","s1",2.90744044933643,9,20,0.5
"s3","s1",4.17818815345087,9,20,0.5
"s3","s1",2.65148580458797,9,20,0.5
"s3","s1",4.37807173451847,9,20,0.5
"s3","s1",2.99189437467548,9,20,0.5
"s3","s1",3.77034274774713,9,20,0.5
"s3","s1",4.06661417424196,9,20,0.5
"s3","s1",4.43920836211297,9,20,0.5
"s3","s1",4.1184917886364,9,20,0.5
"s3","s1",4.10672477846858,9,20,0.5
"s3","s1",2.34227110343245,9,20,0.5
"s3","s1",3.67277582012608,9,20,0.5
"s3","s1",2.99189437467548,9,20,0.5
"s3","s1",3.68557286780665,9,20,0.5
"s3","s1",4.11138976793912,9,20,0.5
"s3","s1",5.78929743396088,9,20,0.5
"s3","s1",3.78633551978095,9,20,0.5
"s3","s1",4.79524353182396,9,20,0.5
"s3","s1",3.46221788872188,9,20,0.5
"s3","s1",3.76320408409558,9,20,0.5
"s3","s1",2.66682343037099,9,20,0.5
"s3","s1",4.96439118636579,9,20,0.5
"s3","s1",2.96886086794672,9,20,0.5
"s3","s1",4.78928516735666,9,20,0.5
"s3","s1",5.71862547615167,9,20,0.5
"s3","s1",2.08854188968671,9,20,0.5
"s3","s1",3.87808585732073,9,20,0.5
"s3","s1",3.61940232404943,9,20,0.5
"s3","s1",3.83380082429498,9,20,0.5
"s3","s1",2.84675015679064,9,20,0.5
"s3","s1",4.54973129960139,9,20,0.5
"s3","s1",3.26009658928519,9,20,0.5
"s3","s1",4.95552690430834,9,20,0.5
"s3","s1",3.69495676771226,9,20,0.5
"s3","s1",2.73074439260907,9,20,0.5
"s3","s1",4.82443454669463,9,20,0.5
"s3","s1",3.77476980193827,9,20,0.5
"s3","s1",3.23661604274304,9,20,0.5
"s3","s1",3.84470780135978,9,20,0.5
"s3","s1",3.22705613169868,9,20,0.5
"s3","s1",2.67246399581854,9,20,0.5
"s3","s1",5.4370064167544,9,20,0.5
"s3","s1",4.08220362714971,9,20,0.5
"s3","s1",5.12031447612846,9,20,0.5
"s3","s1",2.40096836431276,9,20,0.5
"s3","s1",4.26467787743959,9,20,0.5
"s3","s1",3.89533744192766,9,20,0.5
"s3","s1",4.31396839675063,9,20,0.5
"s3","s1",5.58198123475358,9,20,0.5
"s3","s1",4.22283746731842,9,20,0.5
"s3","s1",3.72955566995352,9,20,0.5
"s3","s1",4.18106814837618,9,20,0.5
"s3","s1",3.52682108127541,9,20,0.5
"s3","s1",2.82169008963172,9,20,0.5
"s3","s1",2.58378295973735,9,20,0.5
"s3","s1",5.73046709375279,9,20,0.5
"s3","s1",4.17818815345087,9,20,0.5
"s3","s1",2.5292212640713,9,20,0.5
"s3","s1",4.00193612574111,9,20,0.5
"s3","s1",3.78633551978095,9,20,0.5
"s3","s1",3.53903999865776,9,20,0.5
"s3","s1",2.66909398590201,9,20,0.5
"s3","s1",2.75563493596987,9,20,0.5
"s3","s1",4.32870756491331,9,20,0.5
"s3","s1",4.67390529582073,9,20,0.5
"s3","s1",5.12031447612846,9,20,0.5
"s3","s1",3.39291971840744,9,20,0.5
"s3","s1",5.16182336659348,9,20,0.5
"s3","s1",4.79524353182396,9,20,0.5
"s3","s1",4.39869386626822,9,20,0.5
"s3","s1",3.61735489036375,9,20,0.5
"s3","s1",4.66950823347902,9,20,0.5
"s3","s1",5.73046709375279,9,20,0.5
"s3","s1",4.26700381407798,9,20,0.5
"s3","s1",5.44746084679479,9,20,0.5
"s3","s1",5.24568035878494,9,20,0.5
"s3","s1",4.07246606631668,9,20,0.5
"s3","s1",5.73046709375279,9,20,0.5
"s3","s1",2.65744025390608,9,20,0.5
"s3","s1",3.16323179657781,9,20,0.5
"s3","s1",3.45940179139275,9,20,0.5
"s3","s1",4.18340308480731,9,20,0.5
"s3","s1",4.31396839675063,9,20,0.5
"s3","s1",2.99189437467548,9,20,0.5
"s3","s1",5.10621864555723,9,20,0.5
"s3","s1",3.7567086783721,9,20,0.5
"s3","s1",3.26009658928519,9,20,0.5
"s3","s1",3.55272682821125,9,20,0.5
"s3","s1",3.79180851963465,9,20,0.5
"s3","s1",3.22012372733396,9,20,0.5
"s3","s1",6.14458677987369,9,20,0.5
"s3","s1",3.42394578937358,9,20,0.5
"s3","s1",3.79021374828587,9,20,0.5
"s3","s1",4.13600749580993,9,20,0.5
"s3","s1",4.30019199537266,9,20,0.5
"s3","s1",4.18106814837618,9,20,0.5
"s3","s1",4.63816544707622,9,20,0.5
"s3","s1",3.36115723900353,9,20,0.5
"s3","s1",3.15475482340057,9,20,0.5
"s3","s1",4.85893815888922,9,20,0.5
"s3","s1",3.92956940292984,9,20,0.5
"s3","s1",3.24524703524075,9,20,0.5
"s3","s1",4.17818815345087,9,20,0.5
"s3","s1",3.29587031314895,9,20,0.5
"s3","s1",4.36556089930606,9,20,0.5
"s3","s1",5.1916691016971,9,20,0.5
"s3","s1",3.62612408540676,9,20,0.5
"s3","s1",3.50866375627097,9,20,0.5
"s3","s1",5.65622416425319,9,20,0.5
"s3","s1",4.2019528078473,9,20,0.5
"s3","s1",3.62173948788525,9,20,0.5
"s3","s1",5.75037745230266,9,20,0.5
"s3","s1",4.79863906862881,9,20,0.5
"s3","s1",3.67277582012608,9,20,0.5
"s3","s1",4.39982393429477,9,20,0.5
"s3","s1",3.61735489036375,9,20,0.5
"s3","s1",4.09038794378082,9,20,0.5
"s3","s1",5.16489045345824,9,20,0.5
"s3","s1",4.79963828503223,9,20,0.5
"s3","s1",3.54002341743687,9,20,0.5
"s3","s1",4.40836755683969,9,20,0.5
"s3","s1",4.30019199537266,9,20,0.5
"s3","s1",4.78928516735666,9,20,0.5
"s3","s1",3.75624691205118,9,20,0.5
"s3","s1",2.47910673108111,9,20,0.5
"s3","s1",4.26467787743959,9,20,0.5
"s3","s1",2.77009208628643,9,20,0.5
"s3","s1",3.24283967027618,9,20,0.5
"s3","s1",4.8040330382405,9,20,0.5
"s3","s1",3.47189626789294,9,20,0.5
"s3","s1",3.43342297216737,9,20,0.5
"s3","s1",2.47901626001722,9,20,0.5
"s3","s1",2.92158469397768,9,20,0.5
"s3","s1",3.88611699404338,9,20,0.5
"s3","s1",2.78663877901517,9,20,0.5
"s3","s1",3.10847357907432,9,20,0.5
"s3","s1",2.79297508328712,9,20,0.5
"s3","s1",1.88568367049919,9,20,0.5
"s3","s1",3.79443691512407,9,20,0.5
"s3","s1",5.57364959674374,9,20,0.5
"s3","s1",3.67277582012608,9,20,0.5
"s3","s1",3.8512167649515,9,20,0.5
"s3","s1",3.62286717058073,9,20,0.5
"s3","s1",3.23459351257164,9,20,0.5
"s3","s1",4.48704572679577,9,20,0.5
"s3","s1",2.70184600670552,9,20,0.5
"s3","s1",4.79524353182396,9,20,0.5
"s3","s1",4.06661417424196,9,20,0.5
"s3","s1",5.53680816940227,9,20,0.5
"s3","s1",3.94217935222087,9,20,0.5
"s3","s1",3.51127315603174,9,20,0.5
"s3","s1",5.58198123475358,9,20,0.5
"s3","s1",4.26700381407798,9,20,0.5
"s3","s1",3.28023550119908,9,20,0.5
"s3","s1",4.42973406921932,9,20,0.5
"s3","s1",2.92404265175209,9,20,0.5
"s3","s1",3.26086320559128,9,20,0.5
"s3","s1",5.33385639267977,9,20,0.5
"s3","s1",4.18106814837618,9,20,0.5
"s3","s1",3.37122669496048,9,20,0.5
"s3","s1",3.45940179139275,9,20,0.5
"s3","s1",3.80922062836825,9,20,0.5
"s3","s1",3.45940179139275,9,20,0.5
"s3","s1",5.04754683765623,9,20,0.5
"s3","s1",3.61735489036375,9,20,0.5
"s3","s1",3.23179163287173,9,20,0.5
"s3","s1",4.0964526751212,9,20,0.5
"s3","s1",3.71633534749856,9,20,0.5
"s3","s1",4.42973406921932,9,20,0.5
"s3","s1",4.60862666255086,9,20,0.5
"s3","s1",4.01008190501429,9,20,0.5
"s3","s1",5.04754683765623,9,20,0.5
"s3","s1",5.30094843510632,9,20,0.5
"s3","s1",4.05040231918648,9,20,0.5
"s3","s1",5.95061575112103,9,20,0.5
"s3","s1",3.07377156693755,9,20,0.5
"s3","s1",4.37807173451847,9,20,0.5
"s3","s1",2.24421853726721,9,20,0.5
"s3","s1",3.69586327272208,9,20,0.5
"s3","s1",4.22107518663958,9,20,0.5
"s3","s1",3.82254075997965,9,20,0.5
"s3","s1",4.22287301290788,9,20,0.5
"s3","s1",3.33152725616544,9,20,0.5
"s3","s1",3.07502235200703,9,20,0.5
"s3","s1",4.8040330382405,9,20,0.5
"s3","s1",3.60590790939192,9,20,0.5
"s3","s1",3.10237766183986,9,20,0.5
"s3","s1",5.04754683765623,9,20,0.5
"s3","s1",2.58378295973735,9,20,0.5
"s3","s1",3.61735489036375,9,20,0.5
"s3","s1",5.32250582869997,9,20,0.5
"s3","s1",3.42491610464702,9,20,0.5
"s3","s1",3.07377156693755,9,20,0.5
"s3","s1",3.95856914689978,9,20,0.5
"s3","s1",4.79524353182396,9,20,0.5
"s3","s1",4.89995469720158,9,20,0.5
"s3","s1",5.73046709375279,9,20,0.5
"s3","s1",3.92647484701145,9,20,0.5
"s3","s1",3.60627731973275,9,20,0.5
"s3","s1",3.83210573695554,9,20,0.5
"s3","s1",6.29661044299007,9,20,0.5
"s3","s1",5.3499988954763,9,20,0.5
"s3","s1",3.53903999865776,9,20,0.5
"s3","s1",3.79009769824355,9,20,0.5
"s3","s1",3.32643764542213,9,20,0.5
"s3","s1",4.18636298573359,9,20,0.5
"s3","s1",4.24607827510075,9,20,0.5
"s3","s1",3.98370183407856,9,20,0.5
"s3","s1",5.63432075905596,9,20,0.5
"s3","s1",4.67399556648425,9,20,0.5
"s3","s1",4.1096105693865,9,20,0.5
"s3","s1",5.16489045345824,9,20,0.5
"s3","s1",5.11677657429902,9,20,0.5
"s3","s1",3.53978638954282,9,20,0.5
"s3","s1",4.54973129960139,9,20,0.5
"s3","s1",4.72105953302509,9,20,0.5
"s3","s1",5.51899863730817,9,20,0.5
"s3","s1",4.45935019318193,9,20,0.5
"s3","s1",3.32643764542213,9,20,0.5
"s3","s1",6.47183180357034,9,20,0.5
"s3","s1",4.83923898317143,9,20,0.5
"s3","s1",5.52170377629439,9,20,0.5
"s3","s1",2.99189437467548,9,20,0.5
"s3","s1",3.45940179139275,9,20,0.5
"s3","s1",2.36500184941954,9,20,0.5
"s3","s1",2.42131119814842,9,20,0.5
"s3","s1",3.87245233334037,9,20,0.5
"s3","s1",2.79182144723782,9,20,0.5
"s3","s1",3.76320408409558,9,20,0.5
"s3","s1",3.81006817203796,9,20,0.5
"s3","s1",5.12031447612846,9,20,0.5
"s3","s1",5.12031447612846,9,20,0.5
"s3","s1",4.43288561899205,9,20,0.5
"s3","s1",5.11774287180532,9,20,0.5
"s3","s1",4.48207887674433,9,20,0.5
"s3","s1",2.16480751626475,9,20,0.5
"s3","s1",3.35961734711808,9,20,0.5
"s3","s1",4.7989556839916,9,20,0.5
"s3","s1",4.12772045908672,9,20,0.5
"s3","s1",4.23100678721363,9,20,0.5
"s3","s1",2.8639501689559,9,20,0.5
"s3","s1",4.01917423258299,9,20,0.5
"s3","s1",3.99642088625598,9,20,0.5
"s3","s1",3.34395703052165,9,20,0.5
"s3","s1",4.13649023783354,9,20,0.5
"s3","s1",4.22283746731842,9,20,0.5
"s3","s1",4.48567947183891,9,20,0.5
"s3","s1",5.1388168216931,9,20,0.5
"s3","s1",2.91912673620326,9,20,0.5
"s3","s1",4.60862666255086,9,20,0.5
"s3","s1",4.86447056933966,9,20,0.5
"s3","s1",3.30455420054453,9,20,0.5
"s3","s1",2.78530627039562,9,20,0.5
"s3","s1",4.39273725238703,9,20,0.5
"s3","s1",5.2860291846667,9,20,0.5
"s3","s1",3.97478353491459,9,20,0.5
"s3","s1",4.28376326010973,9,20,0.5
"s3","s1",3.64575376417415,9,20,0.5
"s3","s1",3.79180851963465,9,20,0.5
"s3","s1",4.30019199537266,9,20,0.5
"s3","s1",3.9292113469383,9,20,0.5
"s3","s1",4.35425846957867,9,20,0.5
"s3","s1",4.31396839675063,9,20,0.5
"s3","s1",3.53978638954282,9,20,0.5
"s3","s1",4.13210505660822,9,20,0.5
"s3","s1",2.9246948224762,9,20,0.5
"s3","s1",5.73046709375279,9,20,0.5
"s3","s1",5.09708799695567,9,20,0.5
"s3","s1",2.92407257215778,9,20,0.5
"s3","s1",2.66722031604966,9,20,0.5
"s3","s1",3.35444642268186,9,20,0.5
"s3","s1",4.8605893411408,9,20,0.5
"s3","s1",3.24524703524075,9,20,0.5
"s3","s1",3.83210573695554,9,20,0.5
"s3","s1",2.98865195648227,9,20,0.5
"s3","s1",3.40963774992842,9,20,0.5
"s3","s1",4.06661417424196,9,20,0.5
"s3","s1",2.06476701410768,9,20,0.5
"s3","s1",4.53548582340087,9,20,0.5
"s3","s1",3.60933286809249,9,20,0.5
"s3","s1",3.11426319516906,9,20,0.5
"s3","s1",3.75244077854081,9,20,0.5
"s3","s1",4.96217375718448,9,20,0.5
"s3","s1",5.18861238328877,9,20,0.5
"s3","s1",5.312940458836,9,20,0.5
"s3","s1",3.60430498032714,9,20,0.5
"s3","s1",3.32643764542213,9,20,0.5
"s3","s1",5.32287661012046,9,20,0.5
"s3","s1",2.02245627680499,9,20,0.5
"s3","s1",5.14106892136097,9,20,0.5
"s3","s1",4.14654388210108,9,20,0.5
"s3","s1",3.19313027023698,9,20,0.5
"s3","s1",2.5686294171759,9,20,0.5
"s3","s1",5.41681430310871,9,20,0.5
"s3","s1",5.04754683765623,9,20,0.5
"s3","s1",3.26840104336954,9,20,0.5
"s3","s1",4.6850656552994,9,20,0.5
"s3","s1",4.83823953344965,9,20,0.5
"s3","s1",3.26009658928519,9,20,0.5
"s3","s1",3.53903999865776,9,20,0.5
"s3","s1",3.94420185497763,9,20,0.5
"s3","s1",4.10672477846858,9,20,0.5
"s3","s1",3.69118549872897,9,20,0.5
"s3","s1",4.54973129960139,9,20,0.5
"s3","s1",4.54973129960139,9,20,0.5
"s3","s1",3.19528876576043,9,20,0.5
"s3","s1",4.14389646342238,9,20,0.5
"s3","s1",3.91609801012205,9,20,0.5
"s3","s1",4.36408142359881,9,20,0.5
"s3","s1",3.17170876975506,9,20,0.5
"s3","s1",3.69495676771226,9,20,0.5
"s3","s1",4.26467787743959,9,20,0.5
"s3","s1",4.48567947183891,9,20,0.5
"s3","s1",3.70694416180034,9,20,0.5
"s3","s1",2.50524346332036,9,20,0.5
"s3","s1",3.62286865558685,9,20,0.5
"s3","s1",4.43288561899205,9,20,0.5
"s3","s1",5.10602891746634,9,20,0.5
"s3","s1",3.48533747371224,9,20,0.5
"s3","s1",3.53520843351901,9,20,0.5
"s3","s1",3.35423254460103,9,20,0.5
"s3","s1",3.28733334640038,9,20,0.5
"s3","s1",3.94139409745108,9,20,0.5
"s3","s1",3.87245233334037,9,20,0.5
"s3","s1",2.75501484502725,9,20,0.5
"s3","s1",4.19489820499158,9,20,0.5
"s3","s1",4.22283746731842,9,20,0.5
"s3","s1",5.16489045345824,9,20,0.5
"s3","s1",4.50904049957119,9,20,0.5
"s3","s1",3.3043403224637,9,20,0.5
"s3","s1",3.65068423950511,9,20,0.5
"s3","s1",3.75624691205118,9,20,0.5
"s3","s1",4.18636298573359,9,20,0.5
"s3","s1",1.55780385193837,9,20,0.5
"s3","s1",4.74593054853488,9,20,0.5
"s3","s1",2.77437357737802,9,20,0.5
"s3","s1",5.58198123475358,9,20,0.5
"s3","s1",5.35084931143025,9,20,0.5
"s3","s1",3.59670908570653,9,20,0.5
"s3","s1",5.53680816940227,9,20,0.5
"s3","s1",3.8967682852022,9,20,0.5
"s3","s1",3.31138111723746,9,20,0.5
"s3","s1",3.39956829397148,9,20,0.5
"s3","s1",4.63630326625275,9,20,0.5
"s3","s1",4.62965363479691,9,20,0.5
"s3","s1",3.78633551978095,9,20,0.5
"s3","s1",4.18106814837618,9,20,0.5
"s3","s1",5.30058862145557,9,20,0.5
"s3","s1",4.37807173451847,9,20,0.5
"s3","s1",2.78568884641924,9,20,0.5
"s3","s1",2.55706415572168,9,20,0.5
"s3","s1",3.76320408409558,9,20,0.5
"s3","s1",3.15519918619106,9,20,0.5
"s3","s1",4.39869386626822,9,20,0.5
"s3","s1",2.54832943993014,9,20,0.5
"s3","s1",2.72817143315497,9,20,0.5
"s3","s1",3.55792572114918,9,20,0.5
"s3","s1",2.9192876202001,9,20,0.5
"s3","s1",4.42973406921932,9,20,0.5
"s3","s1",5.11774287180532,9,20,0.5
"s3","s1",3.11178375803699,9,20,0.5
"s3","s1",3.55274486096843,9,20,0.5
"s3","s1",3.97213611623588,9,20,0.5
"s3","s1",3.35000579211792,9,20,0.5
"s3","s1",2.95579119693658,9,20,0.5
"s3","s1",2.75563493596987,9,20,0.5
"s3","s1",2.88796390770259,9,20,0.5
"s3","s1",4.43302091452495,9,20,0.5
"s3","s1",3.32643764542213,9,20,0.5
"s3","s1",4.18636298573359,9,20,0.5
"s3","s1",5.16182336659348,9,20,0.5
"s3","s1",4.80130957071925,9,20,0.5
"s3","s1",4.2869027003816,9,20,0.5
"s3","s1",3.81825816049721,9,20,0.5
"s3","s1",5.01662440986477,9,20,0.5
"s3","s1",2.84090701335723,9,20,0.5
"s3","s1",3.81006817203796,9,20,0.5
"s3","s1",3.46221788872188,9,20,0.5
"s3","s1",5.36005418735557,9,20,0.5
"s3","s1",5.77835015361245,9,20,0.5
"s3","s1",4.26467787743959,9,20,0.5
"s3","s1",4.95649320181464,9,20,0.5
"s3","s1",4.10814500274735,9,20,0.5
"s3","s1",4.24139691458474,9,20,0.5
"s3","s1",4.79524353182396,9,20,0.5
"s3","s1",5.16182336659348,9,20,0.5
"s3","s1",2.65634954584578,9,20,0.5
"s3","s1",3.4029579230457,9,20,0.5
"s3","s1",2.69862729778261,9,20,0.5
"s3","s1",5.44767877360552,9,20,0.5
"s3","s1",4.17818815345087,9,20,0.5
"s3","s1",3.26009658928519,9,20,0.5
"s3","s1",4.06661417424196,9,20,0.5
"s3","s1",3.0865529747807,9,20,0.5
"s3","s1",2.80979255246289,9,20,0.5
"s3","s1",3.88611699404338,9,20,0.5
"s3","s1",4.00627534262162,9,20,0.5
"s3","s1",4.79524353182396,9,20,0.5
"s3","s1",3.78633551978095,9,20,0.5
"s3","s1",5.74060348805806,9,20,0.5
"s3","s1",3.32643764542213,9,20,0.5
"s3","s1",4.95479982174256,9,20,0.5
"s3","s1",5.08393065689235,9,20,0.5
"s3","s1",3.68673845960565,9,20,0.5
"s3","s1",3.83210573695554,9,20,0.5
"s3","s1",4.71325062201653,9,20,0.5
"s3","s1",2.28152250139961,9,20,0.5
"s3","s1",4.0964526751212,9,20,0.5
"s3","s1",3.19528876576043,9,20,0.5
"s3","s1",4.5570805059491,9,20,0.5
"s3","s1",5.11581027679273,9,20,0.5
"s3","s1",3.15947997088605,9,20,0.5
"s3","s1",4.8832344345189,9,20,0.5
"s3","s1",2.81313197492769,9,20,0.5
"s3","s1",2.71121532740959,9,20,0.5
"s3","s1",5.4370064167544,9,20,0.5
"s3","s1",4.7051603203711,9,20,0.5
"s3","s1",3.67443040271129,9,20,0.5
"s3","s1",2.58378295973735,9,20,0.5
"s3","s1",2.82254908956397,9,20,0.5
"s3","s1",4.31396839675063,9,20,0.5
"s3","s1",5.20528540612159,9,20,0.5
"s3","s1",3.65068423950511,9,20,0.5
"s3","s1",4.60862666255086,9,20,0.5
"s3","s1",3.01380015763879,9,20,0.5
"s3","s1",2.72817143315497,9,20,0.5
"s3","s1",4.67399556648425,9,20,0.5
"s3","s1",2.05264804692321,9,20,0.5
"s3","s1",5.04754683765623,9,20,0.5
"s3","s1",4.00214420071247,9,20,0.5
"s3","s1",5.14260246479335,9,20,0.5
"s3","s1",2.66682343037099,9,20,0.5
"s3","s1",4.80737560961454,9,20,0.5
"s3","s1",2.72662161231155,9,20,0.5
"s3","s1",3.75624691205118,9,20,0.5
"s3","s1",4.62598016928549,9,20,0.5
"s3","s1",2.88926657684532,9,20,0.5
"s3","s1",3.46221788872188,9,20,0.5
"s3","s1",4.63808602780969,9,20,0.5
"s3","s1",3.67277582012608,9,20,0.5
"s3","s1",4.43302091452495,9,20,0.5
"s3","s1",3.76437879600362,9,20,0.5
"s3","s1",4.0395152391509,9,20,0.5
"s3","s1",3.75624691205118,9,20,0.5
"s3","s1",3.7406461437466,9,20,0.5
"s3","s1",5.65622416425319,9,20,0.5
"s3","s1",4.79192319024007,9,20,0.5
"s3","s1",3.83965104710881,9,20,0.5
"s3","s1",5.69921258245263,9,20,0.5
"s3","s1",2.54406731425971,9,20,0.5
"s3","s1",2.93105609806571,9,20,0.5
"s3","s1",3.61735489036375,9,20,0.5
"s3","s1",3.65068423950511,9,20,0.5
"s3","s1",3.83380082429498,9,20,0.5
"s3","s1",5.37343584410591,9,20,0.5
"s3","s1",4.48973268441036,9,20,0.5
"s3","s1",4.98327280135505,9,20,0.5
"s3","s1",4.80737560961454,9,20,0.5
"s3","s1",3.44218168328565,9,20,0.5
"s3","s1",3.84470780135978,9,20,0.5
"s3","s1",2.77437357737802,9,20,0.5
"s3","s1",3.20140735828412,9,20,0.5
"s3","s1",3.62286865558685,9,20,0.5
"s3","s1",3.19528876576043,9,20,0.5
"s3","s1",2.93681236806255,9,20,0.5
"s3","s1",3.45008764673805,9,20,0.5
"s3","s1",3.51127315603174,9,20,0.5
"s3","s1",3.0167327498076,9,20,0.5
"s3","s1",2.92792227181569,9,20,0.5
"s3","s1",3.78014429232892,9,20,0.5
"s3","s1",4.31396839675063,9,20,0.5
"s3","s1",4.8605893411408,9,20,0.5
"s3","s1",3.32643764542213,9,20,0.5
"s3","s1",3.24524703524075,9,20,0.5
"s3","s1",4.71666477981683,9,20,0.5
"s3","s1",4.2449206406982,9,20,0.5
"s3","s1",4.79524353182396,9,20,0.5
"s3","s1",3.83965104710881,9,20,0.5
"s3","s1",2.82169008963172,9,20,0.5
"s3","s1",3.3144322017427,9,20,0.5
"s3","s1",3.46221788872188,9,20,0.5
"s3","s1",3.3144322017427,9,20,0.5
"s3","s1",4.02824319853712,9,20,0.5
"s3","s1",3.75244077854081,9,20,0.5
"s3","s1",4.8832344345189,9,20,0.5
"s3","s1",3.95856914689978,9,20,0.5
"s3","s1",4.54973129960139,9,20,0.5
"s3","s1",3.21501375723328,9,20,0.5
"s3","s1",3.61735489036375,9,20,0.5
"s3","s1",4.25824687159338,9,20,0.5
"s3","s1",6.21937599565972,9,20,0.5
"s3","s1",4.71548341733837,9,20,0.5
"s3","s1",3.88205710973393,9,20,0.5
"s3","s1",5.58198123475358,9,20,0.5
"s3","s1",4.8832344345189,9,20,0.5
"s3","s1",3.45940179139275,9,20,0.5
"s3","s1",5.16182336659348,9,20,0.5
"s3","s1",3.24906329780931,9,20,0.5
"s3","s1",2.8639501689559,9,20,0.5
"s3","s1",5.3104532466605,9,20,0.5
"s3","s1",6.53649405542016,9,20,0.5
"s3","s1",4.79524353182396,9,20,0.5
"s3","s1",5.12031447612846,9,20,0.5
"s3","s1",3.57090715587629,9,20,0.5
"s3","s1",2.712929690983,9,20,0.5
"s3","s1",5.58198123475358,9,20,0.5
"s3","s1",3.47099896085173,9,20,0.5
"s3","s1",4.23614283888732,9,20,0.5
"s3","s1",5.16182336659348,9,20,0.5
"s3","s1",3.61735489036375,9,20,0.5
"s3","s1",4.80737560961454,9,20,0.5
"s3","s1",5.57240150756759,9,20,0.5
"s3","s1",4.28376326010973,9,20,0.5
"s3","s1",3.37118955142246,9,20,0.5
"s3","s1",2.72386656434662,9,20,0.5
"s3","s1",3.17169983775131,9,20,0.5
"s3","s1",4.18636298573359,9,20,0.5
"s3","s1",3.07377156693755,9,20,0.5
"s3","s1",2.60029104713488,9,20,0.5
"s3","s1",3.10847357907432,9,20,0.5
"s3","s1",5.84524283658046,9,20,0.5
"s3","s1",3.89921151936997,9,20,0.5
"s3","s1",3.54390152733237,9,20,0.5
"s3","s1",4.17818815345087,9,20,0.5
"s3","s1",3.41091761791998,9,20,0.5
"s3","s1",3.51127315603174,9,20,0.5
"s3","s1",5.65622416425319,9,20,0.5
"s3","s1",4.45770677052912,9,20,0.5
"s3","s1",4.10672477846858,9,20,0.5
"s3","s1",3.16799281755753,9,20,0.5
"s3","s1",3.35000579211792,9,20,0.5
"s3","s1",3.13098375674216,9,20,0.5
"s3","s1",4.01394098076759,9,20,0.5
"s3","s1",4.79524353182396,9,20,0.5
"s3","s1",3.01924751272198,9,20,0.5
"s3","s1",3.83746001041928,9,20,0.5
"s3","s1",5.16182336659348,9,20,0.5
"s3","s1",5.08393065689235,9,20,0.5
"s3","s1",4.56235538108363,9,20,0.5
"s3","s1",4.28221736012603,9,20,0.5
"s3","s1",2.34102394389041,9,20,0.5
"s3","s1",4.77728030949025,9,20,0.5
"s3","s1",5.65622416425319,9,20,0.5
"s3","s1",3.91587619394064,9,20,0.5
"s3","s1",4.53127213449661,9,20,0.5
"s3","s1",3.20140735828412,9,20,0.5
"s3","s1",3.79009769824355,9,20,0.5
"s3","s1",5.1916691016971,9,20,0.5
"s3","s1",2.8639501689559,9,20,0.5
"s3","s1",4.19091851827847,9,20,0.5
"s3","s1",3.32643764542213,9,20,0.5
"s3","s1",5.16182336659348,9,20,0.5
"s3","s1",4.64114462930987,9,20,0.5
"s3","s1",4.67399556648425,9,20,0.5
"s3","s1",2.6280582430191,9,20,0.5
"s3","s1",3.34224957232692,9,20,0.5
"s3","s1",2.58653800770228,9,20,0.5
"s3","s1",5.14106892136097,9,20,0.5
"s3","s1",5.44731440341453,9,20,0.5
"s3","s1",3.69652590983204,9,20,0.5
"s3","s1",3.09299789790073,9,20,0.5
"s3","s1",3.3480089170679,9,20,0.5
"s3","s1",4.06661417424196,9,20,0.5
"s3","s1",3.61735489036375,9,20,0.5
"s3","s1",4.67399556648425,9,20,0.5
"s3","s1",3.7241369787117,9,20,0.5
"s3","s1",4.09811249931026,9,20,0.5
"s3","s1",4.60862666255086,9,20,0.5
"s3","s1",3.8119571282951,9,20,0.5
"s3","s1",4.42630331305092,9,20,0.5
"s3","s1",6.01474003191962,9,20,0.5
"s3","s1",4.06661417424196,9,20,0.5
"s3","s1",4.73942942510443,9,20,0.5
"s3","s1",2.22051546881101,9,20,0.5
"s3","s1",3.46221788872188,9,20,0.5
"s3","s1",5.36927002510099,9,20,0.5
"s3","s1",4.12384116130907,9,20,0.5
"s3","s1",3.90741957636102,9,20,0.5
"s3","s1",4.47055114851578,9,20,0.5
"s3","s1",3.81774633688948,9,20,0.5
"s3","s1",4.93724569160674,9,20,0.5
"s3","s1",3.51127315603174,9,20,0.5
"s3","s1",3.49643147739711,9,20,0.5
"s3","s1",4.79524353182396,9,20,0.5
"s3","s1",2.90797235115887,9,20,0.5
"s3","s1",3.85395326487835,9,20,0.5
"s3","s1",4.78766585970821,9,20,0.5
"s3","s1",5.14758137268456,9,20,0.5
"s3","s1",4.48704572679577,9,20,0.5
"s3","s1",4.36556089930606,9,20,0.5
"s3","s1",5.26285531278837,9,20,0.5
"s3","s1",3.19067231246257,9,20,0.5
"s3","s1",3.46221788872188,9,20,0.5
"s3","s1",4.78928516735666,9,20,0.5
"s3","s1",2.62566362508799,9,20,0.5
"s3","s1",3.97230569983322,9,20,0.5
"s3","s1",2.58378295973735,9,20,0.5
"s3","s1",5.93929583887182,9,20,0.5
"s3","s1",3.80462669320245,9,20,0.5
"s3","s1",4.68348988041303,9,20,0.5
"s3","s1",4.37807173451847,9,20,0.5
"s3","s1",4.30804852747645,9,20,0.5
"s3","s1",2.65148580458797,9,20,0.5
"s3","s1",4.31396839675063,9,20,0.5
"s3","s1",3.74880457277877,9,20,0.5
"s3","s1",4.06661417424196,9,20,0.5
"s3","s1",4.82596809012701,9,20,0.5
"s3","s1",3.394327767072,9,20,0.5
"s3","s1",3.38605485688216,9,20,0.5
"s3","s1",3.35000579211792,9,20,0.5
"s3","s1",4.96539063608757,9,20,0.5
"s3","s1",4.63519215248732,9,20,0.5
"s3","s1",4.01288797486798,9,20,0.5
"s3","s1",5.11774287180532,9,20,0.5
"s3","s1",2.43779390274208,9,20,0.5
"s3","s1",4.30704453145056,9,20,0.5
"s3","s1",5.2883909023832,9,20,0.5
"s3","s1",2.58929305566721,9,20,0.5
"s3","s1",5.57983376291731,9,20,0.5
"s3","s1",4.67248741571268,9,20,0.5
"s3","s1",5.16182336659348,9,20,0.5
"s3","s1",3.32643764542213,9,20,0.5
"s3","s1",4.14472582078019,9,20,0.5
"s3","s2",2.78552292395744,9,20,0.5
"s3","s2",2.26290905714625,9,20,0.5
"s3","s2",4.17259795908716,9,20,0.5
"s3","s2",3.70181347237659,9,20,0.5
"s3","s2",4.48809507412415,9,20,0.5
"s3","s2",2.66622096632085,9,20,0.5
"s3","s2",2.94434659094994,9,20,0.5
"s3","s2",2.15393506486895,9,20,0.5
"s3","s2",3.00460922083354,9,20,0.5
"s3","s2",2.95047272331558,9,20,0.5
"s3","s2",3.51761989492422,9,20,0.5
"s3","s2",2.65474338018503,9,20,0.5
"s3","s2",2.80105880532292,9,20,0.5
"s3","s2",2.66687849793487,9,20,0.5
"s3","s2",4.16874172936359,9,20,0.5
"s3","s2",3.20285294758802,9,20,0.5
"s3","s2",3.35194760279752,9,20,0.5
"s3","s2",3.33904539739816,9,20,0.5
"s3","s2",1.7291985522429,9,20,0.5
"s3","s2",2.4854576635291,9,20,0.5
"s3","s2",3.67829849433284,9,20,0.5
"s3","s2",2.10508220273186,9,20,0.5
"s3","s2",3.17698658186863,9,20,0.5
"s3","s2",2.56007896617568,9,20,0.5
"s3","s2",3.65220561055354,9,20,0.5
"s3","s2",2.10158614281528,9,20,0.5
"s3","s2",3.48261891617381,9,20,0.5
"s3","s2",4.05503175793948,9,20,0.5
"s3","s2",2.49773256314456,9,20,0.5
"s3","s2",3.81578580907529,9,20,0.5
"s3","s2",2.21463528424092,9,20,0.5
"s3","s2",2.76471795608501,9,20,0.5
"s3","s2",2.73849886754105,9,20,0.5
"s3","s2",4.25966347067714,9,20,0.5
"s3","s2",2.11786675527923,9,20,0.5
"s3","s2",3.05844437990076,9,20,0.5
"s3","s2",3.46216107015114,9,20,0.5
"s3","s2",2.34319424580351,9,20,0.5
"s3","s2",2.2196870103359,9,20,0.5
"s3","s2",2.26154280218939,9,20,0.5
"s3","s2",3.67829849433284,9,20,0.5
"s3","s2",3.18405987898669,9,20,0.5
"s3","s2",2.18681103760242,9,20,0.5
"s3","s2",4.35071153766335,9,20,0.5
"s3","s2",3.083183145345,9,20,0.5
"s3","s2",2.17976623221938,9,20,0.5
"s3","s2",2.52551375528567,9,20,0.5
"s3","s2",2.62131954612079,9,20,0.5
"s3","s2",3.518753906307,9,20,0.5
"s3","s2",2.75769100192437,9,20,0.5
"s3","s2",4.07747040249878,9,20,0.5
"s3","s2",3.5961965687026,9,20,0.5
"s3","s2",2.70842590694078,9,20,0.5
"s3","s2",3.17294008008261,9,20,0.5
"s3","s2",2.00758433039391,9,20,0.5
"s3","s2",3.85507426106538,9,20,0.5
"s3","s2",3.39962612098201,9,20,0.5
"s3","s2",2.50608355788788,9,20,0.5
"s3","s2",2.96266978016227,9,20,0.5
"s3","s2",3.42308284291248,9,20,0.5
"s3","s2",2.53138312731877,9,20,0.5
"s3","s2",2.18129089165894,9,20,0.5
"s3","s2",1.58750998037399,9,20,0.5
"s3","s2",2.91041179398545,9,20,0.5
"s3","s2",2.33207792521121,9,20,0.5
"s3","s2",2.19123929283402,9,20,0.5
"s3","s2",3.2279040413433,9,20,0.5
"s3","s2",3.37409767765546,9,20,0.5
"s3","s2",3.0956858623994,9,20,0.5
"s3","s2",2.53138312731877,9,20,0.5
"s3","s2",3.48995128402514,9,20,0.5
"s3","s2",2.66155242563975,9,20,0.5
"s3","s2",2.78843777345064,9,20,0.5
"s3","s2",2.21078868414309,9,20,0.5
"s3","s2",3.69900845013701,9,20,0.5
"s3","s2",2.88291870976614,9,20,0.5
"s3","s2",3.3107474534025,9,20,0.5
"s3","s2",2.30140738293821,9,20,0.5
"s3","s2",3.65262208770998,9,20,0.5
"s3","s2",3.083183145345,9,20,0.5
"s3","s2",2.89862971913596,9,20,0.5
"s3","s2",2.59619612661027,9,20,0.5
"s3","s2",2.67694157190554,9,20,0.5
"s3","s2",4.68327303387317,9,20,0.5
"s3","s2",2.48718835782456,9,20,0.5
"s3","s2",2.52833640373053,9,20,0.5
"s3","s2",2.59259685937815,9,20,0.5
"s3","s2",2.52551375528567,9,20,0.5
"s3","s2",2.32699469559791,9,20,0.5
"s3","s2",2.23099807535062,9,20,0.5
"s3","s2",5.01819761098366,9,20,0.5
"s3","s2",2.85490275357029,9,20,0.5
"s3","s2",1.77103144095225,9,20,0.5
"s3","s2",2.61541390030926,9,20,0.5
"s3","s2",4.05764281481791,9,20,0.5
"s3","s2",3.85308066984362,9,20,0.5
"s3","s2",4.02347767678381,9,20,0.5
"s3","s2",3.02783329753304,9,20,0.5
"s3","s2",2.57753059938816,9,20,0.5
"s3","s2",1.68613668242006,9,20,0.5
"s3","s2",2.61541390030926,9,20,0.5
"s3","s2",2.85499086422313,9,20,0.5
"s3","s2",2.52414750032881,9,20,0.5
"s3","s2",4.02728156611589,9,20,0.5
"s3","s2",3.03934579136582,9,20,0.5
"s3","s2",2.64410165719642,9,20,0.5
"s3","s2",3.99327733528128,9,20,0.5
"s3","s2",3.36912892007719,9,20,0.5
"s3","s2",2.86171003722066,9,20,0.5
"s3","s2",3.85930197510725,9,20,0.5
"s3","s2",1.92517679236779,9,20,0.5
"s3","s2",2.67453315859974,9,20,0.5
"s3","s2",4.46358318401364,9,20,0.5
"s3","s2",2.22945619357211,9,20,0.5
"s3","s2",2.75850843646602,9,20,0.5
"s3","s2",2.6917524410004,9,20,0.5
"s3","s2",4.43986935705366,9,20,0.5
"s3","s2",2.21157610998886,9,20,0.5
"s3","s2",2.65474338018503,9,20,0.5
"s3","s2",2.41177339279731,9,20,0.5
"s3","s2",3.2070476509777,9,20,0.5
"s3","s2",3.01492776633909,9,20,0.5
"s3","s2",2.97510133273154,9,20,0.5
"s3","s2",1.75347401617257,9,20,0.5
"s3","s2",3.25848044109984,9,20,0.5
"s3","s2",2.05178663792558,9,20,0.5
"s3","s2",3.08196374888779,9,20,0.5
"s3","s2",3.3664905842792,9,20,0.5
"s3","s2",3.17444386294798,9,20,0.5
"s3","s2",3.53794233205496,9,20,0.5
"s3","s2",3.01492776633909,9,20,0.5
"s3","s2",2.92874211740089,9,20,0.5
"s3","s2",3.49546874015321,9,20,0.5
"s3","s2",4.70463146651145,9,20,0.5
"s3","s2",1.92947606749948,9,20,0.5
"s3","s2",4.49468183421137,9,20,0.5
"s3","s2",3.02783329753304,9,20,0.5
"s3","s2",2.88270132910429,9,20,0.5
"s3","s2",3.61077914724943,9,20,0.5
"s3","s2",2.57917884942983,9,20,0.5
"s3","s2",2.70192583687995,9,20,0.5
"s3","s2",3.23364109441354,9,20,0.5
"s3","s2",3.18276082795861,9,20,0.5
"s3","s2",3.04311762245801,9,20,0.5
"s3","s2",3.39261420438903,9,20,0.5
"s3","s2",3.85930197510725,9,20,0.5
"s3","s2",2.75914506147559,9,20,0.5
"s3","s2",2.87990288992618,9,20,0.5
"s3","s2",2.57696389785829,9,20,0.5
"s3","s2",2.3718116090018,9,20,0.5
"s3","s2",2.26154280218939,9,20,0.5
"s3","s2",3.36769437794927,9,20,0.5
"s3","s2",5.11187098946101,9,20,0.5
"s3","s2",3.24306572448581,9,20,0.5
"s3","s2",3.5921994907036,9,20,0.5
"s3","s2",2.52414750032881,9,20,0.5
"s3","s2",1.63287433231269,9,20,0.5
"s3","s2",3.45770796398794,9,20,0.5
"s3","s2",2.4349735915571,9,20,0.5
"s3","s2",3.57361983415776,9,20,0.5
"s3","s2",3.75696436743072,9,20,0.5
"s3","s2",4.0876900818051,9,20,0.5
"s3","s2",2.12000145317148,9,20,0.5
"s3","s2",2.52719647553509,9,20,0.5
"s3","s2",2.62131954612079,9,20,0.5
"s3","s2",2.83153975696799,9,20,0.5
"s3","s2",3.04311762245801,9,20,0.5
"s3","s2",2.64481731231513,9,20,0.5
"s3","s2",3.21036537099511,9,20,0.5
"s3","s2",3.17069205984505,9,20,0.5
"s3","s2",2.92874211740089,9,20,0.5
"s3","s2",3.083183145345,9,20,0.5
"s3","s2",3.31411120584061,9,20,0.5
"s3","s2",2.63356500898894,9,20,0.5
"s3","s2",2.90715725770213,9,20,0.5
"s3","s2",4.61939742319386,9,20,0.5
"s3","s2",2.1349207036111,9,20,0.5
"s3","s2",2.95243463338304,9,20,0.5
"s3","s2",3.47137050723223,9,20,0.5
"s3","s2",3.48561876599105,9,20,0.5
"s3","s2",2.62338743326293,9,20,0.5
"s3","s2",2.95243463338304,9,20,0.5
"s3","s2",2.73168221128565,9,20,0.5
"s3","s2",2.07566112028836,9,20,0.5
"s3","s2",3.48522601141223,9,20,0.5
"s3","s2",3.19457566264823,9,20,0.5
"s3","s2",3.03809022339845,9,20,0.5
"s3","s2",2.87914752303934,9,20,0.5
"s3","s2",3.56912042685051,9,20,0.5
"s3","s2",3.07380932377996,9,20,0.5
"s3","s2",2.6917524410004,9,20,0.5
"s3","s2",2.85499086422313,9,20,0.5
"s3","s2",2.82802483477303,9,20,0.5
"s3","s2",2.32708345499523,9,20,0.5
"s3","s2",4.65197311510219,9,20,0.5
"s3","s2",2.82177993602666,9,20,0.5
"s3","s2",4.03189340120483,9,20,0.5
"s3","s2",2.63392413636076,9,20,0.5
"s3","s2",3.85930197510725,9,20,0.5
"s3","s2",3.05402602804089,9,20,0.5
"s3","s2",1.85739675503206,9,20,0.5
"s3","s2",2.60295814295926,9,20,0.5
"s3","s2",2.62685600401479,9,20,0.5
"s3","s2",1.37695176579871,9,20,0.5
"s3","s2",3.60747975721278,9,20,0.5
"s3","s2",2.52551375528567,9,20,0.5
"s3","s2",2.8425010667304,9,20,0.5
"s3","s2",2.61541390030926,9,20,0.5
"s3","s2",2.70487865978571,9,20,0.5
"s3","s2",2.15740743757157,9,20,0.5
"s3","s2",3.75696436743072,9,20,0.5
"s3","s2",3.69159080063165,9,20,0.5
"s3","s2",2.85499086422313,9,20,0.5
"s3","s2",2.92871441653474,9,20,0.5
"s3","s2",2.85499086422313,9,20,0.5
"s3","s2",2.85490275357029,9,20,0.5
"s3","s2",3.20436198526702,9,20,0.5
"s3","s2",2.9689384249902,9,20,0.5
"s3","s2",2.73524538008057,9,20,0.5
"s3","s2",2.54378675877781,9,20,0.5
"s3","s2",2.57903581834479,9,20,0.5
"s3","s2",2.84942478371805,9,20,0.5
"s3","s2",2.0864250384571,9,20,0.5
"s3","s2",3.41781788376615,9,20,0.5
"s3","s2",3.12806460377001,9,20,0.5
"s3","s2",3.13163607284991,9,20,0.5
"s3","s2",3.25961790238931,9,20,0.5
"s3","s2",2.39714609223251,9,20,0.5
"s3","s2",2.96891216231168,9,20,0.5
"s3","s2",2.43271140232721,9,20,0.5
"s3","s2",3.17294008008261,9,20,0.5
"s3","s2",2.95937734030784,9,20,0.5
"s3","s2",1.56283632598258,9,20,0.5
"s3","s2",2.26154280218939,9,20,0.5
"s3","s2",2.45158784463316,9,20,0.5
"s3","s2",2.69323304239847,9,20,0.5
"s3","s2",3.00460922083354,9,20,0.5
"s3","s2",2.2055973995698,9,20,0.5
"s3","s2",2.76089062575258,9,20,0.5
"s3","s2",4.0484583994135,9,20,0.5
"s3","s2",2.32607448517106,9,20,0.5
"s3","s2",2.86851732087103,9,20,0.5
"s3","s2",3.29281857321227,9,20,0.5
"s3","s2",3.10309788345983,9,20,0.5
"s3","s2",3.57383717535338,9,20,0.5
"s3","s2",2.77667597251713,9,20,0.5
"s3","s2",3.25027326616507,9,20,0.5
"s3","s2",1.78962415935824,9,20,0.5
"s3","s2",3.02783329753304,9,20,0.5
"s3","s2",2.66719469375691,9,20,0.5
"s3","s2",3.66500618803403,9,20,0.5
"s3","s2",2.4270687821506,9,20,0.5
"s3","s2",2.2055973995698,9,20,0.5
"s3","s2",3.06376381639255,9,20,0.5
"s3","s2",2.87914752303934,9,20,0.5
"s3","s2",2.69703776525212,9,20,0.5
"s3","s2",1.71171035069523,9,20,0.5
"s3","s2",3.45770796398794,9,20,0.5
"s3","s2",3.74679055908122,9,20,0.5
"s3","s2",2.94172458100421,9,20,0.5
"s3","s2",2.8425010667304,9,20,0.5
"s3","s2",3.17444386294798,9,20,0.5
"s3","s2",2.89704725006646,9,20,0.5
"s3","s2",3.11831268140646,9,20,0.5
"s3","s2",4.09476166022202,9,20,0.5
"s3","s2",3.27769883695979,9,20,0.5
"s3","s2",2.97181344867387,9,20,0.5
"s3","s2",3.06484855968021,9,20,0.5
"s3","s2",2.4349735915571,9,20,0.5
"s3","s2",3.57837728434698,9,20,0.5
"s3","s2",2.53881446586777,9,20,0.5
"s3","s2",3.73169523353654,9,20,0.5
"s3","s2",3.083183145345,9,20,0.5
"s3","s2",2.5837980245678,9,20,0.5
"s3","s2",3.57837728434698,9,20,0.5
"s3","s2",2.66008324071565,9,20,0.5
"s3","s2",2.90895976968283,9,20,0.5
"s3","s2",2.986172533021,9,20,0.5
"s3","s2",2.95937734030784,9,20,0.5
"s3","s2",3.24056564225205,9,20,0.5
"s3","s2",3.3032580151098,9,20,0.5
"s3","s2",3.05867680158403,9,20,0.5
"s3","s2",3.17002929347345,9,20,0.5
"s3","s2",2.92874211740089,9,20,0.5
"s3","s2",3.01850878093826,9,20,0.5
"s3","s2",3.65262208770998,9,20,0.5
"s3","s2",3.40007869533598,9,20,0.5
"s3","s2",2.69703776525212,9,20,0.5
"s3","s2",3.14672209467287,9,20,0.5
"s3","s2",3.29085230263027,9,20,0.5
"s3","s2",1.97591055260513,9,20,0.5
"s3","s2",1.72404899827407,9,20,0.5
"s3","s2",2.73373035521016,9,20,0.5
"s3","s2",3.17444386294798,9,20,0.5
"s3","s2",2.60415520451095,9,20,0.5
"s3","s2",2.90858124964946,9,20,0.5
"s3","s2",4.45896517933848,9,20,0.5
"s3","s2",3.68147810741646,9,20,0.5
"s3","s2",2.46672989265587,9,20,0.5
"s3","s2",5.36028706870798,9,20,0.5
"s3","s2",2.95243463338304,9,20,0.5
"s3","s2",3.33904539739816,9,20,0.5
"s3","s2",2.80105880532292,9,20,0.5
"s3","s2",2.94133169947711,9,20,0.5
"s3","s2",3.11209451138103,9,20,0.5
"s3","s2",2.74846568065097,9,20,0.5
"s3","s2",4.05685121989637,9,20,0.5
"s3","s2",4.05764281481791,9,20,0.5
"s3","s2",2.82432896132821,9,20,0.5
"s3","s2",3.92339920929115,9,20,0.5
"s3","s2",2.93506155902134,9,20,0.5
"s3","s2",1.79471494054108,9,20,0.5
"s3","s2",2.57708901959364,9,20,0.5
"s3","s2",3.64869736473443,9,20,0.5
"s3","s2",2.57917884942983,9,20,0.5
"s3","s2",2.74273776935138,9,20,0.5
"s3","s2",2.95167002446928,9,20,0.5
"s3","s2",3.49556629159156,9,20,0.5
"s3","s2",2.66687849793487,9,20,0.5
"s3","s2",3.16807160843027,9,20,0.5
"s3","s2",3.38845772183702,9,20,0.5
"s3","s2",3.49546874015321,9,20,0.5
"s3","s2",2.41653976300837,9,20,0.5
"s3","s2",2.80105880532292,9,20,0.5
"s3","s2",2.86851732087103,9,20,0.5
"s3","s2",2.56157193374818,9,20,0.5
"s3","s2",3.68101148772143,9,20,0.5
"s3","s2",2.86182474519106,9,20,0.5
"s3","s2",2.63392413636076,9,20,0.5
"s3","s2",2.87914752303934,9,20,0.5
"s3","s2",3.45528233159861,9,20,0.5
"s3","s2",3.16821408195043,9,20,0.5
"s3","s2",2.67453315859974,9,20,0.5
"s3","s2",3.85983764663275,9,20,0.5
"s3","s2",3.33904539739816,9,20,0.5
"s3","s2",3.0700648622464,9,20,0.5
"s3","s2",3.22892216860016,9,20,0.5
"s3","s2",3.36439615864561,9,20,0.5
"s3","s2",3.04311762245801,9,20,0.5
"s3","s2",2.87635032502323,9,20,0.5
"s3","s2",2.20772934994217,9,20,0.5
"s3","s2",2.86702513830482,9,20,0.5
"s3","s2",3.93140051641592,9,20,0.5
"s3","s2",3.28989637696311,9,20,0.5
"s3","s2",2.87914752303934,9,20,0.5
"s3","s2",5.44914306679196,9,20,0.5
"s3","s2",3.9970077517689,9,20,0.5
"s3","s2",2.85490275357029,9,20,0.5
"s3","s2",3.38845772183702,9,20,0.5
"s3","s2",3.11608511551506,9,20,0.5
"s3","s2",3.01492776633909,9,20,0.5
"s3","s2",4.04075040313418,9,20,0.5
"s3","s2",2.44855016598533,9,20,0.5
"s3","s2",1.78296370729599,9,20,0.5
"s3","s2",2.31648463506702,9,20,0.5
"s3","s2",2.30075676843526,9,20,0.5
"s3","s2",2.78697698350866,9,20,0.5
"s3","s2",2.61554919584216,9,20,0.5
"s3","s2",3.70479322757035,9,20,0.5
"s3","s2",2.90877050966615,9,20,0.5
"s3","s2",2.53087520138565,9,20,0.5
"s3","s2",4.11566052224573,9,20,0.5
"s3","s2",3.3786119888763,9,20,0.5
"s3","s2",3.12451042232761,9,20,0.5
"s3","s2",2.85220339545929,9,20,0.5
"s3","s2",2.92548048585661,9,20,0.5
"s3","s2",2.49773256314456,9,20,0.5
"s3","s2",2.74904828528752,9,20,0.5
"s3","s2",2.58781408100892,9,20,0.5
"s3","s2",2.9873549398057,9,20,0.5
"s3","s2",2.2055973995698,9,20,0.5
"s3","s2",2.73849886754105,9,20,0.5
"s3","s2",2.97772538007642,9,20,0.5
"s3","s2",3.93140051641592,9,20,0.5
"s3","s2",2.95657257407549,9,20,0.5
"s3","s2",2.94133169947711,9,20,0.5
"s3","s2",2.96113257274868,9,20,0.5
"s3","s2",2.98867908528466,9,20,0.5
"s3","s2",3.16017036377215,9,20,0.5
"s3","s2",1.67194051697932,9,20,0.5
"s3","s2",2.04000981010761,9,20,0.5
"s3","s2",3.15238009478343,9,20,0.5
"s3","s2",3.53794233205496,9,20,0.5
"s3","s2",2.65474338018503,9,20,0.5
"s3","s2",2.84887438804226,9,20,0.5
"s3","s2",2.80105880532292,9,20,0.5
"s3","s2",2.80286879251732,9,20,0.5
"s3","s2",3.49415744937298,9,20,0.5
"s3","s2",2.49815978632195,9,20,0.5
"s3","s2",3.17444386294798,9,20,0.5
"s3","s2",4.19151655388407,9,20,0.5
"s3","s2",2.25906295291183,9,20,0.5
"s3","s2",4.14744072824719,9,20,0.5
"s3","s2",3.23264808278913,9,20,0.5
"s3","s2",2.7723373579119,9,20,0.5
"s3","s2",2.51570459307009,9,20,0.5
"s3","s2",2.39406316984667,9,20,0.5
"s3","s2",3.60747975721278,9,20,0.5
"s3","s2",2.94133169947711,9,20,0.5
"s3","s2",2.49701758651022,9,20,0.5
"s3","s2",3.33904539739816,9,20,0.5
"s3","s2",3.45528233159861,9,20,0.5
"s3","s2",2.56007896617568,9,20,0.5
"s3","s2",4.16874172936359,9,20,0.5
"s3","s2",3.12731271233733,9,20,0.5
"s3","s2",4.14744072824719,9,20,0.5
"s3","s2",3.0531635866574,9,20,0.5
"s3","s2",2.90813553549184,9,20,0.5
"s3","s2",3.91853503017231,9,20,0.5
"s3","s2",2.66206781217615,9,20,0.5
"s3","s2",2.12894467158932,9,20,0.5
"s3","s2",2.97852192710829,9,20,0.5
"s3","s2",3.33916730576524,9,20,0.5
"s3","s2",3.65262208770998,9,20,0.5
"s3","s2",3.49583374255407,9,20,0.5
"s3","s2",2.36149979614798,9,20,0.5
"s3","s2",2.93050794151625,9,20,0.5
"s3","s2",2.87524088397073,9,20,0.5
"s3","s2",2.47217207231509,9,20,0.5
"s3","s2",3.17069205984505,9,20,0.5
"s3","s2",2.18602136090625,9,20,0.5
"s3","s2",3.91800487867985,9,20,0.5
"s3","s2",2.86175409254708,9,20,0.5
"s3","s2",2.35037959165826,9,20,0.5
"s3","s2",2.98024626697927,9,20,0.5
"s3","s2",5.13429898630095,9,20,0.5
"s3","s2",3.09083337351003,9,20,0.5
"s3","s2",2.3750487074854,9,20,0.5
"s3","s2",2.68668845005418,9,20,0.5
"s3","s2",2.49773256314456,9,20,0.5
"s3","s2",3.5561121155255,9,20,0.5
"s3","s2",2.92874211740089,9,20,0.5
"s3","s2",2.5592371138251,9,20,0.5
"s3","s2",3.46870892343268,9,20,0.5
"s3","s2",3.15276606724642,9,20,0.5
"s3","s2",3.39672280264398,9,20,0.5
"s3","s2",3.01492776633909,9,20,0.5
"s3","s2",3.30903450766417,9,20,0.5
"s3","s2",3.31577402800631,9,20,0.5
"s3","s2",2.7502844066511,9,20,0.5
"s3","s2",2.8581332411456,9,20,0.5
"s3","s2",2.20773893352917,9,20,0.5
"s3","s2",2.87376541556079,9,20,0.5
"s3","s2",2.85499086422313,9,20,0.5
"s3","s2",3.12451042232761,9,20,0.5
"s3","s2",3.06240148352503,9,20,0.5
"s3","s2",2.63392413636076,9,20,0.5
"s3","s2",4.14199949089956,9,20,0.5
"s3","s2",3.91800487867985,9,20,0.5
"s3","s2",2.95320074923622,9,20,0.5
"s3","s2",2.48062048872643,9,20,0.5
"s3","s2",2.93656327085229,9,20,0.5
"s3","s2",3.08168534459205,9,20,0.5
"s3","s2",1.85982924157383,9,20,0.5
"s3","s2",2.55106311703499,9,20,0.5
"s3","s2",2.81769223270625,9,20,0.5
"s3","s2",2.52833640373053,9,20,0.5
"s3","s2",2.78013488093571,9,20,0.5
"s3","s2",2.57917884942983,9,20,0.5
"s3","s2",3.56745231719814,9,20,0.5
"s3","s2",3.82481491973944,9,20,0.5
"s3","s2",2.85499086422313,9,20,0.5
"s3","s2",3.49416988316333,9,20,0.5
"s3","s2",2.47217207231509,9,20,0.5
"s3","s2",2.68211622950451,9,20,0.5
"s3","s2",1.93436711246569,9,20,0.5
"s3","s2",2.52414750032881,9,20,0.5
"s3","s2",2.97603869607042,9,20,0.5
"s3","s2",3.20436198526702,9,20,0.5
"s3","s2",2.86175409254708,9,20,0.5
"s3","s2",2.39406316984667,9,20,0.5
"s3","s2",2.64087534882941,9,20,0.5
"s3","s2",3.45528233159861,9,20,0.5
"s3","s2",2.87914752303934,9,20,0.5
"s3","s2",1.96881789013107,9,20,0.5
"s3","s2",2.52413029908469,9,20,0.5
"s3","s2",2.69703776525212,9,20,0.5
"s3","s2",2.39591613730073,9,20,0.5
"s3","s2",3.7368078057753,9,20,0.5
"s3","s2",3.12451042232761,9,20,0.5
"s3","s2",3.77108983183267,9,20,0.5
"s3","s2",2.49773256314456,9,20,0.5
"s3","s2",2.15348037477344,9,20,0.5
"s3","s2",3.44455940982072,9,20,0.5
"s3","s2",4.04075040313418,9,20,0.5
"s3","s2",2.12244941645737,9,20,0.5
"s3","s2",2.04000981010761,9,20,0.5
"s3","s2",1.78472293853355,9,20,0.5
"s3","s2",3.55374397107607,9,20,0.5
"s3","s2",2.90858124964946,9,20,0.5
"s3","s2",5.06636662651206,9,20,0.5
"s3","s2",2.4014615799435,9,20,0.5
"s3","s2",3.47137050723223,9,20,0.5
"s3","s2",3.08792175406671,9,20,0.5
"s3","s2",3.00505720218502,9,20,0.5
"s3","s2",2.46212627051563,9,20,0.5
"s3","s2",2.95027778303738,9,20,0.5
"s3","s2",2.14438944243319,9,20,0.5
"s3","s2",2.91957695569317,9,20,0.5
"s3","s2",3.4716633649895,9,20,0.5
"s3","s2",2.10508220273186,9,20,0.5
"s3","s2",3.09413711936008,9,20,0.5
"s3","s2",2.79936900455177,9,20,0.5
"s3","s2",3.08080958268364,9,20,0.5
"s3","s2",3.13077808294161,9,20,0.5
"s3","s2",2.24425058896364,9,20,0.5
"s3","s2",2.19929107843691,9,20,0.5
"s3","s2",2.49555513824069,9,20,0.5
"s3","s2",3.17069205984505,9,20,0.5
"s3","s2",4.63982295079509,9,20,0.5
"s3","s2",4.76589016037205,9,20,0.5
"s3","s2",3.8179349690395,9,20,0.5
"s3","s2",4.3488496250981,9,20,0.5
"s3","s2",2.87383242195518,9,20,0.5
"s3","s2",2.26290905714625,9,20,0.5
"s3","s2",3.0727245804923,9,20,0.5
"s3","s2",2.81480890554173,9,20,0.5
"s3","s2",3.81091200090438,9,20,0.5
"s3","s2",3.53794233205496,9,20,0.5
"s3","s2",2.05178663792558,9,20,0.5
"s3","s2",3.01696788966647,9,20,0.5
"s3","s2",2.63846706692155,9,20,0.5
"s3","s2",4.2883991899394,9,20,0.5
"s3","s2",3.14733265282118,9,20,0.5
"s3","s2",2.81024727920065,9,20,0.5
"s3","s2",3.05475932106254,9,20,0.5
"s3","s2",3.00133128302344,9,20,0.5
"s3","s2",4.05503175793948,9,20,0.5
"s3","s2",3.65262208770998,9,20,0.5
"s3","s2",3.38035343593369,9,20,0.5
"s3","s2",3.65220561055354,9,20,0.5
"s3","s2",3.03520255403685,9,20,0.5
"s3","s2",2.26152363501539,9,20,0.5
"s3","s2",2.94133169947711,9,20,0.5
"s3","s2",3.02783329753304,9,20,0.5
"s3","s2",3.17476455210715,9,20,0.5
"s3","s2",2.78843777345064,9,20,0.5
"s3","s2",2.55234630235775,9,20,0.5
"s3","s2",1.93300303299286,9,20,0.5
"s3","s2",2.0336229463923,9,20,0.5
"s3","s2",2.76900665868362,9,20,0.5
"s3","s2",2.98741669271937,9,20,0.5
"s3","s2",3.60442859065506,9,20,0.5
"s3","s2",3.01492776633909,9,20,0.5
"s3","s2",3.04325504955854,9,20,0.5
"s3","s2",3.16017036377215,9,20,0.5
"s3","s2",2.61554919584216,9,20,0.5
"s3","s2",2.62841404043091,9,20,0.5
"s3","s2",2.37158657668498,9,20,0.5
"s3","s2",2.5095729997597,9,20,0.5
"s3","s2",2.87990288992618,9,20,0.5
"s3","s2",2.96212404102846,9,20,0.5
"s3","s2",3.49546874015321,9,20,0.5
"s3","s2",2.54279636073068,9,20,0.5
"s3","s2",2.05178663792558,9,20,0.5
"s3","s2",2.27969669764791,9,20,0.5
"s3","s2",2.58944544025692,9,20,0.5
"s3","s2",2.40700702258626,9,20,0.5
"s3","s2",3.57495139287033,9,20,0.5
"s3","s2",3.01492776633909,9,20,0.5
"s3","s2",3.02902269439855,9,20,0.5
"s3","s2",3.09413711936008,9,20,0.5
"s3","s2",2.5592371138251,9,20,0.5
"s3","s2",2.37158657668498,9,20,0.5
"s3","s2",3.01492776633909,9,20,0.5
"s3","s2",3.70642609964237,9,20,0.5
"s3","s2",2.81546942009052,9,20,0.5
"s3","s2",4.15460525584806,9,20,0.5
"s3","s2",3.52307686792133,9,20,0.5
"s3","s2",2.14451453768238,9,20,0.5
"s3","s2",2.94968321912202,9,20,0.5
"s3","s2",2.32708345499523,9,20,0.5
"s3","s2",3.06376381639255,9,20,0.5
"s3","s2",3.03571747989039,9,20,0.5
"s3","s2",2.60794997066461,9,20,0.5
"s3","s2",2.65474338018503,9,20,0.5
"s3","s2",2.69880007590501,9,20,0.5
"s3","s2",2.80026601666342,9,20,0.5
"s3","s2",2.42243504694068,9,20,0.5
"s3","s2",3.11900032639775,9,20,0.5
"s3","s2",2.8425010667304,9,20,0.5
"s3","s2",1.50509072720924,9,20,0.5
"s3","s2",3.74859476858161,9,20,0.5
"s3","s2",3.81539968624404,9,20,0.5
"s3","s2",2.67379308088501,9,20,0.5
"s3","s2",2.11131243046911,9,20,0.5
"s3","s2",3.29085230263027,9,20,0.5
"s3","s2",2.77667597251713,9,20,0.5
"s3","s2",3.3991675356163,9,20,0.5
"s3","s2",2.98362902561674,9,20,0.5
"s3","s2",3.53977104969522,9,20,0.5
"s3","s2",4.06149225314165,9,20,0.5
"s3","s2",3.49546874015321,9,20,0.5
"s3","s2",2.12244941645737,9,20,0.5
"s3","s2",2.46820209770922,9,20,0.5
"s3","s2",3.12451042232761,9,20,0.5
"s3","s2",2.77667597251713,9,20,0.5
"s3","s2",4.12150184940785,9,20,0.5
"s3","s2",2.43435400054459,9,20,0.5
"s3","s2",3.39962612098201,9,20,0.5
"s3","s2",3.38845772183702,9,20,0.5
"s3","s2",4.14744072824719,9,20,0.5
"s3","s2",3.01492776633909,9,20,0.5
"s3","s2",2.87990288992618,9,20,0.5
"s3","s2",3.87940830021384,9,20,0.5
"s3","s2",4.13238628599373,9,20,0.5
"s3","s2",2.88291870976614,9,20,0.5
"s3","s2",2.97181344867387,9,20,0.5
"s3","s2",3.39962612098201,9,20,0.5
"s3","s2",2.62318677159337,9,20,0.5
"s3","s2",3.7447601225947,9,20,0.5
"s3","s2",3.51682980797279,9,20,0.5
"s3","s2",3.03809022339845,9,20,0.5
"s3","s2",2.76089062575258,9,20,0.5
"s3","s2",2.87554115818993,9,20,0.5
"s3","s2",2.85490275357029,9,20,0.5
"s3","s2",3.49391659657323,9,20,0.5
"s3","s2",3.49546874015321,9,20,0.5
"s3","s2",3.00596263137295,9,20,0.5
"s3","s2",2.00607012673247,9,20,0.5
"s3","s2",1.82692902952658,9,20,0.5
"s3","s2",2.46879298054803,9,20,0.5
"s3","s2",2.46451392209285,9,20,0.5
"s3","s2",3.05530681436924,9,20,0.5
"s3","s2",2.58781408100892,9,20,0.5
"s3","s2",1.85631932812713,9,20,0.5
"s3","s2",3.20385848249082,9,20,0.5
"s3","s2",3.07801600486815,9,20,0.5
"s3","s2",2.8425010667304,9,20,0.5
"s3","s2",2.90877050966615,9,20,0.5
"s3","s2",2.71744361640706,9,20,0.5
"s3","s2",3.30725673067401,9,20,0.5
"s3","s2",3.26803603965732,9,20,0.5
"s3","s2",2.69703776525212,9,20,0.5
"s3","s2",3.33904539739816,9,20,0.5
"s3","s2",2.56920798162747,9,20,0.5
"s3","s2",2.85499086422313,9,20,0.5
"s3","s2",2.0205068538069,9,20,0.5
"s3","s2",3.083183145345,9,20,0.5
"s3","s2",2.52413029908469,9,20,0.5
"s3","s2",3.29085230263027,9,20,0.5
"s3","s2",3.05872932694107,9,20,0.5
"s3","s2",1.99157298117404,9,20,0.5
"s3","s2",2.45713616307646,9,20,0.5
"s3","s2",3.84513903142064,9,20,0.5
"s3","s2",2.95167002446928,9,20,0.5
"s3","s2",3.85793572015039,9,20,0.5
"s3","s2",3.28714132899818,9,20,0.5
"s3","s2",3.29085230263027,9,20,0.5
"s3","s2",3.45528233159861,9,20,0.5
"s3","s2",3.05844437990076,9,20,0.5
"s3","s2",2.86851732087103,9,20,0.5
"s3","s2",1.7721282612255,9,20,0.5
"s3","s2",1.67194051697932,9,20,0.5
"s3","s2",2.69703776525212,9,20,0.5
"s3","s2",2.80105880532292,9,20,0.5
"s3","s2",2.34873418440778,9,20,0.5
"s3","s2",2.85499086422313,9,20,0.5
"s3","s2",2.9565952352415,9,20,0.5
"s3","s2",2.50928574257166,9,20,0.5
"s3","s2",2.17524542803084,9,20,0.5
"s3","s2",2.5269250795081,9,20,0.5
"s3","s2",2.53405625919767,9,20,0.5
"s3","s2",3.06376381639255,9,20,0.5
"s3","s2",3.16017036377215,9,20,0.5
"s3","s2",3.45770796398794,9,20,0.5
"s3","s2",3.79076697172732,9,20,0.5
"s3","s2",3.45528233159861,9,20,0.5
"s3","s2",2.75623694237315,9,20,0.5
"s3","s2",3.91539790216639,9,20,0.5
"s3","s2",2.90583041358351,9,20,0.5
"s3","s2",1.76527403940724,9,20,0.5
"s3","s2",2.71512565427073,9,20,0.5
"s3","s2",1.93990656962894,9,20,0.5
"s3","s2",4.42223451111887,9,20,0.5
"s3","s2",3.29640985355202,9,20,0.5
"s3","s2",2.29499625607074,9,20,0.5
"s3","s2",2.48718835782456,9,20,0.5
"s3","s2",2.83439166876722,9,20,0.5
"s3","s2",3.0888370044925,9,20,0.5
"s3","s2",3.33904539739816,9,20,0.5
"s3","s2",3.28184194207217,9,20,0.5
"s3","s2",2.2196870103359,9,20,0.5
"s3","s2",3.01492776633909,9,20,0.5
"s3","s2",2.90895976968283,9,20,0.5
"s3","s2",2.54573104674723,9,20,0.5
"s3","s2",2.62318677159337,9,20,0.5
"s3","s2",3.01967966629554,9,20,0.5
"s3","s2",3.25952307399558,9,20,0.5
"s3","s2",2.22014177703906,9,20,0.5
"s3","s2",2.97181344867387,9,20,0.5
"s3","s2",3.00363250122249,9,20,0.5
"s3","s2",3.49661233182678,9,20,0.5
"s3","s2",3.29085230263027,9,20,0.5
"s3","s2",2.98867908528466,9,20,0.5
"s3","s2",2.29430354500531,9,20,0.5
"s3","s2",3.38845772183702,9,20,0.5
"s3","s2",2.19823175290025,9,20,0.5
"s3","s2",2.10819731660049,9,20,0.5
"s3","s2",3.60747975721278,9,20,0.5
"s3","s2",2.72647213249531,9,20,0.5
"s3","s2",2.86895478699464,9,20,0.5
"s3","s2",2.87671331694007,9,20,0.5
"s3","s2",2.49260231533493,9,20,0.5
"s3","s2",4.11782066737937,9,20,0.5
"s3","s2",2.63392413636076,9,20,0.5
"s3","s2",3.18701772398764,9,20,0.5
"s3","s2",2.61554919584216,9,20,0.5
"s3","s2",2.10158614281528,9,20,0.5
"s3","s2",3.36764478478852,9,20,0.5
"s3","s2",2.95243463338304,9,20,0.5
"s3","s2",4.17902072632929,9,20,0.5
"s3","s2",3.39716386449838,9,20,0.5
"s3","s2",2.90895976968283,9,20,0.5
"s3","s2",2.70268868273796,9,20,0.5
"s3","s2",2.83405241557921,9,20,0.5
"s3","s2",2.97181344867387,9,20,0.5
"s3","s2",1.83841260919225,9,20,0.5
"s3","s2",4.18060957681927,9,20,0.5
"s3","s2",2.85494680889671,9,20,0.5
"s3","s2",2.80771528372753,9,20,0.5
"s3","s2",2.26152363501539,9,20,0.5
"s3","s2",2.57989636859098,9,20,0.5
"s3","s2",2.92874211740089,9,20,0.5
"s3","s2",3.10109173587137,9,20,0.5
"s3","s2",3.49583374255407,9,20,0.5
"s3","s2",2.51557433413048,9,20,0.5
"s3","s2",2.10508220273186,9,20,0.5
"s3","s2",2.91041179398545,9,20,0.5
"s3","s2",2.42098140133785,9,20,0.5
"s3","s2",2.87914752303934,9,20,0.5
"s3","s2",3.54755652858887,9,20,0.5
"s3","s2",2.4393759656356,9,20,0.5
"s3","s2",3.06696404636842,9,20,0.5
"s3","s2",1.87231600547168,9,20,0.5
"s3","s2",3.29085230263027,9,20,0.5
"s3","s2",2.52483062780724,9,20,0.5
"s3","s2",2.64186045690025,9,20,0.5
"s3","s2",3.44955186655078,9,20,0.5
"s3","s2",3.12229413793886,9,20,0.5
"s3","s2",2.63392413636076,9,20,0.5
"s3","s2",3.78039014615497,9,20,0.5
"s3","s2",3.59831356017122,9,20,0.5
"s3","s2",3.05872932694107,9,20,0.5
"s3","s2",3.05844437990076,9,20,0.5
"s3","s2",3.38845772183702,9,20,0.5
"s3","s2",2.68173255211403,9,20,0.5
"s3","s2",2.4014615799435,9,20,0.5
"s3","s2",2.35972627563905,9,20,0.5
"s3","s2",2.34394455402256,9,20,0.5
"s3","s2",1.81568400555215,9,20,0.5
"s3","s2",2.4270687821506,9,20,0.5
"s3","s2",3.01622125918329,9,20,0.5
"s3","s2",2.82762844044327,9,20,0.5
"s3","s2",3.63789266764173,9,20,0.5
"s3","s2",2.61554919584216,9,20,0.5
"s3","s2",3.13626766491415,9,20,0.5
"s3","s2",2.86281953682883,9,20,0.5
"s3","s2",3.20042206071296,9,20,0.5
"s3","s2",3.2279040413433,9,20,0.5
"s3","s2",3.65220561055354,9,20,0.5
"s3","s2",2.78185629413308,9,20,0.5
"s3","s2",3.19403720255773,9,20,0.5
"s3","s2",3.42546678265239,9,20,0.5
"s3","s2",3.17444386294798,9,20,0.5
"s3","s2",2.76900665868362,9,20,0.5
"s3","s2",2.56007896617568,9,20,0.5
"s3","s2",3.3786119888763,9,20,0.5
"s3","s2",2.32699469559791,9,20,0.5
"s3","s2",4.07489670908075,9,20,0.5
"s3","s2",2.66687849793487,9,20,0.5
"s3","s2",3.083183145345,9,20,0.5
"s3","s2",2.93429098760542,9,20,0.5
"s3","s2",3.3991675356163,9,20,0.5
"s3","s2",2.57591698660162,9,20,0.5
"s3","s2",2.85490275357029,9,20,0.5
"s3","s2",2.499792612514,9,20,0.5
"s3","s2",3.12850316036266,9,20,0.5
"s3","s2",1.7383111426961,9,20,0.5
"s3","s2",3.67952409367618,9,20,0.5
"s3","s2",2.68171848160405,9,20,0.5
"s3","s2",2.33108379794966,9,20,0.5
"s3","s2",2.4270687821506,9,20,0.5
"s3","s2",2.57194279978634,9,20,0.5
"s3","s2",4.19525706728391,9,20,0.5
"s3","s2",2.94133169947711,9,20,0.5
"s3","s2",4.6561155687874,9,20,0.5
"s3","s2",2.57975710695435,9,20,0.5
"s3","s2",3.29121325346927,9,20,0.5
"s3","s2",3.02783329753304,9,20,0.5
"s3","s2",3.5784963812029,9,20,0.5
"s3","s2",3.06376381639255,9,20,0.5
"s3","s2",3.42546678265239,9,20,0.5
"s3","s2",4.32682396346443,9,20,0.5
"s3","s2",2.66206781217615,9,20,0.5
"s3","s2",2.97181344867387,9,20,0.5
"s3","s2",3.06593330296787,9,20,0.5
"s3","s2",3.62302288455973,9,20,0.5
"s3","s2",2.76900665868362,9,20,0.5
"s3","s2",3.85705717042581,9,20,0.5
"s3","s2",2.94703764468921,9,20,0.5
"s3","s2",3.78218090989638,9,20,0.5
"s3","s2",3.05844437990076,9,20,0.5
"s3","s2",2.55664087949336,9,20,0.5
"s3","s2",4.35195840222373,9,20,0.5
"s3","s2",3.2279040413433,9,20,0.5
"s3","s2",2.74034090041491,9,20,0.5
"s3","s2",1.88711588408114,9,20,0.5
"s3","s2",2.02407617304441,9,20,0.5
"s3","s2",2.56007896617568,9,20,0.5
"s3","s2",3.69794932048286,9,20,0.5
"s3","s2",1.85833097673649,9,20,0.5
"s3","s2",3.39021826832323,9,20,0.5
"s3","s2",2.73849886754105,9,20,0.5
"s3","s2",3.8120120304811,9,20,0.5
"s3","s2",2.57053147556392,9,20,0.5
"s3","s2",3.10034246315247,9,20,0.5
"s3","s2",2.65065929171059,9,20,0.5
"s3","s2",2.43271140232721,9,20,0.5
"s3","s2",2.69703776525212,9,20,0.5
"s3","s2",2.75914506147559,9,20,0.5
"s3","s2",2.69227792726289,9,20,0.5
"s3","s2",2.73775778457215,9,20,0.5
"s3","s2",1.93434085681747,9,20,0.5
"s3","s2",3.44382140150296,9,20,0.5
"s3","s2",3.18077102254065,9,20,0.5
"s3","s2",3.3349563015506,9,20,0.5
"s3","s2",2.80105880532292,9,20,0.5
"s3","s2",2.75375276311234,9,20,0.5
"s3","s2",2.87914752303934,9,20,0.5
"s3","s2",4.32044826818822,9,20,0.5
"s3","s2",3.05872932694107,9,20,0.5
"s3","s2",2.52414750032881,9,20,0.5
"s3","s2",2.91041179398545,9,20,0.5
"s3","s2",2.60446166305911,9,20,0.5
"s3","s2",2.2055973995698,9,20,0.5
"s3","s2",2.57917884942983,9,20,0.5
"s3","s2",3.11900032639775,9,20,0.5
"s3","s2",3.74088901937886,9,20,0.5
"s3","s2",3.5907710423284,9,20,0.5
"s3","s2",1.88711588408114,9,20,0.5
"s3","s2",3.37836569286057,9,20,0.5
"s3","s2",3.17073132667617,9,20,0.5
"s3","s2",3.30472766997874,9,20,0.5
"s3","s2",3.39261420438903,9,20,0.5
"s3","s2",2.57989636859098,9,20,0.5
"s3","s2",2.80026601666342,9,20,0.5
"s3","s2",2.90583041358351,9,20,0.5
"s3","s2",2.73849886754105,9,20,0.5
"s3","s2",2.87914752303934,9,20,0.5
"s3","s2",3.3786119888763,9,20,0.5
"s3","s2",4.05685121989637,9,20,0.5
"s3","s2",4.56400654920196,9,20,0.5
"s3","s2",3.60008930814943,9,20,0.5
"s3","s2",2.57346616158047,9,20,0.5
"s3","s2",3.92470269754789,9,20,0.5
"s3","s2",3.04311762245801,9,20,0.5
"s3","s2",1.82552277217311,9,20,0.5
"s3","s2",2.92874211740089,9,20,0.5
"s3","s2",3.30472766997874,9,20,0.5
"s3","s2",2.85578984742931,9,20,0.5
"s3","s2",2.35041552754068,9,20,0.5
"s3","s2",3.0956858623994,9,20,0.5
"s3","s2",3.19144183234124,9,20,0.5
"s3","s2",1.65342058946383,9,20,0.5
"s3","s2",1.86494072757106,9,20,0.5
"s3","s2",2.91041179398545,9,20,0.5
"s3","s2",2.33369765600853,9,20,0.5
"s3","s2",2.81480890554173,9,20,0.5
"s3","s2",2.8966652518758,9,20,0.5
"s3","s2",2.78843777345064,9,20,0.5
"s3","s2",3.05872932694107,9,20,0.5
"s3","s2",2.2422454462834,9,20,0.5
"s3","s2",2.92874211740089,9,20,0.5
"s3","s2",2.23921980326176,9,20,0.5
"s3","s2",3.18189503265943,9,20,0.5
"s3","s2",4.0757576224188,9,20,0.5
"s3","s2",2.97676470822173,9,20,0.5
"s3","s2",3.19457566264823,9,20,0.5
"s3","s2",4.15642377005195,9,20,0.5
"s3","s2",4.58545819567065,9,20,0.5
"s3","s2",3.46224459427224,9,20,0.5
"s3","s2",2.26152363501539,9,20,0.5
"s3","s2",2.21689680433413,9,20,0.5
"s3","s2",2.41653976300837,9,20,0.5
"s3","s2",2.96266978016227,9,20,0.5
"s3","s2",2.62841404043091,9,20,0.5
"s3","s2",3.05844437990076,9,20,0.5
"s3","s2",2.40622795015455,9,20,0.5
"s3","s2",3.03680228396156,9,20,0.5
"s3","s2",2.75623694237315,9,20,0.5
"s3","s2",2.39591613730073,9,20,0.5
"s3","s2",2.36010312895064,9,20,0.5
"s3","s2",3.154925155817,9,20,0.5
"s3","s2",4.11782066737937,9,20,0.5
"s3","s2",2.597364022636,9,20,0.5
"s3","s2",3.54755652858887,9,20,0.5
"s3","s2",4.07274693664062,9,20,0.5
"s3","s2",3.11900032639775,9,20,0.5
"s3","s2",2.92016538477245,9,20,0.5
"s3","s2",3.17444386294798,9,20,0.5
"s3","s2",3.2279040413433,9,20,0.5
"s3","s2",3.00180342581188,9,20,0.5
"s3","s2",2.63392413636076,9,20,0.5
"s3","s2",3.19267763345919,9,20,0.5
"s3","s2",3.33904539739816,9,20,0.5
"s3","s2",3.21029083740124,9,20,0.5
"s3","s2",2.64157871030797,9,20,0.5
"s3","s2",3.45770796398794,9,20,0.5
"s3","s2",3.53883619660296,9,20,0.5
"s3","s2",2.81957782606965,9,20,0.5
"s3","s2",3.98366432752546,9,20,0.5
"s3","s2",3.31376508116265,9,20,0.5
"s3","s2",3.1526109729448,9,20,0.5
"s3","s2",2.43271140232721,9,20,0.5
"s3","s2",2.21286958830443,9,20,0.5
"s3","s2",2.57499918975746,9,20,0.5
"s3","s2",1.76527403940724,9,20,0.5
"s3","s2",3.92339920929115,9,20,0.5
"s3","s2",2.47396144516357,9,20,0.5
"s3","s2",2.47937172082283,9,20,0.5
"s3","s2",2.84870191015035,9,20,0.5
"s3","s2",3.23264808278913,9,20,0.5
"s3","s2",4.06149225314165,9,20,0.5
"s3","s2",3.49546874015321,9,20,0.5
"s3","s2",3.00133128302344,9,20,0.5
"s3","s2",4.26263452029781,9,20,0.5
"s3","s2",3.55644686246265,9,20,0.5
"s3","s2",2.61554919584216,9,20,0.5
"s3","s2",3.89951462532044,9,20,0.5
"s3","s2",3.17345218387053,9,20,0.5
"s3","s2",2.85494680889671,9,20,0.5
"s3","s2",2.23100207930317,9,20,0.5
"s3","s2",3.17294008008261,9,20,0.5
"s3","s2",4.6395699002356,9,20,0.5
"s3","s2",1.80529643260884,9,20,0.5
"s3","s2",2.94892323805262,9,20,0.5
"s3","s2",3.33603347545824,9,20,0.5
"s3","s2",2.06409580672017,9,20,0.5
"s3","s2",3.72797360536741,9,20,0.5
"s3","s2",3.18356074820359,9,20,0.5
"s3","s2",2.83879395416654,9,20,0.5
"s3","s2",2.76900665868362,9,20,0.5
"s3","s2",2.15229172624181,9,20,0.5
"s3","s2",4.14744072824719,9,20,0.5
"s3","s2",2.83477842773052,9,20,0.5
"s3","s2",2.37158657668498,9,20,0.5
"s3","s2",3.24318902510967,9,20,0.5
"s3","s2",2.04917655628055,9,20,0.5
"s3","s2",2.98660304837302,9,20,0.5
"s3","s2",3.12451042232761,9,20,0.5
"s3","s2",2.56007896617568,9,20,0.5
"s3","s2",2.5356415715967,9,20,0.5
"s3","s2",2.821670903385,9,20,0.5
"s3","s2",3.05550822143902,9,20,0.5
"s3","s2",3.05867680158403,9,20,0.5
"s3","s2",2.27199012966468,9,20,0.5
"s3","s2",4.2883991899394,9,20,0.5
"s3","s2",2.49773256314456,9,20,0.5
"s3","s2",3.08196374888779,9,20,0.5
"s3","s2",2.98744653632535,9,20,0.5
"s3","s2",3.12850316036266,9,20,0.5
"s3","s2",2.41653976300837,9,20,0.5
"s3","s2",1.95223115854246,9,20,0.5
"s3","s2",3.12650679134514,9,20,0.5
"s3","s2",2.35335564134652,9,20,0.5
"s3","s2",2.57499918975746,9,20,0.5
"s3","s2",3.26497280927896,9,20,0.5
"s3","s2",1.91131830007776,9,20,0.5
"s3","s2",3.55669544192649,9,20,0.5
"s3","s2",2.84166311320638,9,20,0.5
"s3","s2",2.24302028671157,9,20,0.5
"s3","s2",2.93241131085774,9,20,0.5
"s3","s2",3.91853503017231,9,20,0.5
"s3","s2",3.30232012196829,9,20,0.5
"s3","s2",3.02783329753304,9,20,0.5
"s3","s2",3.54755652858887,9,20,0.5
"s3","s2",2.95243463338304,9,20,0.5
"s3","s2",4.58600386486329,9,20,0.5
"s3","s2",3.52307686792133,9,20,0.5
"s3","s2",1.91131830007776,9,20,0.5
"s3","s2",3.17294008008261,9,20,0.5
"s3","s2",3.85793572015039,9,20,0.5
"s3","s2",2.89816128185012,9,20,0.5
"s3","s2",2.69186310765315,9,20,0.5
"s3","s2",3.22902286189796,9,20,0.5
"s3","s2",3.083183145345,9,20,0.5
"s3","s2",6.00050853005515,9,20,0.5
"s3","s2",2.57989636859098,9,20,0.5
"s3","s2",2.73477614286338,9,20,0.5
"s3","s2",2.91041179398545,9,20,0.5
"s3","s2",3.50272100033561,9,20,0.5
"s3","s2",2.70790760625279,9,20,0.5
"s3","s2",2.90759689150125,9,20,0.5
"s3","s2",2.55765736839218,9,20,0.5
"s3","s2",3.53977104969522,9,20,0.5
"s3","s2",2.17524542803084,9,20,0.5
"s3","s2",3.51761989492422,9,20,0.5
"s3","s2",2.63392413636076,9,20,0.5
"s3","s4",5.35299295088755,9,20,0.5
"s3","s4",2.58862924040808,9,20,0.5
"s3","s4",4.62951439910409,9,20,0.5
"s3","s4",4.36649437768853,9,20,0.5
"s3","s4",4.77394663083628,9,20,0.5
"s3","s4",3.82008512318937,9,20,0.5
"s3","s4",4.29601623218663,9,20,0.5
"s3","s4",3.95610381939168,9,20,0.5
"s3","s4",4.13250710005389,9,20,0.5
"s3","s4",4.60921344904764,9,20,0.5
"s3","s4",4.14768767917587,9,20,0.5
"s3","s4",5.3279891812401,9,20,0.5
"s3","s4",3.88013999831665,9,20,0.5
"s3","s4",3.08972725225645,9,20,0.5
"s3","s4",4.67122061087244,9,20,0.5
"s3","s4",4.05686093057842,9,20,0.5
"s3","s4",4.32997781001491,9,20,0.5
"s3","s4",5.20525294512696,9,20,0.5
"s3","s4",4.43686362214617,9,20,0.5
"s3","s4",4.84853989376424,9,20,0.5
"s3","s4",3.46719700694152,9,20,0.5
"s3","s4",4.47040792772935,9,20,0.5
"s3","s4",4.35286091091337,9,20,0.5
"s3","s4",5.05619794346899,9,20,0.5
"s3","s4",4.0069367787974,9,20,0.5
"s3","s4",3.41620543477704,9,20,0.5
"s3","s4",5.21199218804377,9,20,0.5
"s3","s4",4.28682351932279,9,20,0.5
"s3","s4",4.30516618375269,9,20,0.5
"s3","s4",4.31150736471391,9,20,0.5
"s3","s4",4.41011372027381,9,20,0.5
"s3","s4",2.53885252392449,9,20,0.5
"s3","s4",3.52898330351022,9,20,0.5
"s3","s4",4.59552755012249,9,20,0.5
"s3","s4",4.53318365607692,9,20,0.5
"s3","s4",4.17820232772857,9,20,0.5
"s3","s4",4.76201996778713,9,20,0.5
"s3","s4",5.74723802549483,9,20,0.5
"s3","s4",4.05686093057842,9,20,0.5
"s3","s4",3.87615327153774,9,20,0.5
"s3","s4",4.14467185933591,9,20,0.5
"s3","s4",4.8134585120028,9,20,0.5
"s3","s4",5.65929122077722,9,20,0.5
"s3","s4",4.95362872559547,9,20,0.5
"s3","s4",3.72990226259477,9,20,0.5
"s3","s4",4.1796838694605,9,20,0.5
"s3","s4",3.72945516587628,9,20,0.5
"s3","s4",3.45025419172913,9,20,0.5
"s3","s4",4.99464114756991,9,20,0.5
"s3","s4",5.0715820308857,9,20,0.5
"s3","s4",3.90434592927569,9,20,0.5
"s3","s4",3.54192471274219,9,20,0.5
"s3","s4",4.5226153645805,9,20,0.5
"s3","s4",3.85044512288079,9,20,0.5
"s3","s4",4.19909618346083,9,20,0.5
"s3","s4",4.37924940709338,9,20,0.5
"s3","s4",4.64050582818628,9,20,0.5
"s3","s4",5.04024782541786,9,20,0.5
"s3","s4",5.98443348279364,9,20,0.5
"s3","s4",3.56938938921742,9,20,0.5
"s3","s4",3.44717027969239,9,20,0.5
"s3","s4",4.890688600478,9,20,0.5
"s3","s4",5.00979059826103,9,20,0.5
"s3","s4",4.97510609203044,9,20,0.5
"s3","s4",3.93834929548511,9,20,0.5
"s3","s4",4.18165199991219,9,20,0.5
"s3","s4",3.97419009381696,9,20,0.5
"s3","s4",5.51654705228955,9,20,0.5
"s3","s4",3.96584828914203,9,20,0.5
"s3","s4",2.896729440776,9,20,0.5
"s3","s4",3.32411330753128,9,20,0.5
"s3","s4",3.97533707877531,9,20,0.5
"s3","s4",4.7483759137497,9,20,0.5
"s3","s4",4.99464114756991,9,20,0.5
"s3","s4",4.04089147673218,9,20,0.5
"s3","s4",3.87968902008155,9,20,0.5
"s3","s4",4.56156644836531,9,20,0.5
"s3","s4",5.59587994441528,9,20,0.5
"s3","s4",3.82560922490299,9,20,0.5
"s3","s4",4.04176920542317,9,20,0.5
"s3","s4",4.16150549670401,9,20,0.5
"s3","s4",4.38398906710275,9,20,0.5
"s3","s4",5.12373721392489,9,20,0.5
"s3","s4",5.06830098392811,9,20,0.5
"s3","s4",4.70243863995857,9,20,0.5
"s3","s4",4.90050516493107,9,20,0.5
"s3","s4",4.54389908248779,9,20,0.5
"s3","s4",4.60903890339038,9,20,0.5
"s3","s4",3.93834929548511,9,20,0.5
"s3","s4",3.83686309793285,9,20,0.5
"s3","s4",5.77385225371671,9,20,0.5
"s3","s4",4.51082951096815,9,20,0.5
"s3","s4",4.97816881086194,9,20,0.5
"s3","s4",5.33822581235465,9,20,0.5
"s3","s4",3.51311383071171,9,20,0.5
"s3","s4",5.01811484209929,9,20,0.5
"s3","s4",5.14784521062795,9,20,0.5
"s3","s4",4.08567517692292,9,20,0.5
"s3","s4",5.47762465357796,9,20,0.5
"s3","s4",4.08200511977481,9,20,0.5
"s3","s4",4.38860891093515,9,20,0.5
"s3","s4",5.35982220350123,9,20,0.5
"s3","s4",5.08637348837079,9,20,0.5
"s3","s4",4.43796221361427,9,20,0.5
"s3","s4",4.66439509039174,9,20,0.5
"s3","s4",3.64664952053753,9,20,0.5
"s3","s4",3.90904622262547,9,20,0.5
"s3","s4",5.02431341567213,9,20,0.5
"s3","s4",5.64458231500808,9,20,0.5
"s3","s4",5.05619794346899,9,20,0.5
"s3","s4",4.97816881086194,9,20,0.5
"s3","s4",4.61233237985589,9,20,0.5
"s3","s4",5.53025313311766,9,20,0.5
"s3","s4",4.44237710637321,9,20,0.5
"s3","s4",4.75794857598068,9,20,0.5
"s3","s4",4.27858818206435,9,20,0.5
"s3","s4",4.77292884806318,9,20,0.5
"s3","s4",4.9667371677127,9,20,0.5
"s3","s4",4.39542405775853,9,20,0.5
"s3","s4",4.93076385790759,9,20,0.5
"s3","s4",3.57875974166677,9,20,0.5
"s3","s4",4.48706668313968,9,20,0.5
"s3","s4",5.37570448937562,9,20,0.5
"s3","s4",4.41159870842367,9,20,0.5
"s3","s4",4.7484428642818,9,20,0.5
"s3","s4",4.27441770619169,9,20,0.5
"s3","s4",5.13500485439295,9,20,0.5
"s3","s4",5.31825702709385,9,20,0.5
"s3","s4",3.47351574435535,9,20,0.5
"s3","s4",4.3175719968838,9,20,0.5
"s3","s4",4.91878232266555,9,20,0.5
"s3","s4",4.99675213619104,9,20,0.5
"s3","s4",4.39610542593145,9,20,0.5
"s3","s4",5.30516007971157,9,20,0.5
"s3","s4",3.31942468162444,9,20,0.5
"s3","s4",5.20099585152046,9,20,0.5
"s3","s4",6.86104124093617,9,20,0.5
"s3","s4",4.1338351842066,9,20,0.5
"s3","s4",4.4711550949354,9,20,0.5
"s3","s4",5.36262750123339,9,20,0.5
"s3","s4",5.07773542606488,9,20,0.5
"s3","s4",4.78522284150784,9,20,0.5
"s3","s4",3.8833470291508,9,20,0.5
"s3","s4",4.49700538269061,9,20,0.5
"s3","s4",4.62637028320495,9,20,0.5
"s3","s4",4.24297848438199,9,20,0.5
"s3","s4",4.43082206845256,9,20,0.5
"s3","s4",3.45248067649679,9,20,0.5
"s3","s4",5.02494004895214,9,20,0.5
"s3","s4",4.77958506208715,9,20,0.5
"s3","s4",4.17537282556062,9,20,0.5
"s3","s4",4.30516618375269,9,20,0.5
"s3","s4",4.28487736101997,9,20,0.5
"s3","s4",4.72975256222513,9,20,0.5
"s3","s4",2.85514970449897,9,20,0.5
"s3","s4",3.84002915143931,9,20,0.5
"s3","s4",5.04285568058009,9,20,0.5
"s3","s4",4.08838220771624,9,20,0.5
"s3","s4",4.90288124081514,9,20,0.5
"s3","s4",4.26205465435835,9,20,0.5
"s3","s4",4.76201996778713,9,20,0.5
"s3","s4",4.33682668139101,9,20,0.5
"s3","s4",4.99464114756991,9,20,0.5
"s3","s4",3.8553176517112,9,20,0.5
"s3","s4",5.14784521062795,9,20,0.5
"s3","s4",4.50480086378853,9,20,0.5
"s3","s4",5.28426011552819,9,20,0.5
"s3","s4",4.9317282116981,9,20,0.5
"s3","s4",4.99464114756991,9,20,0.5
"s3","s4",4.13153265584987,9,20,0.5
"s3","s4",4.29619609894339,9,20,0.5
"s3","s4",5.65788191714547,9,20,0.5
"s3","s4",3.24011819474231,9,20,0.5
"s3","s4",3.6373436210567,9,20,0.5
"s3","s4",4.09327783392422,9,20,0.5
"s3","s4",5.04024782541786,9,20,0.5
"s3","s4",5.30125857131102,9,20,0.5
"s3","s4",3.81789997064304,9,20,0.5
"s3","s4",3.93448723256051,9,20,0.5
"s3","s4",4.43257136765992,9,20,0.5
"s3","s4",2.97662790799266,9,20,0.5
"s3","s4",3.86872678608453,9,20,0.5
"s3","s4",4.60564770928146,9,20,0.5
"s3","s4",5.04024782541786,9,20,0.5
"s3","s4",4.30688575266381,9,20,0.5
"s3","s4",3.34205174409047,9,20,0.5
"s3","s4",4.14467185933591,9,20,0.5
"s3","s4",4.47315550432275,9,20,0.5
"s3","s4",4.30516618375269,9,20,0.5
"s3","s4",4.93327681422006,9,20,0.5
"s3","s4",4.7026530143598,9,20,0.5
"s3","s4",4.24366922863068,9,20,0.5
"s3","s4",5.0094625795292,9,20,0.5
"s3","s4",3.601583851196,9,20,0.5
"s3","s4",5.05619794346899,9,20,0.5
"s3","s4",4.60539840797875,9,20,0.5
"s3","s4",3.73537690038058,9,20,0.5
"s3","s4",3.34962919576568,9,20,0.5
"s3","s4",3.95610381939168,9,20,0.5
"s3","s4",3.49247459533209,9,20,0.5
"s3","s4",5.57577334837053,9,20,0.5
"s3","s4",4.66536734960481,9,20,0.5
"s3","s4",4.43082206845256,9,20,0.5
"s3","s4",5.01640037759636,9,20,0.5
"s3","s4",3.18325271490714,9,20,0.5
"s3","s4",5.77584220736543,9,20,0.5
"s3","s4",5.29853565851102,9,20,0.5
"s3","s4",4.25201018037601,9,20,0.5
"s3","s4",4.52358783133096,9,20,0.5
"s3","s4",4.84772914848301,9,20,0.5
"s3","s4",4.40822178476016,9,20,0.5
"s3","s4",4.06375589279635,9,20,0.5
"s3","s4",4.08567517692292,9,20,0.5
"s3","s4",4.58358291901976,9,20,0.5
"s3","s4",3.39753048381652,9,20,0.5
"s3","s4",3.79918947823017,9,20,0.5
"s3","s4",4.64050582818628,9,20,0.5
"s3","s4",4.41620201640516,9,20,0.5
"s3","s4",4.31150736471391,9,20,0.5
"s3","s4",4.9806891576413,9,20,0.5
"s3","s4",4.77958506208715,9,20,0.5
"s3","s4",3.10977587701264,9,20,0.5
"s3","s4",5.04024782541786,9,20,0.5
"s3","s4",5.38014084804439,9,20,0.5
"s3","s4",5.00936343804767,9,20,0.5
"s3","s4",3.63401852099537,9,20,0.5
"s3","s4",4.4147930540392,9,20,0.5
"s3","s4",3.74693537086867,9,20,0.5
"s3","s4",3.68203817006176,9,20,0.5
"s3","s4",4.87966779331417,9,20,0.5
"s3","s4",5.18212166322801,9,20,0.5
"s3","s4",3.70672799211032,9,20,0.5
"s3","s4",3.53126630528484,9,20,0.5
"s3","s4",5.35701690576908,9,20,0.5
"s3","s4",2.87526326659415,9,20,0.5
"s3","s4",4.04882784501913,9,20,0.5
"s3","s4",3.61487420834727,9,20,0.5
"s3","s4",5.18212166322801,9,20,0.5
"s3","s4",3.55619821122225,9,20,0.5
"s3","s4",4.13153265584987,9,20,0.5
"s3","s4",3.73537690038058,9,20,0.5
"s3","s4",4.32831166029002,9,20,0.5
"s3","s4",4.13250710005389,9,20,0.5
"s3","s4",4.64079942830399,9,20,0.5
"s3","s4",4.72234328802568,9,20,0.5
"s3","s4",4.36209613356387,9,20,0.5
"s3","s4",3.60983992453091,9,20,0.5
"s3","s4",4.81870569614627,9,20,0.5
"s3","s4",4.27931996415635,9,20,0.5
"s3","s4",5.1752529636686,9,20,0.5
"s3","s4",5.30958649093165,9,20,0.5
"s3","s4",3.52132807172625,9,20,0.5
"s3","s4",4.0383394130935,9,20,0.5
"s3","s4",4.40554890405291,9,20,0.5
"s3","s4",4.32997781001491,9,20,0.5
"s3","s4",5.24005441125296,9,20,0.5
"s3","s4",5.46593149052214,9,20,0.5
"s3","s4",3.72116433032939,9,20,0.5
"s3","s4",4.47315550432275,9,20,0.5
"s3","s4",3.93448723256051,9,20,0.5
"s3","s4",4.13250710005389,9,20,0.5
"s3","s4",3.11602674921597,9,20,0.5
"s3","s4",4.33566662254834,9,20,0.5
"s3","s4",3.46719700694152,9,20,0.5
"s3","s4",3.51311383071171,9,20,0.5
"s3","s4",4.45004542848145,9,20,0.5
"s3","s4",4.43796221361427,9,20,0.5
"s3","s4",5.13500485439295,9,20,0.5
"s3","s4",4.35669398425643,9,20,0.5
"s3","s4",4.56156644836531,9,20,0.5
"s3","s4",4.77244271845665,9,20,0.5
"s3","s4",4.54962250405505,9,20,0.5
"s3","s4",5.45071215298401,9,20,0.5
"s3","s4",3.54192471274219,9,20,0.5
"s3","s4",6.00338922466254,9,20,0.5
"s3","s4",5.58895757891155,9,20,0.5
"s3","s4",4.1303336161734,9,20,0.5
"s3","s4",3.54258384804552,9,20,0.5
"s3","s4",4.3882398420231,9,20,0.5
"s3","s4",4.82810747110754,9,20,0.5
"s3","s4",3.51934361475575,9,20,0.5
"s3","s4",2.92059756284948,9,20,0.5
"s3","s4",4.60539840797875,9,20,0.5
"s3","s4",4.9667371677127,9,20,0.5
"s3","s4",5.33822581235465,9,20,0.5
"s3","s4",3.12932533861281,9,20,0.5
"s3","s4",3.49410956284489,9,20,0.5
"s3","s4",3.90189815072354,9,20,0.5
"s3","s4",5.39983025094845,9,20,0.5
"s3","s4",4.64079942830399,9,20,0.5
"s3","s4",4.4170172477921,9,20,0.5
"s3","s4",3.57856016178842,9,20,0.5
"s3","s4",4.41159870842367,9,20,0.5
"s3","s4",3.16892342496918,9,20,0.5
"s3","s4",4.01232486206551,9,20,0.5
"s3","s4",5.28558029116645,9,20,0.5
"s3","s4",4.77065229661753,9,20,0.5
"s3","s4",3.73531678295125,9,20,0.5
"s3","s4",4.99485127830614,9,20,0.5
"s3","s4",3.53927583139514,9,20,0.5
"s3","s4",5.11195268416317,9,20,0.5
"s3","s4",4.28282053350747,9,20,0.5
"s3","s4",3.51934361475575,9,20,0.5
"s3","s4",3.63591891451478,9,20,0.5
"s3","s4",5.63407833366734,9,20,0.5
"s3","s4",3.11602674921597,9,20,0.5
"s3","s4",4.75481639125712,9,20,0.5
"s3","s4",3.38977437464997,9,20,0.5
"s3","s4",5.02676710466939,9,20,0.5
"s3","s4",3.54192471274219,9,20,0.5
"s3","s4",4.48835271916735,9,20,0.5
"s3","s4",4.30516618375269,9,20,0.5
"s3","s4",5.03981763030703,9,20,0.5
"s3","s4",4.1265410534246,9,20,0.5
"s3","s4",4.43796221361427,9,20,0.5
"s3","s4",4.64079942830399,9,20,0.5
"s3","s4",3.53820676545886,9,20,0.5
"s3","s4",5.63123872326337,9,20,0.5
"s3","s4",3.73356605927657,9,20,0.5
"s3","s4",5.58343239587286,9,20,0.5
"s3","s4",3.76051605693605,9,20,0.5
"s3","s4",5.07045802048231,9,20,0.5
"s3","s4",5.29483435222351,9,20,0.5
"s3","s4",5.42945030700757,9,20,0.5
"s3","s4",5.86266621382026,9,20,0.5
"s3","s4",4.95700878009731,9,20,0.5
"s3","s4",3.5658240813353,9,20,0.5
"s3","s4",4.69617427051144,9,20,0.5
"s3","s4",3.8833470291508,9,20,0.5
"s3","s4",3.26104797376441,9,20,0.5
"s3","s4",4.76469443905843,9,20,0.5
"s3","s4",4.83183353860382,9,20,0.5
"s3","s4",4.46146139964608,9,20,0.5
"s3","s4",3.44810076843744,9,20,0.5
"s3","s4",4.56156644836531,9,20,0.5
"s3","s4",5.02042149730509,9,20,0.5
"s3","s4",3.6549540730484,9,20,0.5
"s3","s4",3.79548680594412,9,20,0.5
"s3","s4",4.86385988318312,9,20,0.5
"s3","s4",4.98033911856462,9,20,0.5
"s3","s4",3.74693537086867,9,20,0.5
"s3","s4",4.18165199991219,9,20,0.5
"s3","s4",6.25685748642154,9,20,0.5
"s3","s4",4.65312253597019,9,20,0.5
"s3","s4",5.24005441125296,9,20,0.5
"s3","s4",4.76201996778713,9,20,0.5
"s3","s4",4.42080532438665,9,20,0.5
"s3","s4",5.09573590417144,9,20,0.5
"s3","s4",4.98033911856462,9,20,0.5
"s3","s4",4.14768767917587,9,20,0.5
"s3","s4",4.85957505405274,9,20,0.5
"s3","s4",4.52666000985324,9,20,0.5
"s3","s4",4.19817774077393,9,20,0.5
"s3","s4",3.4136649218202,9,20,0.5
"s3","s4",4.76920515679674,9,20,0.5
"s3","s4",5.12175735676517,9,20,0.5
"s3","s4",4.75114706307843,9,20,0.5
"s3","s4",3.93834929548511,9,20,0.5
"s3","s4",4.04532996234611,9,20,0.5
"s3","s4",4.66439509039174,9,20,0.5
"s3","s4",5.41649777069038,9,20,0.5
"s3","s4",4.42080532438665,9,20,0.5
"s3","s4",3.53713769952259,9,20,0.5
"s3","s4",3.97071200567895,9,20,0.5
"s3","s4",4.764151808039,9,20,0.5
"s3","s4",5.47810745887615,9,20,0.5
"s3","s4",4.14684854910048,9,20,0.5
"s3","s4",5.52015783892393,9,20,0.5
"s3","s4",4.13501710381422,9,20,0.5
"s3","s4",4.39421445711284,9,20,0.5
"s3","s4",4.18991487034306,9,20,0.5
"s3","s4",3.73089934246815,9,20,0.5
"s3","s4",5.11661595226696,9,20,0.5
"s3","s4",4.46036040688077,9,20,0.5
"s3","s4",4.76469443905843,9,20,0.5
"s3","s4",3.36471291496354,9,20,0.5
"s3","s4",3.84002915143931,9,20,0.5
"s3","s4",4.42913360662081,9,20,0.5
"s3","s4",5.04865240465775,9,20,0.5
"s3","s4",5.07901252832245,9,20,0.5
"s3","s4",5.083035318844,9,20,0.5
"s3","s4",3.05753175308519,9,20,0.5
"s3","s4",4.66536734960481,9,20,0.5
"s3","s4",4.55166478160954,9,20,0.5
"s3","s4",4.94388631900245,9,20,0.5
"s3","s4",4.96187297390501,9,20,0.5
"s3","s4",3.65706832102367,9,20,0.5
"s3","s4",3.73393726787627,9,20,0.5
"s3","s4",4.79914537911671,9,20,0.5
"s3","s4",4.07772916998744,9,20,0.5
"s3","s4",4.88331614549688,9,20,0.5
"s3","s4",4.30516618375269,9,20,0.5
"s3","s4",4.88049034652155,9,20,0.5
"s3","s4",5.3299823024519,9,20,0.5
"s3","s4",3.88150642169322,9,20,0.5
"s3","s4",2.52312883255076,9,20,0.5
"s3","s4",4.5223845488888,9,20,0.5
"s3","s4",3.25208539721264,9,20,0.5
"s3","s4",4.74102378219844,9,20,0.5
"s3","s4",4.29677733338258,9,20,0.5
"s3","s4",4.66439509039174,9,20,0.5
"s3","s4",3.96145283134287,9,20,0.5
"s3","s4",5.37318202595154,9,20,0.5
"s3","s4",4.84772914848301,9,20,0.5
"s3","s4",3.52506351500826,9,20,0.5
"s3","s4",5.53766632362417,9,20,0.5
"s3","s4",3.6373436210567,9,20,0.5
"s3","s4",3.36781494765231,9,20,0.5
"s3","s4",3.79918947823017,9,20,0.5
"s3","s4",5.04024782541786,9,20,0.5
"s3","s4",3.66936158630643,9,20,0.5
"s3","s4",4.78587329388543,9,20,0.5
"s3","s4",4.89731187054536,9,20,0.5
"s3","s4",4.90562710221457,9,20,0.5
"s3","s4",3.82621902093209,9,20,0.5
"s3","s4",5.81150928808065,9,20,0.5
"s3","s4",3.62784538431322,9,20,0.5
"s3","s4",3.14324255750553,9,20,0.5
"s3","s4",4.64079942830399,9,20,0.5
"s3","s4",3.53927583139514,9,20,0.5
"s3","s4",5.02042149730509,9,20,0.5
"s3","s4",4.88049034652155,9,20,0.5
"s3","s4",4.57167314588078,9,20,0.5
"s3","s4",3.7135174312717,9,20,0.5
"s3","s4",4.28281317491223,9,20,0.5
"s3","s4",4.78587329388543,9,20,0.5
"s3","s4",3.88360521269044,9,20,0.5
"s3","s4",4.90050516493107,9,20,0.5
"s3","s4",5.20123579702251,9,20,0.5
"s3","s4",4.16916476075622,9,20,0.5
"s3","s4",3.39753048381652,9,20,0.5
"s3","s4",3.83905249847954,9,20,0.5
"s3","s4",5.05595308362727,9,20,0.5
"s3","s4",4.31728695990894,9,20,0.5
"s3","s4",4.01003423770242,9,20,0.5
"s3","s4",4.82951811898083,9,20,0.5
"s3","s4",4.02955407947285,9,20,0.5
"s3","s4",5.07624878163098,9,20,0.5
"s3","s4",3.82886022770673,9,20,0.5
"s3","s4",5.07624878163098,9,20,0.5
"s3","s4",5.02995529753294,9,20,0.5
"s3","s4",4.06997585995079,9,20,0.5
"s3","s4",4.81870569614627,9,20,0.5
"s3","s4",4.65942277982857,9,20,0.5
"s3","s4",5.02494004895214,9,20,0.5
"s3","s4",3.48902803698898,9,20,0.5
"s3","s4",4.26916588266957,9,20,0.5
"s3","s4",4.74829641073391,9,20,0.5
"s3","s4",5.05619794346899,9,20,0.5
"s3","s4",4.64172226966595,9,20,0.5
"s3","s4",5.32344380838079,9,20,0.5
"s3","s4",3.81728503307113,9,20,0.5
"s3","s4",4.24366922863068,9,20,0.5
"s3","s4",2.98382586857357,9,20,0.5
"s3","s4",4.01954952541074,9,20,0.5
"s3","s4",4.23317809094988,9,20,0.5
"s3","s4",5.21674002690287,9,20,0.5
"s3","s4",3.63691459752539,9,20,0.5
"s3","s4",4.38121274617595,9,20,0.5
"s3","s4",3.68844157660285,9,20,0.5
"s3","s4",5.02149297467184,9,20,0.5
"s3","s4",3.71286915432087,9,20,0.5
"s3","s4",4.25019042053138,9,20,0.5
"s3","s4",4.29224307395452,9,20,0.5
"s3","s4",4.64024062670603,9,20,0.5
"s3","s4",5.05619794346899,9,20,0.5
"s3","s4",3.65191386085123,9,20,0.5
"s3","s4",4.83927885011818,9,20,0.5
"s3","s4",4.93269256548862,9,20,0.5
"s3","s4",3.33934204654433,9,20,0.5
"s3","s4",3.34456518528698,9,20,0.5
"s3","s4",5.2397672720928,9,20,0.5
"s3","s4",4.04783861535379,9,20,0.5
"s3","s4",4.79914537911671,9,20,0.5
"s3","s4",3.48430294868123,9,20,0.5
"s3","s4",5.55157680919528,9,20,0.5
"s3","s4",4.69264560515504,9,20,0.5
"s3","s4",4.38916084403772,9,20,0.5
"s3","s4",4.68504642351859,9,20,0.5
"s3","s4",3.54015351936256,9,20,0.5
"s3","s4",4.64050582818628,9,20,0.5
"s3","s4",4.06997585995079,9,20,0.5
"s3","s4",3.94467690071636,9,20,0.5
"s3","s4",3.20255701906217,9,20,0.5
"s3","s4",3.40531252239579,9,20,0.5
"s3","s4",4.30026868991247,9,20,0.5
"s3","s4",4.28960186220641,9,20,0.5
"s3","s4",4.30516618375269,9,20,0.5
"s3","s4",3.51934361475575,9,20,0.5
"s3","s4",4.40822178476016,9,20,0.5
"s3","s4",4.58779707214066,9,20,0.5
"s3","s4",4.54389908248779,9,20,0.5
"s3","s4",3.53126630528484,9,20,0.5
"s3","s4",3.94783594560815,9,20,0.5
"s3","s4",4.27931996415635,9,20,0.5
"s3","s4",4.19282582048021,9,20,0.5
"s3","s4",5.16225397047303,9,20,0.5
"s3","s4",4.37762843277896,9,20,0.5
"s3","s4",5.28426011552819,9,20,0.5
"s3","s4",4.38822246954043,9,20,0.5
"s3","s4",3.88918922346221,9,20,0.5
"s3","s4",3.93834929548511,9,20,0.5
"s3","s4",4.98033911856462,9,20,0.5
"s3","s4",3.85195426542063,9,20,0.5
"s3","s4",4.23876042357461,9,20,0.5
"s3","s4",5.71090063733146,9,20,0.5
"s3","s4",4.13250710005389,9,20,0.5
"s3","s4",3.05753175308519,9,20,0.5
"s3","s4",3.84002915143931,9,20,0.5
"s3","s4",3.54657234110921,9,20,0.5
"s3","s4",4.39162389446413,9,20,0.5
"s3","s4",5.24005441125296,9,20,0.5
"s3","s4",5.02314004165766,9,20,0.5
"s3","s4",4.97816881086194,9,20,0.5
"s3","s4",4.76201996778713,9,20,0.5
"s3","s4",4.70243863995857,9,20,0.5
"s3","s4",4.93076385790759,9,20,0.5
"s3","s4",4.78314926157084,9,20,0.5
"s3","s4",4.47315550432275,9,20,0.5
"s3","s4",7.43492704501572,9,20,0.5
"s3","s4",3.54657234110921,9,20,0.5
"s3","s4",3.5862131797006,9,20,0.5
"s3","s4",5.01489246767638,9,20,0.5
"s3","s4",4.32997781001491,9,20,0.5
"s3","s4",4.01943507641115,9,20,0.5
"s3","s4",3.8961189154795,9,20,0.5
"s3","s4",4.73043435478493,9,20,0.5
"s3","s4",3.16677059849657,9,20,0.5
"s3","s4",4.90050516493107,9,20,0.5
"s3","s4",4.14768767917587,9,20,0.5
"s3","s4",4.20657458916657,9,20,0.5
"s3","s4",6.31189091918677,9,20,0.5
"s3","s4",4.39426407697403,9,20,0.5
"s3","s4",4.05097237930589,9,20,0.5
"s3","s4",4.59141264608689,9,20,0.5
"s3","s4",4.14768767917587,9,20,0.5
"s3","s4",4.83000424858736,9,20,0.5
"s3","s4",3.69719595894514,9,20,0.5
"s3","s4",4.93076385790759,9,20,0.5
"s3","s4",4.27156568213677,9,20,0.5
"s3","s4",4.55346206751046,9,20,0.5
"s3","s4",4.32181703742007,9,20,0.5
"s3","s4",5.40705849466015,9,20,0.5
"s3","s4",4.72247620584598,9,20,0.5
"s3","s4",4.79652178704498,9,20,0.5
"s3","s4",5.93227147954722,9,20,0.5
"s3","s4",5.31825702709385,9,20,0.5
"s3","s4",4.48994784714667,9,20,0.5
"s3","s4",5.45372797282398,9,20,0.5
"s3","s4",4.69617427051144,9,20,0.5
"s3","s4",5.22491757898001,9,20,0.5
"s3","s4",4.34537838590365,9,20,0.5
"s3","s4",2.99859851308638,9,20,0.5
"s3","s4",4.25999081396349,9,20,0.5
"s3","s4",4.57852555861177,9,20,0.5
"s3","s4",4.30516618375269,9,20,0.5
"s3","s4",3.62784538431322,9,20,0.5
"s3","s4",4.8134585120028,9,20,0.5
"s3","s4",5.07624878163098,9,20,0.5
"s3","s4",4.90659145600508,9,20,0.5
"s3","s4",4.89897263814921,9,20,0.5
"s3","s4",3.00516240755297,9,20,0.5
"s3","s4",5.00769478618522,9,20,0.5
"s3","s4",4.71320752908944,9,20,0.5
"s3","s4",4.72909711914929,9,20,0.5
"s3","s4",3.82886022770673,9,20,0.5
"s3","s4",4.18165199991219,9,20,0.5
"s3","s4",4.32287143978733,9,20,0.5
"s3","s4",3.99783122646332,9,20,0.5
"s3","s4",4.13250710005389,9,20,0.5
"s3","s4",4.01356255089554,9,20,0.5
"s3","s4",3.82560922490299,9,20,0.5
"s3","s4",2.59374830436888,9,20,0.5
"s3","s4",5.22658360875347,9,20,0.5
"s3","s4",4.64079942830399,9,20,0.5
"s3","s4",4.00995259863737,9,20,0.5
"s3","s4",4.65942277982857,9,20,0.5
"s3","s4",4.60605971082057,9,20,0.5
"s3","s4",4.22509396057497,9,20,0.5
"s3","s4",5.33064239027103,9,20,0.5
"s3","s4",4.66481752122903,9,20,0.5
"s3","s4",2.79615302208598,9,20,0.5
"s3","s4",4.40856472389288,9,20,0.5
"s3","s4",4.68883561415406,9,20,0.5
"s3","s4",5.21674760886095,9,20,0.5
"s3","s4",4.85960543053867,9,20,0.5
"s3","s4",3.33353028244449,9,20,0.5
"s3","s4",4.05686093057842,9,20,0.5
"s3","s4",4.90050516493107,9,20,0.5
"s3","s4",5.51654705228955,9,20,0.5
"s3","s4",4.38173898655465,9,20,0.5
"s3","s4",3.43191065059003,9,20,0.5
"s3","s4",4.47315550432275,9,20,0.5
"s3","s4",5.17022902949859,9,20,0.5
"s3","s4",4.27858818206435,9,20,0.5
"s3","s4",5.02480563173276,9,20,0.5
"s3","s4",3.64598381073756,9,20,0.5
"s3","s4",3.76261255294049,9,20,0.5
"s3","s4",4.24340909183244,9,20,0.5
"s3","s4",5.50550276476829,9,20,0.5
"s3","s4",4.27931996415635,9,20,0.5
"s3","s4",5.07624878163098,9,20,0.5
"s3","s4",5.00936343804767,9,20,0.5
"s3","s4",2.88782262181177,9,20,0.5
"s3","s4",3.11679421962893,9,20,0.5
"s3","s4",4.99473737884452,9,20,0.5
"s3","s4",4.48355767620911,9,20,0.5
"s3","s4",4.03955863353495,9,20,0.5
"s3","s4",2.78696885588394,9,20,0.5
"s3","s4",4.55701867419112,9,20,0.5
"s3","s4",4.98033911856462,9,20,0.5
"s3","s4",4.67170674047897,9,20,0.5
"s3","s4",4.69617427051144,9,20,0.5
"s3","s4",3.14259052953749,9,20,0.5
"s3","s4",2.71134622602402,9,20,0.5
"s3","s4",3.48430294868123,9,20,0.5
"s3","s4",4.26205465435835,9,20,0.5
"s3","s4",4.55683066625451,9,20,0.5
"s3","s4",3.63955061259509,9,20,0.5
"s3","s4",5.24005441125296,9,20,0.5
"s3","s4",4.37924940709338,9,20,0.5
"s3","s4",4.63197198021575,9,20,0.5
"s3","s4",3.51014717113691,9,20,0.5
"s3","s4",4.47315550432275,9,20,0.5
"s3","s4",4.06997585995079,9,20,0.5
"s3","s4",6.02968872162206,9,20,0.5
"s3","s4",4.58779707214066,9,20,0.5
"s3","s4",3.54657234110921,9,20,0.5
"s3","s4",3.30149269405598,9,20,0.5
"s3","s4",5.33441866112067,9,20,0.5
"s3","s4",3.88360521269044,9,20,0.5
"s3","s4",6.16132992913564,9,20,0.5
"s3","s4",4.01232486206551,9,20,0.5
"s3","s4",4.64079942830399,9,20,0.5
"s3","s4",4.01954952541074,9,20,0.5
"s3","s4",3.16903886741409,9,20,0.5
"s3","s4",5.44092772087469,9,20,0.5
"s3","s4",5.02541954551945,9,20,0.5
"s3","s4",4.28969524347494,9,20,0.5
"s3","s4",5.40705849466015,9,20,0.5
"s3","s4",3.68633020200398,9,20,0.5
"s3","s4",4.14636418993412,9,20,0.5
"s3","s4",4.19521465731007,9,20,0.5
"s3","s4",4.69617427051144,9,20,0.5
"s3","s4",3.62784538431322,9,20,0.5
"s3","s4",4.69617427051144,9,20,0.5
"s3","s4",4.42186331328971,9,20,0.5
"s3","s4",3.75700920249978,9,20,0.5
"s3","s4",4.83145571911207,9,20,0.5
"s3","s4",3.87504830313453,9,20,0.5
"s3","s4",5.40824126259854,9,20,0.5
"s3","s4",3.45245273621544,9,20,0.5
"s3","s4",5.17735906800525,9,20,0.5
"s3","s4",5.31825702709385,9,20,0.5
"s3","s4",4.41159870842367,9,20,0.5
"s3","s4",3.98586461843352,9,20,0.5
"s3","s4",3.98018973818862,9,20,0.5
"s3","s4",4.02568905004781,9,20,0.5
"s3","s4",5.1752529636686,9,20,0.5
"s3","s4",2.72440223880485,9,20,0.5
"s3","s4",4.45004542848145,9,20,0.5
"s3","s4",5.23041662741752,9,20,0.5
"s3","s4",4.4529219199057,9,20,0.5
"s3","s4",4.4529219199057,9,20,0.5
"s3","s4",5.02967582344353,9,20,0.5
"s3","s4",6.00288934532599,9,20,0.5
"s3","s4",4.36909979738753,9,20,0.5
"s3","s4",4.91874956330943,9,20,0.5
"s3","s4",3.48902803698898,9,20,0.5
"s3","s4",3.48430294868123,9,20,0.5
"s3","s4",4.55021716128886,9,20,0.5
"s3","s4",4.57482811459556,9,20,0.5
"s3","s4",4.01232486206551,9,20,0.5
"s3","s4",5.36262750123339,9,20,0.5
"s3","s4",5.37575589084429,9,20,0.5
"s3","s4",3.42571432394301,9,20,0.5
"s3","s4",4.3175719968838,9,20,0.5
"s3","s4",4.12478610293165,9,20,0.5
"s3","s4",4.24366922863068,9,20,0.5
"s3","s4",5.50550276476829,9,20,0.5
"s3","s4",3.94722655743839,9,20,0.5
"s3","s4",3.08836617012523,9,20,0.5
"s3","s4",4.28143237304407,9,20,0.5
"s3","s4",5.14784521062795,9,20,0.5
"s3","s4",3.62784538431322,9,20,0.5
"s3","s4",5.14949508879675,9,20,0.5
"s3","s4",3.83492412831628,9,20,0.5
"s3","s4",4.37924940709338,9,20,0.5
"s3","s4",4.52666000985324,9,20,0.5
"s3","s4",3.73089934246815,9,20,0.5
"s3","s4",3.77644915288009,9,20,0.5
"s3","s4",4.63968182510808,9,20,0.5
"s3","s4",4.39162389446413,9,20,0.5
"s3","s4",3.75408285879358,9,20,0.5
"s3","s4",5.28676867632903,9,20,0.5
"s3","s4",5.16127751709175,9,20,0.5
"s3","s4",4.08000627062069,9,20,0.5
"s3","s4",5.1763503054866,9,20,0.5
"s3","s4",4.79286876327169,9,20,0.5
"s3","s4",3.23412936028831,9,20,0.5
"s3","s4",3.77058193962983,9,20,0.5
"s3","s4",3.73537690038058,9,20,0.5
"s3","s4",5.31825702709385,9,20,0.5
"s3","s4",4.35461360855414,9,20,0.5
"s3","s4",4.57161359345485,9,20,0.5
"s3","s4",4.20591353210512,9,20,0.5
"s3","s4",3.93834929548511,9,20,0.5
"s3","s4",3.32411330753128,9,20,0.5
"s3","s4",3.82886022770673,9,20,0.5
"s3","s4",4.13613771256332,9,20,0.5
"s3","s4",4.91878232266555,9,20,0.5
"s3","s4",4.37924940709338,9,20,0.5
"s3","s4",4.38648438218,9,20,0.5
"s3","s4",5.28676867632903,9,20,0.5
"s3","s4",4.36433299914206,9,20,0.5
"s3","s4",5.95874692852186,9,20,0.5
"s3","s4",4.26205465435835,9,20,0.5
"s3","s4",3.75959673310052,9,20,0.5
"s3","s4",4.21266061427144,9,20,0.5
"s3","s4",4.50480086378853,9,20,0.5
"s3","s4",3.91097725408777,9,20,0.5
"s3","s4",4.08869099676289,9,20,0.5
"s3","s4",4.38398906710275,9,20,0.5
"s3","s4",4.71454476472509,9,20,0.5
"s3","s4",4.0032904794922,9,20,0.5
"s3","s4",3.54192471274219,9,20,0.5
"s3","s4",4.60539840797875,9,20,0.5
"s3","s4",4.66536734960481,9,20,0.5
"s3","s4",6.07464211766204,9,20,0.5
"s3","s4",4.00703334746397,9,20,0.5
"s3","s4",3.9945171695172,9,20,0.5
"s3","s4",4.57167314588078,9,20,0.5
"s3","s4",5.51453454491826,9,20,0.5
"s3","s4",4.60238687091709,9,20,0.5
"s3","s4",4.8134585120028,9,20,0.5
"s3","s4",4.61233237985589,9,20,0.5
"s3","s4",4.29825309776481,9,20,0.5
"s3","s4",4.66481752122903,9,20,0.5
"s3","s4",3.79479995349804,9,20,0.5
"s3","s4",4.98033911856462,9,20,0.5
"s3","s4",4.4529219199057,9,20,0.5
"s3","s4",3.39753048381652,9,20,0.5
"s3","s4",4.47315550432275,9,20,0.5
"s3","s4",5.68553665793993,9,20,0.5
"s3","s4",3.93448723256051,9,20,0.5
"s3","s4",4.38398906710275,9,20,0.5
"s3","s4",4.93269256548862,9,20,0.5
"s3","s4",4.80892531798501,9,20,0.5
"s3","s4",4.50480086378853,9,20,0.5
"s3","s4",4.87569913081744,9,20,0.5
"s3","s4",3.84264233317689,9,20,0.5
"s3","s4",5.43890889169781,9,20,0.5
"s3","s4",3.37951835249883,9,20,0.5
"s3","s4",5.46079651978921,9,20,0.5
"s3","s4",4.64050582818628,9,20,0.5
"s3","s4",4.13961016751287,9,20,0.5
"s3","s4",4.43796221361427,9,20,0.5
"s3","s4",5.71184655991661,9,20,0.5
"s3","s4",3.64598381073756,9,20,0.5
"s3","s4",4.77958506208715,9,20,0.5
"s3","s4",3.67068614730363,9,20,0.5
"s3","s4",5.44047171991235,9,20,0.5
"s3","s4",3.97894941044793,9,20,0.5
"s3","s4",4.52358783133096,9,20,0.5
"s3","s4",4.34774821590833,9,20,0.5
"s3","s4",4.7903628319667,9,20,0.5
"s3","s4",2.97107800306479,9,20,0.5
"s3","s4",3.29200586398829,9,20,0.5
"s3","s4",4.99786507779553,9,20,0.5
"s3","s4",5.14784521062795,9,20,0.5
"s3","s4",4.45004542848145,9,20,0.5
"s3","s4",4.16337365657997,9,20,0.5
"s3","s4",4.9667371677127,9,20,0.5
"s3","s4",5.0869661183024,9,20,0.5
"s3","s4",5.22658360875347,9,20,0.5
"s3","s4",4.16534242041391,9,20,0.5
"s3","s4",5.30191865913015,9,20,0.5
"s3","s4",3.28657300436442,9,20,0.5
"s3","s4",2.89512741609786,9,20,0.5
"s3","s4",4.26205465435835,9,20,0.5
"s3","s4",3.31357004905667,9,20,0.5
"s3","s4",5.47762465357796,9,20,0.5
"s3","s4",4.11164044668615,9,20,0.5
"s3","s4",3.09326425819653,9,20,0.5
"s3","s4",4.63968182510808,9,20,0.5
"s3","s4",6.45595478909931,9,20,0.5
"s3","s4",4.64050582818628,9,20,0.5
"s3","s4",3.81691535285333,9,20,0.5
"s3","s4",4.65259725934787,9,20,0.5
"s3","s4",4.0069367787974,9,20,0.5
"s3","s4",5.02850701407247,9,20,0.5
"s3","s4",3.67299328438675,9,20,0.5
"s3","s4",4.28882871377176,9,20,0.5
"s3","s4",3.14324255750553,9,20,0.5
"s3","s4",4.18165199991219,9,20,0.5
"s3","s4",3.92268812718738,9,20,0.5
"s3","s4",3.73537690038058,9,20,0.5
"s3","s4",5.28426011552819,9,20,0.5
"s3","s4",5.59817100985897,9,20,0.5
"s3","s4",3.28890971843869,9,20,0.5
"s3","s4",4.89481724400529,9,20,0.5
"s3","s4",4.40822178476016,9,20,0.5
"s3","s4",3.02155844328009,9,20,0.5
"s3","s4",5.59240587719391,9,20,0.5
"s3","s4",5.07684625572892,9,20,0.5
"s3","s4",4.1338351842066,9,20,0.5
"s3","s4",2.88782262181177,9,20,0.5
"s3","s4",4.54852869945711,9,20,0.5
"s3","s4",4.9667371677127,9,20,0.5
"s3","s4",4.45844557980611,9,20,0.5
"s3","s4",5.07624878163098,9,20,0.5
"s3","s4",4.22185332713527,9,20,0.5
"s3","s4",4.90050516493107,9,20,0.5
"s3","s4",3.93834929548511,9,20,0.5
"s3","s4",4.49469373754075,9,20,0.5
"s3","s4",5.19394981094046,9,20,0.5
"s3","s4",3.73531678295125,9,20,0.5
"s3","s4",5.49156370917312,9,20,0.5
"s3","s4",4.74575232167797,9,20,0.5
"s3","s4",4.42913360662081,9,20,0.5
"s3","s4",4.699306455235,9,20,0.5
"s3","s4",3.93834929548511,9,20,0.5
"s3","s4",4.28678100953613,9,20,0.5
"s3","s4",3.07682217887239,9,20,0.5
"s3","s4",4.96036908596971,9,20,0.5
"s3","s4",4.10124148000234,9,20,0.5
"s3","s4",4.99464114756991,9,20,0.5
"s3","s4",4.5411844766852,9,20,0.5
"s3","s4",4.42080532438665,9,20,0.5
"s3","s4",4.6051647953052,9,20,0.5
"s3","s4",5.02676710466939,9,20,0.5
"s3","s4",3.02155844328009,9,20,0.5
"s3","s4",4.53923402090027,9,20,0.5
"s3","s4",4.66848684940772,9,20,0.5
"s3","s4",4.71004544513671,9,20,0.5
"s3","s4",4.07833506262671,9,20,0.5
"s3","s4",4.35437801885982,9,20,0.5
"s3","s4",5.41649777069038,9,20,0.5
"s3","s4",4.1486638553552,9,20,0.5
"s3","s4",4.81870569614627,9,20,0.5
"s3","s4",4.61267939880201,9,20,0.5
"s3","s4",4.91403456709697,9,20,0.5
"s3","s4",4.29698424984998,9,20,0.5
"s3","s4",3.5442485269257,9,20,0.5
"s3","s4",4.27258953262491,9,20,0.5
"s3","s4",5.28426011552819,9,20,0.5
"s3","s4",3.19853720862058,9,20,0.5
"s3","s4",5.46593149052214,9,20,0.5
"s3","s4",5.24005441125296,9,20,0.5
"s3","s4",4.64079942830399,9,20,0.5
"s3","s4",4.30516618375269,9,20,0.5
"s3","s4",4.5809955592384,9,20,0.5
"s3","s4",5.75277062622994,9,20,0.5
"s3","s4",5.36262750123339,9,20,0.5
"s3","s4",4.19817774077393,9,20,0.5
"s3","s4",6.12792046646459,9,20,0.5
"s3","s4",6.07447265110123,9,20,0.5
"s3","s4",4.00950238032121,9,20,0.5
"s3","s4",4.91878232266555,9,20,0.5
"s3","s4",5.35982220350123,9,20,0.5
"s3","s4",3.76261255294049,9,20,0.5
"s3","s4",3.95610381939168,9,20,0.5
"s3","s4",4.76469443905843,9,20,0.5
"s3","s4",4.93269256548862,9,20,0.5
"s3","s4",3.15633709137982,9,20,0.5
"s3","s4",3.61217240997011,9,20,0.5
"s3","s4",5.51749785507642,9,20,0.5
"s3","s4",4.42080532438665,9,20,0.5
"s3","s4",3.52985077153019,9,20,0.5
"s3","s4",4.39421445711284,9,20,0.5
"s3","s4",4.71277755949676,9,20,0.5
"s3","s4",4.08784817304914,9,20,0.5
"s3","s4",5.50550276476829,9,20,0.5
"s3","s4",5.18229640974445,9,20,0.5
"s3","s4",3.71888397219782,9,20,0.5
"s3","s4",4.69617427051144,9,20,0.5
"s3","s4",4.93076385790759,9,20,0.5
"s3","s4",4.63968182510808,9,20,0.5
"s3","s4",5.28676867632903,9,20,0.5
"s3","s4",3.88360521269044,9,20,0.5
"s3","s4",4.40856472389288,9,20,0.5
"s3","s4",2.77933750572494,9,20,0.5
"s3","s4",4.89897263814921,9,20,0.5
"s3","s4",3.93834929548511,9,20,0.5
"s3","s4",3.87764664881093,9,20,0.5
"s3","s4",4.06997585995079,9,20,0.5
"s3","s4",4.2220072323839,9,20,0.5
"s3","s4",5.93287205622931,9,20,0.5
"s3","s4",4.72698217009454,9,20,0.5
"s3","s4",3.45750424904155,9,20,0.5
"s3","s4",3.62130572231981,9,20,0.5
"s3","s4",3.83422945880046,9,20,0.5
"s3","s4",3.11337475267918,9,20,0.5
"s3","s4",2.95038301551541,9,20,0.5
"s3","s4",4.66536734960481,9,20,0.5
"s3","s4",4.09327783392422,9,20,0.5
"s3","s4",5.14812617736098,9,20,0.5
"s3","s4",4.13613771256332,9,20,0.5
"s3","s4",4.17591261987626,9,20,0.5
"s3","s4",4.40138959050286,9,20,0.5
"s3","s4",3.5658240813353,9,20,0.5
"s3","s4",5.54014472836092,9,20,0.5
"s3","s4",4.26205465435835,9,20,0.5
"s3","s4",3.63241133889225,9,20,0.5
"s3","s4",3.63795933718944,9,20,0.5
"s3","s4",5.07624878163098,9,20,0.5
"s3","s4",3.57875974166677,9,20,0.5
"s3","s4",5.16351026477768,9,20,0.5
"s3","s4",3.91918130401397,9,20,0.5
"s3","s4",3.58963416689944,9,20,0.5
"s3","s4",5.38373655066968,9,20,0.5
"s3","s4",4.60921344904764,9,20,0.5
"s3","s4",4.39693196767851,9,20,0.5
"s3","s4",3.22002255374958,9,20,0.5
"s3","s4",4.29471455721145,9,20,0.5
"s3","s4",5.46593149052214,9,20,0.5
"s3","s4",3.02105637637577,9,20,0.5
"s3","s4",4.8564309381536,9,20,0.5
"s3","s4",5.78406470249307,9,20,0.5
"s3","s4",4.18165199991219,9,20,0.5
"s3","s4",2.88782262181177,9,20,0.5
"s3","s4",4.69617427051144,9,20,0.5
"s3","s4",3.49486810194189,9,20,0.5
"s3","s4",5.07335340105664,9,20,0.5
"s3","s4",5.44967281601509,9,20,0.5
"s3","s4",4.18165199991219,9,20,0.5
"s3","s4",5.02431341567213,9,20,0.5
"s3","s4",5.3456897839357,9,20,0.5
"s3","s4",5.16350825087344,9,20,0.5
"s3","s4",3.16903886741409,9,20,0.5
"s3","s4",4.89689881528371,9,20,0.5
"s3","s4",5.15815159644197,9,20,0.5
"s3","s4",4.43502214411489,9,20,0.5
"s3","s4",3.53527106833999,9,20,0.5
"s3","s4",4.89598763266003,9,20,0.5
"s3","s4",4.34847790473788,9,20,0.5
"s3","s4",4.57161359345485,9,20,0.5
"s3","s4",5.5228237465646,9,20,0.5
"s3","s4",4.93076385790759,9,20,0.5
"s3","s4",4.07110242434653,9,20,0.5
"s3","s4",5.17122082854416,9,20,0.5
"s3","s4",4.17521843103729,9,20,0.5
"s3","s4",4.27931996415635,9,20,0.5
"s3","s4",3.85935818616609,9,20,0.5
"s3","s4",4.5869494141106,9,20,0.5
"s3","s4",4.14768767917587,9,20,0.5
"s3","s4",4.32420764488147,9,20,0.5
"s3","s4",4.57167314588078,9,20,0.5
"s3","s4",3.36970178520783,9,20,0.5
"s3","s4",2.92597923519366,9,20,0.5
"s3","s4",5.02725053591624,9,20,0.5
"s3","s4",4.93076385790759,9,20,0.5
"s3","s4",4.21266061427144,9,20,0.5
"s3","s4",4.66815401625664,9,20,0.5
"s3","s4",4.39880076411358,9,20,0.5
"s3","s4",4.99464114756991,9,20,0.5
"s3","s4",5.28426011552819,9,20,0.5
"s3","s4",4.9806891576413,9,20,0.5
"s3","s4",5.14139077611123,9,20,0.5
"s3","s4",3.20478377701509,9,20,0.5
"s3","s4",4.56156644836531,9,20,0.5
"s3","s4",4.77470214297687,9,20,0.5
"s3","s4",3.87504830313453,9,20,0.5
"s3","s4",2.81571260078573,9,20,0.5
"s3","s4",5.0351015614754,9,20,0.5
"s3","s4",3.60996368972856,9,20,0.5
"s3","s4",5.01494203841714,9,20,0.5
"s3","s4",4.00950238032121,9,20,0.5
"s3","s4",4.32997781001491,9,20,0.5
"s3","s4",4.3247669706169,9,20,0.5
"s3","s4",4.78587329388543,9,20,0.5
"s3","s4",5.58343239587286,9,20,0.5
"s3","s4",3.73537690038058,9,20,0.5
"s3","s4",5.06782226200849,9,20,0.5
"s3","s4",5.02494004895214,9,20,0.5
"s3","s4",3.54292408625217,9,20,0.5
"s3","s4",3.95610381939168,9,20,0.5
"s3","s4",5.01970893853107,9,20,0.5
"s3","s4",4.33169016989121,9,20,0.5
"s3","s4",3.66081745259413,9,20,0.5
"s3","s4",5.63107659636656,9,20,0.5
"s3","s4",4.59274988172254,9,20,0.5
"s3","s4",3.41696607222346,9,20,0.5
"s3","s4",4.9667371677127,9,20,0.5
"s3","s4",4.42080532438665,9,20,0.5
"s3","s4",4.29022148385364,9,20,0.5
"s3","s4",5.33525261349935,9,20,0.5
"s3","s4",4.13250710005389,9,20,0.5
"s3","s4",5.1856131169153,9,20,0.5
"s3","s4",3.34938709824968,9,20,0.5
"s3","s4",4.13250710005389,9,20,0.5
"s3","s4",5.15757357073949,9,20,0.5
"s3","s4",5.03830972038704,9,20,0.5
"s3","s4",4.79914537911671,9,20,0.5
"s3","s4",5.44640922069495,9,20,0.5
"s3","s4",4.99464114756991,9,20,0.5
"s3","s4",4.9667371677127,9,20,0.5
"s3","s4",3.5685109387512,9,20,0.5
"s3","s4",3.31357004905666,9,20,0.5
"s3","s5",4.63823415556429,9,20,0.5
"s3","s5",4.32150715888926,9,20,0.5
"s3","s5",3.73374498407657,9,20,0.5
"s3","s5",4.342497170377,9,20,0.5
"s3","s5",4.15584294345716,9,20,0.5
"s3","s5",4.0304263292901,9,20,0.5
"s3","s5",4.37022958424165,9,20,0.5
"s3","s5",3.99351517052029,9,20,0.5
"s3","s5",4.19099801198665,9,20,0.5
"s3","s5",5.58481571342735,9,20,0.5
"s3","s5",4.59765940532448,9,20,0.5
"s3","s5",3.58696810438084,9,20,0.5
"s3","s5",4.59765940532448,9,20,0.5
"s3","s5",4.84196503156111,9,20,0.5
"s3","s5",5.62921489959886,9,20,0.5
"s3","s5",4.70685612604336,9,20,0.5
"s3","s5",5.18267439899681,9,20,0.5
"s3","s5",4.7692167816214,9,20,0.5
"s3","s5",3.44512850920966,9,20,0.5
"s3","s5",4.36737071099901,9,20,0.5
"s3","s5",3.74484738457352,9,20,0.5
"s3","s5",3.77049712256624,9,20,0.5
"s3","s5",3.44334577340675,9,20,0.5
"s3","s5",4.34125794780326,9,20,0.5
"s3","s5",4.70685612604336,9,20,0.5
"s3","s5",5.6065412207863,9,20,0.5
"s3","s5",4.52629266681099,9,20,0.5
"s3","s5",4.32150715888926,9,20,0.5
"s3","s5",4.63396110984579,9,20,0.5
"s3","s5",5.6141220014986,9,20,0.5
"s3","s5",5.28900913652883,9,20,0.5
"s3","s5",4.58998733984054,9,20,0.5
"s3","s5",2.47789022238697,9,20,0.5
"s3","s5",4.24180157400037,9,20,0.5
"s3","s5",4.66357196660962,9,20,0.5
"s3","s5",5.51413845712533,9,20,0.5
"s3","s5",4.73634840680058,9,20,0.5
"s3","s5",4.732407908177,9,20,0.5
"s3","s5",5.28900913652883,9,20,0.5
"s3","s5",5.54270583164981,9,20,0.5
"s3","s5",3.93909292740743,9,20,0.5
"s3","s5",3.65239308225644,9,20,0.5
"s3","s5",3.62883792134957,9,20,0.5
"s3","s5",4.88865355030571,9,20,0.5
"s3","s5",5.06481827261255,9,20,0.5
"s3","s5",4.65319456686768,9,20,0.5
"s3","s5",4.91080577809069,9,20,0.5
"s3","s5",3.77601065217812,9,20,0.5
"s3","s5",4.6258045208933,9,20,0.5
"s3","s5",4.84317163754705,9,20,0.5
"s3","s5",4.71999381588423,9,20,0.5
"s3","s5",4.56432549836404,9,20,0.5
"s3","s5",3.91600923551371,9,20,0.5
"s3","s5",4.0608065108199,9,20,0.5
"s3","s5",4.68712440808167,9,20,0.5
"s3","s5",4.11048888525888,9,20,0.5
"s3","s5",4.97843991863432,9,20,0.5
"s3","s5",5.33073468305229,9,20,0.5
"s3","s5",4.34238571932223,9,20,0.5
"s3","s5",4.98911945002657,9,20,0.5
"s3","s5",5.03758504652206,9,20,0.5
"s3","s5",4.63966339978465,9,20,0.5
"s3","s5",3.81305794819641,9,20,0.5
"s3","s5",5.09018269252975,9,20,0.5
"s3","s5",4.29208296302062,9,20,0.5
"s3","s5",4.27710002443653,9,20,0.5
"s3","s5",5.35295416281343,9,20,0.5
"s3","s5",4.69556002983857,9,20,0.5
"s3","s5",5.57239029042227,9,20,0.5
"s3","s5",4.52940740474238,9,20,0.5
"s3","s5",3.35483074087254,9,20,0.5
"s3","s5",5.03242655642288,9,20,0.5
"s3","s5",3.69336123741165,9,20,0.5
"s3","s5",4.53783017406054,9,20,0.5
"s3","s5",5.20609679134435,9,20,0.5
"s3","s5",4.92060193516927,9,20,0.5
"s3","s5",5.30170099969654,9,20,0.5
"s3","s5",5.24173526762134,9,20,0.5
"s3","s5",5.06787728613283,9,20,0.5
"s3","s5",4.4012020430768,9,20,0.5
"s3","s5",4.66914747885489,9,20,0.5
"s3","s5",4.43303591344003,9,20,0.5
"s3","s5",4.50594157523095,9,20,0.5
"s3","s5",4.12490405575061,9,20,0.5
"s3","s5",4.19099801198665,9,20,0.5
"s3","s5",4.80175347620417,9,20,0.5
"s3","s5",4.9027656029419,9,20,0.5
"s3","s5",3.75129763773591,9,20,0.5
"s3","s5",3.72070392584916,9,20,0.5
"s3","s5",4.76531553878385,9,20,0.5
"s3","s5",5.47553339664311,9,20,0.5
"s3","s5",3.46085152466738,9,20,0.5
"s3","s5",5.30170099969654,9,20,0.5
"s3","s5",5.3247250323053,9,20,0.5
"s3","s5",4.93704712648987,9,20,0.5
"s3","s5",4.24180157400037,9,20,0.5
"s3","s5",4.5340493259632,9,20,0.5
"s3","s5",4.36737071099901,9,20,0.5
"s3","s5",3.72622874123762,9,20,0.5
"s3","s5",3.97670032399852,9,20,0.5
"s3","s5",3.87547604421801,9,20,0.5
"s3","s5",4.22362474030475,9,20,0.5
"s3","s5",3.21709057237593,9,20,0.5
"s3","s5",4.46806347391787,9,20,0.5
"s3","s5",4.71072124304248,9,20,0.5
"s3","s5",4.18219856989198,9,20,0.5
"s3","s5",4.39651310678177,9,20,0.5
"s3","s5",5.03758504652206,9,20,0.5
"s3","s5",3.77679114239592,9,20,0.5
"s3","s5",3.51751615634068,9,20,0.5
"s3","s5",4.4669093670136,9,20,0.5
"s3","s5",4.34333734886954,9,20,0.5
"s3","s5",4.99766969151958,9,20,0.5
"s3","s5",4.21449597402049,9,20,0.5
"s3","s5",3.46925066817597,9,20,0.5
"s3","s5",4.32150715888926,9,20,0.5
"s3","s5",3.99238190017426,9,20,0.5
"s3","s5",5.02516672313273,9,20,0.5
"s3","s5",4.32078288893408,9,20,0.5
"s3","s5",4.56943959237949,9,20,0.5
"s3","s5",3.73816390421108,9,20,0.5
"s3","s5",3.77315280589365,9,20,0.5
"s3","s5",5.26290564014892,9,20,0.5
"s3","s5",5.27037889256,9,20,0.5
"s3","s5",4.84317163754705,9,20,0.5
"s3","s5",3.73374498407657,9,20,0.5
"s3","s5",4.57537023392632,9,20,0.5
"s3","s5",3.24555727722586,9,20,0.5
"s3","s5",5.38298810790397,9,20,0.5
"s3","s5",4.54792771388529,9,20,0.5
"s3","s5",4.43009920303664,9,20,0.5
"s3","s5",5.595491409712,9,20,0.5
"s3","s5",4.82525241079044,9,20,0.5
"s3","s5",4.29582093941966,9,20,0.5
"s3","s5",4.73993435056927,9,20,0.5
"s3","s5",3.88169569709297,9,20,0.5
"s3","s5",4.50064502919468,9,20,0.5
"s3","s5",4.2296252501715,9,20,0.5
"s3","s5",5.39659868105905,9,20,0.5
"s3","s5",5.29213839942199,9,20,0.5
"s3","s5",4.92060193516927,9,20,0.5
"s3","s5",4.5664480230282,9,20,0.5
"s3","s5",5.40248392169308,9,20,0.5
"s3","s5",4.92060193516927,9,20,0.5
"s3","s5",5.01274839974341,9,20,0.5
"s3","s5",4.5664480230282,9,20,0.5
"s3","s5",4.64268224756477,9,20,0.5
"s3","s5",4.3918763697081,9,20,0.5
"s3","s5",4.71690467753946,9,20,0.5
"s3","s5",4.38560448937137,9,20,0.5
"s3","s5",4.67536633654561,9,20,0.5
"s3","s5",4.30412558862064,9,20,0.5
"s3","s5",3.72070392584916,9,20,0.5
"s3","s5",4.2296252501715,9,20,0.5
"s3","s5",4.31930398674007,9,20,0.5
"s3","s5",4.56555475923068,9,20,0.5
"s3","s5",5.83781582562088,9,20,0.5
"s3","s5",3.71532176417283,9,20,0.5
"s3","s5",4.36737071099901,9,20,0.5
"s3","s5",4.36302675043265,9,20,0.5
"s3","s5",4.1077644141979,9,20,0.5
"s3","s5",4.18980312042468,9,20,0.5
"s3","s5",4.84898151118319,9,20,0.5
"s3","s5",3.80550270349833,9,20,0.5
"s3","s5",3.99238190017426,9,20,0.5
"s3","s5",4.63823415556429,9,20,0.5
"s3","s5",3.76729042021994,9,20,0.5
"s3","s5",4.38777335726515,9,20,0.5
"s3","s5",4.81275525151197,9,20,0.5
"s3","s5",3.88091249550971,9,20,0.5
"s3","s5",4.03402739234691,9,20,0.5
"s3","s5",4.91080577809069,9,20,0.5
"s3","s5",4.51263154872264,9,20,0.5
"s3","s5",4.80120755134444,9,20,0.5
"s3","s5",5.39437078135421,9,20,0.5
"s3","s5",4.27710002443653,9,20,0.5
"s3","s5",5.12702094503153,9,20,0.5
"s3","s5",5.09572096562906,9,20,0.5
"s3","s5",4.3272095693799,9,20,0.5
"s3","s5",4.63823415556429,9,20,0.5
"s3","s5",5.20947643367417,9,20,0.5
"s3","s5",4.76531553878385,9,20,0.5
"s3","s5",5.41242376616843,9,20,0.5
"s3","s5",4.94839030271699,9,20,0.5
"s3","s5",4.71981886764245,9,20,0.5
"s3","s5",4.38777335726515,9,20,0.5
"s3","s5",5.65753113604337,9,20,0.5
"s3","s5",4.31930398674007,9,20,0.5
"s3","s5",4.37524108014353,9,20,0.5
"s3","s5",3.73626977270751,9,20,0.5
"s3","s5",3.9473654903324,9,20,0.5
"s3","s5",5.3319064438172,9,20,0.5
"s3","s5",4.2698909033581,9,20,0.5
"s3","s5",3.85916093479947,9,20,0.5
"s3","s5",4.37022958424165,9,20,0.5
"s3","s5",4.72779950911461,9,20,0.5
"s3","s5",4.59765940532448,9,20,0.5
"s3","s5",4.20414268961406,9,20,0.5
"s3","s5",4.73151459282232,9,20,0.5
"s3","s5",5.23918847612577,9,20,0.5
"s3","s5",5.3962884494191,9,20,0.5
"s3","s5",4.2869803405916,9,20,0.5
"s3","s5",4.49083074673653,9,20,0.5
"s3","s5",3.64181970147457,9,20,0.5
"s3","s5",4.63823415556429,9,20,0.5
"s3","s5",3.46918109957716,9,20,0.5
"s3","s5",4.92060193516927,9,20,0.5
"s3","s5",4.66359011580959,9,20,0.5
"s3","s5",4.49083074673653,9,20,0.5
"s3","s5",5.595491409712,9,20,0.5
"s3","s5",3.46925066817597,9,20,0.5
"s3","s5",4.81736486266492,9,20,0.5
"s3","s5",4.38982486348663,9,20,0.5
"s3","s5",4.25776688127223,9,20,0.5
"s3","s5",5.2630737615117,9,20,0.5
"s3","s5",3.74622448637407,9,20,0.5
"s3","s5",4.70352774403446,9,20,0.5
"s3","s5",5.84721894285287,9,20,0.5
"s3","s5",4.31930398674007,9,20,0.5
"s3","s5",4.69772870809099,9,20,0.5
"s3","s5",5.01053519887235,9,20,0.5
"s3","s5",4.0181069430047,9,20,0.5
"s3","s5",4.68712440808167,9,20,0.5
"s3","s5",4.71072124304248,9,20,0.5
"s3","s5",3.36155191687715,9,20,0.5
"s3","s5",4.64922152002609,9,20,0.5
"s3","s5",4.53854549616553,9,20,0.5
"s3","s5",3.72622874123762,9,20,0.5
"s3","s5",4.22047781997613,9,20,0.5
"s3","s5",5.29535506811269,9,20,0.5
"s3","s5",3.83570928922105,9,20,0.5
"s3","s5",4.19150630640437,9,20,0.5
"s3","s5",4.53869124718402,9,20,0.5
"s3","s5",3.70798312359694,9,20,0.5
"s3","s5",4.06847075840594,9,20,0.5
"s3","s5",4.5300088834947,9,20,0.5
"s3","s5",4.18421980161965,9,20,0.5
"s3","s5",4.48750545763482,9,20,0.5
"s3","s5",4.56060251215324,9,20,0.5
"s3","s5",3.79446045538315,9,20,0.5
"s3","s5",4.9928377793358,9,20,0.5
"s3","s5",4.06847075840594,9,20,0.5
"s3","s5",4.87889701025404,9,20,0.5
"s3","s5",4.66360826500955,9,20,0.5
"s3","s5",5.25632121836923,9,20,0.5
"s3","s5",4.69892282556208,9,20,0.5
"s3","s5",3.73374498407657,9,20,0.5
"s3","s5",4.62968806412728,9,20,0.5
"s3","s5",4.06847075840594,9,20,0.5
"s3","s5",4.66357196660962,9,20,0.5
"s3","s5",4.46446299104102,9,20,0.5
"s3","s5",4.36631616036845,9,20,0.5
"s3","s5",2.52017393332138,9,20,0.5
"s3","s5",2.72477955085944,9,20,0.5
"s3","s5",4.35320911205545,9,20,0.5
"s3","s5",4.39743570065173,9,20,0.5
"s3","s5",4.27846662996095,9,20,0.5
"s3","s5",5.24238091875765,9,20,0.5
"s3","s5",3.70295978032911,9,20,0.5
"s3","s5",4.70685612604336,9,20,0.5
"s3","s5",4.52522990423387,9,20,0.5
"s3","s5",5.33575982945898,9,20,0.5
"s3","s5",4.52105240372536,9,20,0.5
"s3","s5",4.73151459282232,9,20,0.5
"s3","s5",4.19220987850239,9,20,0.5
"s3","s5",4.3272095693799,9,20,0.5
"s3","s5",3.47447557952724,9,20,0.5
"s3","s5",4.62774629251029,9,20,0.5
"s3","s5",3.58696810438084,9,20,0.5
"s3","s5",4.94839030271699,9,20,0.5
"s3","s5",4.38731019423372,9,20,0.5
"s3","s5",4.53783017406054,9,20,0.5
"s3","s5",4.84259120670799,9,20,0.5
"s3","s5",4.44420919322991,9,20,0.5
"s3","s5",3.10342616378093,9,20,0.5
"s3","s5",4.4375733435649,9,20,0.5
"s3","s5",3.77679114239592,9,20,0.5
"s3","s5",4.71072124304248,9,20,0.5
"s3","s5",5.03242655642288,9,20,0.5
"s3","s5",4.86050654699892,9,20,0.5
"s3","s5",4.52105240372536,9,20,0.5
"s3","s5",4.50064502919468,9,20,0.5
"s3","s5",3.0239393059608,9,20,0.5
"s3","s5",5.00450694002137,9,20,0.5
"s3","s5",4.29421685631919,9,20,0.5
"s3","s5",5.25949048886805,9,20,0.5
"s3","s5",4.16582300717548,9,20,0.5
"s3","s5",4.75449966583754,9,20,0.5
"s3","s5",3.80416184320335,9,20,0.5
"s3","s5",4.11511744367095,9,20,0.5
"s3","s5",4.2350836140681,9,20,0.5
"s3","s5",5.28900913652883,9,20,0.5
"s3","s5",4.84317163754705,9,20,0.5
"s3","s5",3.71221469095571,9,20,0.5
"s3","s5",5.77887320639363,9,20,0.5
"s3","s5",4.8040639913808,9,20,0.5
"s3","s5",4.31080387800375,9,20,0.5
"s3","s5",5.16867900093469,9,20,0.5
"s3","s5",3.46172008164906,9,20,0.5
"s3","s5",3.79818165439666,9,20,0.5
"s3","s5",5.16380679813336,9,20,0.5
"s3","s5",4.19099801198665,9,20,0.5
"s3","s5",4.46806347391787,9,20,0.5
"s3","s5",5.6158565166796,9,20,0.5
"s3","s5",3.80971509640892,9,20,0.5
"s3","s5",4.49083074673653,9,20,0.5
"s3","s5",4.03086818947242,9,20,0.5
"s3","s5",4.25695427613614,9,20,0.5
"s3","s5",4.91832290191584,9,20,0.5
"s3","s5",4.57935842128524,9,20,0.5
"s3","s5",4.74668494699725,9,20,0.5
"s3","s5",4.71945869362961,9,20,0.5
"s3","s5",3.47992906805963,9,20,0.5
"s3","s5",3.64343434067235,9,20,0.5
"s3","s5",4.37524108014353,9,20,0.5
"s3","s5",4.59115597215396,9,20,0.5
"s3","s5",4.43293142234408,9,20,0.5
"s3","s5",4.16394193702865,9,20,0.5
"s3","s5",5.15587236431946,9,20,0.5
"s3","s5",5.20196891619401,9,20,0.5
"s3","s5",5.12893049154092,9,20,0.5
"s3","s5",4.58382078015334,9,20,0.5
"s3","s5",3.46085152466738,9,20,0.5
"s3","s5",3.86861621209892,9,20,0.5
"s3","s5",5.86198443619949,9,20,0.5
"s3","s5",4.67560865679511,9,20,0.5
"s3","s5",4.48901642393731,9,20,0.5
"s3","s5",4.9277491156568,9,20,0.5
"s3","s5",4.78326154506414,9,20,0.5
"s3","s5",4.13477188961245,9,20,0.5
"s3","s5",4.34586837156546,9,20,0.5
"s3","s5",4.63298028398926,9,20,0.5
"s3","s5",3.61504865855662,9,20,0.5
"s3","s5",4.54964687966863,9,20,0.5
"s3","s5",5.58481571342735,9,20,0.5
"s3","s5",3.66528299608684,9,20,0.5
"s3","s5",4.36737071099901,9,20,0.5
"s3","s5",5.53065857934594,9,20,0.5
"s3","s5",4.82246255687561,9,20,0.5
"s3","s5",5.51901284951127,9,20,0.5
"s3","s5",4.29307242405292,9,20,0.5
"s3","s5",3.24237028751975,9,20,0.5
"s3","s5",4.7666155433748,9,20,0.5
"s3","s5",5.67816303081975,9,20,0.5
"s3","s5",4.30852831508289,9,20,0.5
"s3","s5",4.78782195803577,9,20,0.5
"s3","s5",4.36737071099901,9,20,0.5
"s3","s5",5.37779080959208,9,20,0.5
"s3","s5",4.74063555238529,9,20,0.5
"s3","s5",3.61336111316751,9,20,0.5
"s3","s5",4.90821310096731,9,20,0.5
"s3","s5",3.70558849234636,9,20,0.5
"s3","s5",4.19936669786949,9,20,0.5
"s3","s5",3.74981696718917,9,20,0.5
"s3","s5",4.80463473532216,9,20,0.5
"s3","s5",5.88766812222138,9,20,0.5
"s3","s5",4.33448819707232,9,20,0.5
"s3","s5",3.93180990121512,9,20,0.5
"s3","s5",4.70685612604336,9,20,0.5
"s3","s5",5.01274839974341,9,20,0.5
"s3","s5",4.68521462262297,9,20,0.5
"s3","s5",4.67290531481666,9,20,0.5
"s3","s5",4.6258045208933,9,20,0.5
"s3","s5",4.36737071099901,9,20,0.5
"s3","s5",4.37022958424165,9,20,0.5
"s3","s5",5.15067223276521,9,20,0.5
"s3","s5",4.15250701211182,9,20,0.5
"s3","s5",3.67751025102155,9,20,0.5
"s3","s5",3.07641877128872,9,20,0.5
"s3","s5",4.55140745578676,9,20,0.5
"s3","s5",3.2677475231577,9,20,0.5
"s3","s5",4.67392946695183,9,20,0.5
"s3","s5",4.48470568094343,9,20,0.5
"s3","s5",4.49253956274944,9,20,0.5
"s3","s5",4.87889701025404,9,20,0.5
"s3","s5",4.57760596281784,9,20,0.5
"s3","s5",4.52940740474238,9,20,0.5
"s3","s5",3.4018378863478,9,20,0.5
"s3","s5",4.75595709038717,9,20,0.5
"s3","s5",4.05522732863149,9,20,0.5
"s3","s5",3.99525067361015,9,20,0.5
"s3","s5",4.37022958424165,9,20,0.5
"s3","s5",5.05225790015096,9,20,0.5
"s3","s5",4.52494504587428,9,20,0.5
"s3","s5",3.21709057237593,9,20,0.5
"s3","s5",5.15587236431946,9,20,0.5
"s3","s5",4.95386210874645,9,20,0.5
"s3","s5",4.31852209046556,9,20,0.5
"s3","s5",3.7454412847908,9,20,0.5
"s3","s5",3.99238190017426,9,20,0.5
"s3","s5",5.15320844785274,9,20,0.5
"s3","s5",4.13881435306781,9,20,0.5
"s3","s5",4.75224463537329,9,20,0.5
"s3","s5",4.36519873071583,9,20,0.5
"s3","s5",4.50064502919468,9,20,0.5
"s3","s5",3.64181970147457,9,20,0.5
"s3","s5",3.60001985590606,9,20,0.5
"s3","s5",5.09018269252975,9,20,0.5
"s3","s5",5.41201081810281,9,20,0.5
"s3","s5",5.27760608046685,9,20,0.5
"s3","s5",4.4375733435649,9,20,0.5
"s3","s5",4.60097195719052,9,20,0.5
"s3","s5",5.6115578810497,9,20,0.5
"s3","s5",4.04875890553369,9,20,0.5
"s3","s5",4.56432549836404,9,20,0.5
"s3","s5",5.01433310777217,9,20,0.5
"s3","s5",4.69756142891594,9,20,0.5
"s3","s5",4.21717502354172,9,20,0.5
"s3","s5",4.03402739234691,9,20,0.5
"s3","s5",5.35451920824963,9,20,0.5
"s3","s5",4.22047781997613,9,20,0.5
"s3","s5",4.58846270137416,9,20,0.5
"s3","s5",3.69733688969085,9,20,0.5
"s3","s5",3.8954854180073,9,20,0.5
"s3","s5",4.63823415556429,9,20,0.5
"s3","s5",5.09935227890931,9,20,0.5
"s3","s5",5.00344386339819,9,20,0.5
"s3","s5",4.73564720498456,9,20,0.5
"s3","s5",5.15587236431946,9,20,0.5
"s3","s5",5.01343661992881,9,20,0.5
"s3","s5",5.01433310777217,9,20,0.5
"s3","s5",5.23918847612577,9,20,0.5
"s3","s5",5.21682493741981,9,20,0.5
"s3","s5",3.88504283718289,9,20,0.5
"s3","s5",3.66965929002012,9,20,0.5
"s3","s5",5.30896767738227,9,20,0.5
"s3","s5",5.45156556901371,9,20,0.5
"s3","s5",4.6877373428547,9,20,0.5
"s3","s5",4.76531553878385,9,20,0.5
"s3","s5",4.5664480230282,9,20,0.5
"s3","s5",4.03402739234691,9,20,0.5
"s3","s5",4.70685612604336,9,20,0.5
"s3","s5",5.98650843736125,9,20,0.5
"s3","s5",5.23948324780139,9,20,0.5
"s3","s5",3.92187124437791,9,20,0.5
"s3","s5",3.55997784793535,9,20,0.5
"s3","s5",3.79860858999779,9,20,0.5
"s3","s5",4.75128974264394,9,20,0.5
"s3","s5",3.17475242306964,9,20,0.5
"s3","s5",3.60056998480748,9,20,0.5
"s3","s5",3.74610160701751,9,20,0.5
"s3","s5",5.28216013257699,9,20,0.5
"s3","s5",3.72683722052935,9,20,0.5
"s3","s5",4.27846662996095,9,20,0.5
"s3","s5",3.72070392584916,9,20,0.5
"s3","s5",5.10404366685812,9,20,0.5
"s3","s5",3.64181970147457,9,20,0.5
"s3","s5",5.61383759975037,9,20,0.5
"s3","s5",5.3962884494191,9,20,0.5
"s3","s5",3.82692021794818,9,20,0.5
"s3","s5",3.85916093479947,9,20,0.5
"s3","s5",3.44551925957742,9,20,0.5
"s3","s5",4.53869124718402,9,20,0.5
"s3","s5",5.1562992806532,9,20,0.5
"s3","s5",4.30995949620085,9,20,0.5
"s3","s5",4.11655071851872,9,20,0.5
"s3","s5",5.95558501113233,9,20,0.5
"s3","s5",3.56419389894665,9,20,0.5
"s3","s5",4.13881435306781,9,20,0.5
"s3","s5",3.11817476254823,9,20,0.5
"s3","s5",4.66357196660962,9,20,0.5
"s3","s5",4.63396110984579,9,20,0.5
"s3","s5",3.45047188340764,9,20,0.5
"s3","s5",5.7336591328714,9,20,0.5
"s3","s5",3.69733688969085,9,20,0.5
"s3","s5",4.36302675043265,9,20,0.5
"s3","s5",3.82692021794818,9,20,0.5
"s3","s5",3.9473654903324,9,20,0.5
"s3","s5",4.22362474030475,9,20,0.5
"s3","s5",4.58846270137416,9,20,0.5
"s3","s5",4.3918763697081,9,20,0.5
"s3","s5",3.46925066817597,9,20,0.5
"s3","s5",3.0827163084742,9,20,0.5
"s3","s5",3.94801624611763,9,20,0.5
"s3","s5",4.50064502919468,9,20,0.5
"s3","s5",3.68973750595626,9,20,0.5
"s3","s5",3.97471388605353,9,20,0.5
"s3","s5",3.64959139766828,9,20,0.5
"s3","s5",5.61759103186061,9,20,0.5
"s3","s5",4.69783476311271,9,20,0.5
"s3","s5",4.53869124718402,9,20,0.5
"s3","s5",4.73151459282232,9,20,0.5
"s3","s5",3.55224213036076,9,20,0.5
"s3","s5",4.27710002443653,9,20,0.5
"s3","s5",4.47901910640249,9,20,0.5
"s3","s5",4.53869124718402,9,20,0.5
"s3","s5",5.28748539854697,9,20,0.5
"s3","s5",3.77601065217812,9,20,0.5
"s3","s5",3.71221469095571,9,20,0.5
"s3","s5",5.28900913652883,9,20,0.5
"s3","s5",4.49379409779124,9,20,0.5
"s3","s5",4.51011907573946,9,20,0.5
"s3","s5",4.58998733984054,9,20,0.5
"s3","s5",4.09743900869702,9,20,0.5
"s3","s5",3.5651954078572,9,20,0.5
"s3","s5",2.98080669154047,9,20,0.5
"s3","s5",4.33448819707232,9,20,0.5
"s3","s5",3.55328692188186,9,20,0.5
"s3","s5",3.71215845184955,9,20,0.5
"s3","s5",3.57252321831265,9,20,0.5
"s3","s5",4.66357196660962,9,20,0.5
"s3","s5",3.99238190017426,9,20,0.5
"s3","s5",3.47788828837681,9,20,0.5
"s3","s5",4.28559828352466,9,20,0.5
"s3","s5",5.11813716259256,9,20,0.5
"s3","s5",3.85385183217354,9,20,0.5
"s3","s5",4.9744611703735,9,20,0.5
"s3","s5",4.05522732863149,9,20,0.5
"s3","s5",4.66357196660962,9,20,0.5
"s3","s5",4.60113160689682,9,20,0.5
"s3","s5",3.15094864516137,9,20,0.5
"s3","s5",4.75596439719346,9,20,0.5
"s3","s5",4.81005485400313,9,20,0.5
"s3","s5",4.36737071099901,9,20,0.5
"s3","s5",4.25565513965697,9,20,0.5
"s3","s5",4.77693807045921,9,20,0.5
"s3","s5",4.82525241079044,9,20,0.5
"s3","s5",4.22465687200762,9,20,0.5
"s3","s5",5.19446139871385,9,20,0.5
"s3","s5",4.71444375269673,9,20,0.5
"s3","s5",4.71145590805746,9,20,0.5
"s3","s5",3.30322857760232,9,20,0.5
"s3","s5",4.31103498215077,9,20,0.5
"s3","s5",4.3918763697081,9,20,0.5
"s3","s5",4.01224393651418,9,20,0.5
"s3","s5",5.1461666161572,9,20,0.5
"s3","s5",4.61198416483698,9,20,0.5
"s3","s5",4.37022958424165,9,20,0.5
"s3","s5",4.74366024969127,9,20,0.5
"s3","s5",5.63278485013894,9,20,0.5
"s3","s5",4.47916219636815,9,20,0.5
"s3","s5",4.76531553878385,9,20,0.5
"s3","s5",4.59380957743427,9,20,0.5
"s3","s5",4.08311341820209,9,20,0.5
"s3","s5",5.37779080959208,9,20,0.5
"s3","s5",3.81476550389486,9,20,0.5
"s3","s5",4.66073717118319,9,20,0.5
"s3","s5",3.31297179588648,9,20,0.5
"s3","s5",3.93627966857219,9,20,0.5
"s3","s5",3.70920606999434,9,20,0.5
"s3","s5",4.58995974954406,9,20,0.5
"s3","s5",3.43501619849697,9,20,0.5
"s3","s5",3.24352809381013,9,20,0.5
"s3","s5",4.22047781997613,9,20,0.5
"s3","s5",5.03758504652206,9,20,0.5
"s3","s5",3.78191647107647,9,20,0.5
"s3","s5",4.88783436085897,9,20,0.5
"s3","s5",4.05522732863149,9,20,0.5
"s3","s5",3.76222196544316,9,20,0.5
"s3","s5",4.38085491635167,9,20,0.5
"s3","s5",4.74841506580309,9,20,0.5
"s3","s5",4.52940740474238,9,20,0.5
"s3","s5",5.15587236431946,9,20,0.5
"s3","s5",3.13343254045364,9,20,0.5
"s3","s5",3.75252804687122,9,20,0.5
"s3","s5",4.17762485479429,9,20,0.5
"s3","s5",4.39743570065173,9,20,0.5
"s3","s5",5.56307499452897,9,20,0.5
"s3","s5",5.19005501999334,9,20,0.5
"s3","s5",3.64343434067235,9,20,0.5
"s3","s5",4.25695427613615,9,20,0.5
"s3","s5",3.27805385741581,9,20,0.5
"s3","s5",4.3272095693799,9,20,0.5
"s3","s5",5.03758504652206,9,20,0.5
"s3","s5",4.62968806412728,9,20,0.5
"s3","s5",4.33645543994577,9,20,0.5
"s3","s5",4.88045471087102,9,20,0.5
"s3","s5",3.46925066817597,9,20,0.5
"s3","s5",5.11931030039475,9,20,0.5
"s3","s5",5.38266070986399,9,20,0.5
"s3","s5",3.82356583269398,9,20,0.5
"s3","s5",3.73374498407657,9,20,0.5
"s3","s5",5.03242655642288,9,20,0.5
"s3","s5",3.07244828938439,9,20,0.5
"s3","s5",4.92060193516927,9,20,0.5
"s3","s5",4.1768539563517,9,20,0.5
"s3","s5",4.30601557912101,9,20,0.5
"s3","s5",5.01274839974341,9,20,0.5
"s3","s5",5.2480811992052,9,20,0.5
"s3","s5",3.70682598552407,9,20,0.5
"s3","s5",4.16394193702865,9,20,0.5
"s3","s5",4.64955428645932,9,20,0.5
"s3","s5",3.71736304346599,9,20,0.5
"s3","s5",4.77693807045921,9,20,0.5
"s3","s5",5.01274839974341,9,20,0.5
"s3","s5",4.61198416483698,9,20,0.5
"s3","s5",4.70685612604336,9,20,0.5
"s3","s5",4.41855023457023,9,20,0.5
"s3","s5",4.38615225518743,9,20,0.5
"s3","s5",4.74063555238529,9,20,0.5
"s3","s5",4.74400917580152,9,20,0.5
"s3","s5",4.59765940532448,9,20,0.5
"s3","s5",3.75857018826176,9,20,0.5
"s3","s5",5.02632403561061,9,20,0.5
"s3","s5",3.65164269199657,9,20,0.5
"s3","s5",5.3962884494191,9,20,0.5
"s3","s5",5.2247092570192,9,20,0.5
"s3","s5",4.62277368661369,9,20,0.5
"s3","s5",4.63823415556429,9,20,0.5
"s3","s5",4.33448819707231,9,20,0.5
"s3","s5",4.96746752147072,9,20,0.5
"s3","s5",5.01601526527359,9,20,0.5
"s3","s5",5.20947643367417,9,20,0.5
"s3","s5",5.06787728613283,9,20,0.5
"s3","s5",4.36662816733715,9,20,0.5
"s3","s5",4.23814960844425,9,20,0.5
"s3","s5",5.20947643367417,9,20,0.5
"s3","s5",3.98225357720409,9,20,0.5
"s3","s5",4.50569993181942,9,20,0.5
"s3","s5",3.59798780867591,9,20,0.5
"s3","s5",4.3145418544028,9,20,0.5
"s3","s5",4.3272095693799,9,20,0.5
"s3","s5",4.75600024289055,9,20,0.5
"s3","s5",3.71532176417283,9,20,0.5
"s3","s5",3.18795696098704,9,20,0.5
"s3","s5",5.25697642118452,9,20,0.5
"s3","s5",4.58971791128367,9,20,0.5
"s3","s5",3.77100949401168,9,20,0.5
"s3","s5",4.25731585723835,9,20,0.5
"s3","s5",4.3145418544028,9,20,0.5
"s3","s5",4.38633839039763,9,20,0.5
"s3","s5",5.38307365792961,9,20,0.5
"s3","s5",4.28055278037022,9,20,0.5
"s3","s5",4.29849798058526,9,20,0.5
"s3","s5",2.94899189906241,9,20,0.5
"s3","s5",4.08637092342079,9,20,0.5
"s3","s5",4.9744611703735,9,20,0.5
"s3","s5",3.72751952298858,9,20,0.5
"s3","s5",5.01928213080377,9,20,0.5
"s3","s5",4.52553064361003,9,20,0.5
"s3","s5",4.6258045208933,9,20,0.5
"s3","s5",4.44651781696368,9,20,0.5
"s3","s5",4.4507973514856,9,20,0.5
"s3","s5",3.72143947873646,9,20,0.5
"s3","s5",5.6141220014986,9,20,0.5
"s3","s5",4.97012401014798,9,20,0.5
"s3","s5",5.00602310844778,9,20,0.5
"s3","s5",5.41038047521976,9,20,0.5
"s3","s5",4.84317163754705,9,20,0.5
"s3","s5",5.01928213080377,9,20,0.5
"s3","s5",3.72572409320575,9,20,0.5
"s3","s5",4.06357689489335,9,20,0.5
"s3","s5",4.36737071099901,9,20,0.5
"s3","s5",4.58995974954406,9,20,0.5
"s3","s5",4.03402739234691,9,20,0.5
"s3","s5",3.73112458088528,9,20,0.5
"s3","s5",4.37349944635739,9,20,0.5
"s3","s5",4.66073717118319,9,20,0.5
"s3","s5",3.30398530307869,9,20,0.5
"s3","s5",4.1887785838073,9,20,0.5
"s3","s5",5.07218179746982,9,20,0.5
"s3","s5",4.11853146286271,9,20,0.5
"s3","s5",4.32150715888926,9,20,0.5
"s3","s5",4.38777335726515,9,20,0.5
"s3","s5",4.4507973514856,9,20,0.5
"s3","s5",4.0181069430047,9,20,0.5
"s3","s5",4.24180157400037,9,20,0.5
"s3","s5",4.29143719084738,9,20,0.5
"s3","s5",4.30853005957954,9,20,0.5
"s3","s5",5.33128135144583,9,20,0.5
"s3","s5",4.359542969544,9,20,0.5
"s3","s5",4.90371801189127,9,20,0.5
"s3","s5",4.26116203731177,9,20,0.5
"s3","s5",3.46925066817597,9,20,0.5
"s3","s5",5.14982956310196,9,20,0.5
"s3","s5",5.03500580147247,9,20,0.5
"s3","s5",4.84708846214955,9,20,0.5
"s3","s5",5.706118518361,9,20,0.5
"s3","s5",4.96667516745634,9,20,0.5
"s3","s5",3.55323784086565,9,20,0.5
"s3","s5",4.02527247912646,9,20,0.5
"s3","s5",4.25427346123759,9,20,0.5
"s3","s5",3.63835280516855,9,20,0.5
"s3","s5",4.80175347620417,9,20,0.5
"s3","s5",3.57966792890763,9,20,0.5
"s3","s5",4.58224788403866,9,20,0.5
"s3","s5",4.96142573654524,9,20,0.5
"s3","s5",4.63823415556429,9,20,0.5
"s3","s5",5.01343661992881,9,20,0.5
"s3","s5",3.76944309084515,9,20,0.5
"s3","s5",5.18333532673684,9,20,0.5
"s3","s5",4.74578662158211,9,20,0.5
"s3","s5",3.71554093688371,9,20,0.5
"s3","s5",4.72526508070341,9,20,0.5
"s3","s5",4.58205371417634,9,20,0.5
"s3","s5",4.44020267381408,9,20,0.5
"s3","s5",3.10568741096606,9,20,0.5
"s3","s5",3.93180990121512,9,20,0.5
"s3","s5",4.01111666515127,9,20,0.5
"s3","s5",5.03770076967157,9,20,0.5
"s3","s5",4.80175347620417,9,20,0.5
"s3","s5",3.37908201382942,9,20,0.5
"s3","s5",4.80364028517248,9,20,0.5
"s3","s5",4.29930359166289,9,20,0.5
"s3","s5",3.09670849165044,9,20,0.5
"s3","s5",4.39024641059219,9,20,0.5
"s3","s5",4.40161471212337,9,20,0.5
"s3","s5",3.82750730639503,9,20,0.5
"s3","s5",4.73151459282232,9,20,0.5
"s3","s5",4.26251082112045,9,20,0.5
"s3","s5",4.01411692008464,9,20,0.5
"s3","s5",3.90835776650124,9,20,0.5
"s3","s5",3.3918428969786,9,20,0.5
"s3","s5",3.60524476725733,9,20,0.5
"s3","s5",4.92375900348546,9,20,0.5
"s3","s5",4.71072124304248,9,20,0.5
"s3","s5",3.89186276766934,9,20,0.5
"s3","s5",3.69733688969085,9,20,0.5
"s3","s5",3.41113931364876,9,20,0.5
"s3","s5",4.86012389597781,9,20,0.5
"s3","s5",4.63823415556429,9,20,0.5
"s3","s5",5.33100801724906,9,20,0.5
"s3","s5",4.46124035187146,9,20,0.5
"s3","s5",5.33058568486543,9,20,0.5
"s3","s5",4.36737071099901,9,20,0.5
"s3","s5",5.36778622621184,9,20,0.5
"s3","s5",3.92281684668364,9,20,0.5
"s3","s5",5.22587220104609,9,20,0.5
"s3","s5",4.39743570065173,9,20,0.5
"s3","s5",4.38777335726515,9,20,0.5
"s3","s5",4.18980312042468,9,20,0.5
"s3","s5",4.1768539563517,9,20,0.5
"s3","s5",3.70972249642523,9,20,0.5
"s3","s5",5.02843358866292,9,20,0.5
"s3","s5",5.01343661992881,9,20,0.5
"s3","s5",4.43714280700316,9,20,0.5
"s3","s5",4.2780728472518,9,20,0.5
"s3","s5",4.33448819707232,9,20,0.5
"s3","s5",5.467311369375,9,20,0.5
"s3","s5",4.84317163754705,9,20,0.5
"s3","s5",4.85221897687103,9,20,0.5
"s3","s5",4.35559017822408,9,20,0.5
"s3","s5",4.8135029434973,9,20,0.5
"s3","s5",4.66357196660962,9,20,0.5
"s3","s5",4.24180157400037,9,20,0.5
"s3","s5",3.69733688969085,9,20,0.5
"s3","s5",4.55949192040991,9,20,0.5
"s3","s5",5.23164662394863,9,20,0.5
"s3","s5",5.28748539854697,9,20,0.5
"s3","s5",4.4354098169742,9,20,0.5
"s3","s5",5.19446139871385,9,20,0.5
"s3","s5",4.2296252501715,9,20,0.5
"s3","s5",3.99238190017426,9,20,0.5
"s3","s5",2.8651590079318,9,20,0.5
"s3","s5",5.31441405254477,9,20,0.5
"s3","s5",4.15250701211182,9,20,0.5
"s3","s5",5.11644237278512,9,20,0.5
"s3","s5",4.60375057761902,9,20,0.5
"s3","s5",5.61439056072703,9,20,0.5
"s3","s5",4.99468077227058,9,20,0.5
"s3","s5",4.32150715888926,9,20,0.5
"s3","s5",5.06503918442172,9,20,0.5
"s3","s5",4.87889701025404,9,20,0.5
"s3","s5",3.77646470405297,9,20,0.5
"s3","s5",4.95353300237385,9,20,0.5
"s3","s5",4.92883948360666,9,20,0.5
"s3","s5",4.50064502919468,9,20,0.5
"s3","s5",3.08656363146958,9,20,0.5
"s3","s5",4.50873071069621,9,20,0.5
"s3","s5",4.81275525151197,9,20,0.5
"s3","s5",3.73078904363615,9,20,0.5
"s3","s5",4.3918763697081,9,20,0.5
"s3","s5",4.94839030271699,9,20,0.5
"s3","s5",5.61383759975037,9,20,0.5
"s3","s5",3.40567617866638,9,20,0.5
"s3","s5",4.18980312042468,9,20,0.5
"s3","s5",3.89670153039016,9,20,0.5
"s3","s5",4.03402739234691,9,20,0.5
"s3","s5",4.17687252872667,9,20,0.5
"s3","s5",4.4354098169742,9,20,0.5
"s3","s5",5.06760911431163,9,20,0.5
"s3","s5",4.34994583259893,9,20,0.5
"s3","s5",4.33864774292318,9,20,0.5
"s3","s5",4.41401863799449,9,20,0.5
"s3","s5",4.29361941053821,9,20,0.5
"s3","s5",3.69866342986959,9,20,0.5
"s3","s5",4.19099801198665,9,20,0.5
"s3","s5",3.60651823361627,9,20,0.5
"s3","s5",3.91352047333385,9,20,0.5
"s3","s5",4.05124907537643,9,20,0.5
"s3","s5",4.24562374897251,9,20,0.5
"s3","s5",4.11657249493639,9,20,0.5
"s3","s5",2.99944356917672,9,20,0.5
"s3","s5",4.66357196660962,9,20,0.5
"s3","s5",5.01928213080377,9,20,0.5
"s3","s5",4.02448202761208,9,20,0.5
"s3","s5",3.80971509640892,9,20,0.5
"s3","s5",3.8837755720773,9,20,0.5
"s3","s5",4.75595709038717,9,20,0.5
"s3","s5",4.3918763697081,9,20,0.5
"s3","s5",4.1768539563517,9,20,0.5
"s3","s5",4.3918763697081,9,20,0.5
"s3","s5",5.01274839974341,9,20,0.5
"s3","s5",4.53869124718402,9,20,0.5
"s3","s5",5.28559553081258,9,20,0.5
"s3","s5",4.76531553878385,9,20,0.5
"s3","s5",3.68973750595626,9,20,0.5
"s3","s5",4.81736486266492,9,20,0.5
"s3","s5",4.30706590160471,9,20,0.5
"s3","s5",4.53361878940146,9,20,0.5
"s3","s5",4.25945079921845,9,20,0.5
"s3","s5",3.48015764524077,9,20,0.5
"s3","s5",3.99238190017426,9,20,0.5
"s3","s5",3.32123423002817,9,20,0.5
"s3","s5",4.08065973027662,9,20,0.5
"s3","s5",4.1887785838073,9,20,0.5
"s3","s5",4.24180157400037,9,20,0.5
"s3","s5",4.57508537556673,9,20,0.5
"s3","s5",4.18133735309529,9,20,0.5
"s3","s5",4.52522990423387,9,20,0.5
"s3","s5",4.63396110984579,9,20,0.5
"s3","s5",5.03500580147247,9,20,0.5
"s3","s5",4.63823415556429,9,20,0.5
"s3","s5",4.35669176429868,9,20,0.5
"s3","s5",3.18716020661519,9,20,0.5
"s3","s5",4.44020267381408,9,20,0.5
"s3","s5",5.60452230385707,9,20,0.5
"s3","s5",4.80424358816545,9,20,0.5
"s3","s5",3.78786430389413,9,20,0.5
"s3","s5",4.39921828370342,9,20,0.5
"s3","s5",5.01274839974341,9,20,0.5
"s3","s5",4.76173824727722,9,20,0.5
"s3","s5",4.44020267381408,9,20,0.5
"s3","s5",3.79497498921781,9,20,0.5
"s3","s5",4.27710002443653,9,20,0.5
"s3","s5",5.07945750795031,9,20,0.5
"s3","s5",4.63823415556429,9,20,0.5
"s3","s5",3.85916093479947,9,20,0.5
"s3","s5",4.73178792701909,9,20,0.5
"s3","s5",5.0981695257436,9,20,0.5
"s3","s5",3.86410253958163,9,20,0.5
"s3","s5",5.33073468305229,9,20,0.5
"s3","s5",4.37524108014353,9,20,0.5
"s3","s5",3.64927268861424,9,20,0.5
"s3","s5",4.120455581777,9,20,0.5
"s3","s5",4.50064502919468,9,20,0.5
"s3","s5",3.82692021794818,9,20,0.5
"s3","s5",4.44135355822231,9,20,0.5
"s3","s5",4.0181069430047,9,20,0.5
"s3","s5",4.57964327964483,9,20,0.5
"s3","s5",2.36462781375009,9,20,0.5
"s3","s5",3.43092745001742,9,20,0.5
"s3","s5",5.43615055598716,9,20,0.5
"s3","s5",4.02380461440288,9,20,0.5
"s3","s5",4.52940740474238,9,20,0.5
"s3","s5",3.38977517585968,9,20,0.5
"s3","s5",3.7539578616406,9,20,0.5
"s3","s5",3.57797393362634,9,20,0.5
"s3","s5",5.48260312792863,9,20,0.5
"s3","s5",5.07218179746982,9,20,0.5
"s3","s5",4.89794416180751,9,20,0.5
"s3","s5",4.73816360906079,9,20,0.5
"s3","s5",5.83647113197742,9,20,0.5
"s3","s5",4.0181069430047,9,20,0.5
"s3","s5",3.73078904363615,9,20,0.5
"s3","s5",5.36985886644012,9,20,0.5
"s3","s5",2.71784234415112,9,20,0.5
"s3","s5",4.18466063892338,9,20,0.5
"s3","s5",5.11644237278512,9,20,0.5
"s3","s5",4.16394193702865,9,20,0.5
"s3","s5",5.6141220014986,9,20,0.5
"s3","s5",5.25441326356644,9,20,0.5
"s3","s5",3.71274755753547,9,20,0.5
"s3","s5",4.47042385150438,9,20,0.5
"s3","s5",3.488232751854,9,20,0.5
"s3","s5",4.65461131333669,9,20,0.5
"s3","s5",5.15545188574949,9,20,0.5
"s3","s5",4.94079290339776,9,20,0.5
"s3","s5",3.7990638576557,9,20,0.5
"s3","s5",3.95382149999392,9,20,0.5
"s3","s5",5.03758504652206,9,20,0.5
"s3","s5",4.96171096826702,9,20,0.5
"s3","s5",3.77529611777562,9,20,0.5
"s3","s5",5.11813716259256,9,20,0.5
"s3","s5",3.85916093479947,9,20,0.5
"s3","s5",5.22587220104609,9,20,0.5
"s3","s5",4.73206126121586,9,20,0.5
"s3","s5",4.03086818947242,9,20,0.5
"s3","s5",3.37904621085108,9,20,0.5
"s3","s5",4.27641493542867,9,20,0.5
"s3","s5",5.03758504652206,9,20,0.5
"s3","s5",5.11813716259256,9,20,0.5
"s3","s5",5.61759103186061,9,20,0.5
"s3","s5",3.27253940645701,9,20,0.5
"s3","s5",3.72143947873646,9,20,0.5
"s3","s5",5.58481571342735,9,20,0.5
"s3","s5",4.50064502919468,9,20,0.5
"s3","s5",4.33448819707232,9,20,0.5
"s3","s5",3.77100949401168,9,20,0.5
"s3","s5",4.34294640073229,9,20,0.5
"s3","s5",5.20947643367417,9,20,0.5
"s3","s5",5.3962884494191,9,20,0.5
"s3","s5",4.19099801198665,9,20,0.5
"s3","s5",4.02507947339306,9,20,0.5
"s3","s5",4.27710002443653,9,20,0.5
"s3","s5",4.86392879493544,9,20,0.5
"s3","s5",3.35483074087254,9,20,0.5
"s3","s5",5.31170987543391,9,20,0.5
"s3","s5",2.67059200446786,9,20,0.5
"s3","s5",5.10415992756115,9,20,0.5
"s3","s5",5.38307365792961,9,20,0.5
"s3","s5",4.42127978130731,9,20,0.5
"s3","s5",4.68712440808167,9,20,0.5
"s3","s5",3.77425524398572,9,20,0.5
"s3","s5",3.44902307535241,9,20,0.5
"s3","s5",4.13477188961245,9,20,0.5
"s3","s5",5.0873258428859,9,20,0.5
"s3","s5",4.88482315386896,9,20,0.5
"s3","s5",4.3145418544028,9,20,0.5
"s3","s5",6.27044284316811,9,20,0.5
"s3","s5",4.47559761150827,9,20,0.5
"s3","s5",3.58696810438084,9,20,0.5
"s3","s5",4.81275525151197,9,20,0.5
"s3","s5",4.56559908526535,9,20,0.5
"s3","s5",4.06029424251121,9,20,0.5
"s3","s5",3.75526806323625,9,20,0.5
"s3","s5",4.37845848793173,9,20,0.5
"s3","s5",4.22047781997613,9,20,0.5
"s3","s5",3.73816390421108,9,20,0.5
"s3","s5",5.2640988063273,9,20,0.5
"s3","s5",5.2630737615117,9,20,0.5
"s3","s5",4.2956215337888,9,20,0.5
"s3","s5",4.45646438671673,9,20,0.5
"s3","s5",4.80120755134444,9,20,0.5
"s3","s5",5.65794290757547,9,20,0.5
"s3","s5",4.73923314875325,9,20,0.5
"s3","s5",4.9744611703735,9,20,0.5
"s3","s5",4.54346535501719,9,20,0.5
"s3","s5",4.74934848122733,9,20,0.5
"s3","s5",4.50064502919468,9,20,0.5
"s3","s5",4.64239190670308,9,20,0.5
"s3","s5",3.68200509556635,9,20,0.5
"s3","s5",4.12725260616152,9,20,0.5
"s3","s5",4.77693807045921,9,20,0.5
"s3","s5",5.15587236431946,9,20,0.5
"s3","s5",5.26378660037131,9,20,0.5
"s3","s5",4.77421921160071,9,20,0.5
"s3","s5",5.49493109553311,9,20,0.5
"s3","s5",5.17516688151666,9,20,0.5
"s3","s5",5.29717755647876,9,20,0.5
"s3","s5",3.72882972458422,9,20,0.5
"s3","s5",4.22362474030475,9,20,0.5
"s3","s5",4.25625258543796,9,20,0.5
"s3","s5",3.73112458088528,9,20,0.5
"s3","s5",4.50064502919468,9,20,0.5
"s3","s5",3.97955256000144,9,20,0.5
"s3","s5",6.1559472646467,9,20,0.5
"s3","s5",4.74668494699725,9,20,0.5
"s3","s5",4.3918763697081,9,20,0.5
"s3","s5",3.08656363146958,9,20,0.5
"s3","s5",4.77527801628588,9,20,0.5
"s3","s5",4.38150721870434,9,20,0.5
"s3","s5",4.99468077227058,9,20,0.5
"s3","s5",4.86173482139294,9,20,0.5
"s3","s5",4.55407847184711,9,20,0.5
"s3","s5",3.80971509640892,9,20,0.5
"s3","s5",5.26144079989297,9,20,0.5
"s3","s5",3.30398530307869,9,20,0.5
"s3","s5",4.74578662158211,9,20,0.5
"s3","s5",5.16811081807527,9,20,0.5
"s3","s5",3.73078904363615,9,20,0.5
"s3","s5",4.34777385231575,9,20,0.5
"s3","s5",3.30642585143247,9,20,0.5
"s3","s5",5.15901537483525,9,20,0.5
"s3","s5",4.44204304249284,9,20,0.5
"s3","s5",2.42852091783679,9,20,0.5
"s3","s5",3.72107170229281,9,20,0.5
"s3","s5",3.69030238012984,9,20,0.5
"s3","s5",4.76531553878385,9,20,0.5
"s3","s5",4.03086818947242,9,20,0.5
"s3","s5",4.66357196660962,9,20,0.5
"s3","s5",4.86695696051192,9,20,0.5
"s3","s5",5.10677854841757,9,20,0.5
"s3","s5",3.73078904363615,9,20,0.5
"s3","s5",5.17016591054123,9,20,0.5
"s3","s5",4.10386107291206,9,20,0.5
"s3","s5",4.99468077227058,9,20,0.5
"s3","s5",3.3161127778193,9,20,0.5
"s3","s5",2.85841634152136,9,20,0.5
"s3","s5",3.79538807803649,9,20,0.5
"s3","s5",5.58481571342735,9,20,0.5
"s3","s5",4.35625492070537,9,20,0.5
"s3","s5",4.59765940532448,9,20,0.5
"s3","s5",4.32150715888926,9,20,0.5
"s3","s5",4.01162504482334,9,20,0.5
"s3","s5",4.53783017406054,9,20,0.5
"s3","s5",5.0981695257436,9,20,0.5
"s3","s5",3.40567617866638,9,20,0.5
"s3","s5",4.61198416483698,9,20,0.5
"s3","s5",3.42975375541893,9,20,0.5
"s3","s5",4.68514770839008,9,20,0.5
"s3","s5",4.18929085211599,9,20,0.5
"s3","s5",4.74063555238529,9,20,0.5
"s3","s5",4.53869124718402,9,20,0.5
"s3","s5",4.24968940816006,9,20,0.5
"s3","s5",4.68521462262297,9,20,0.5
"s3","s5",4.97843991863432,9,20,0.5
"s3","s5",5.0981695257436,9,20,0.5
"s3","s5",3.68200509556635,9,20,0.5
"s4","s1",2.19818255108534,9,20,0.5
"s4","s1",3.8304236527182,9,20,0.5
"s4","s1",2.64313670757673,9,20,0.5
"s4","s1",2.99535048235887,9,20,0.5
"s4","s1",3.23060764202805,9,20,0.5
"s4","s1",3.72424622215726,9,20,0.5
"s4","s1",2.97075232440127,9,20,0.5
"s4","s1",5.05605844983227,9,20,0.5
"s4","s1",3.08861626419282,9,20,0.5
"s4","s1",3.1530533319994,9,20,0.5
"s4","s1",3.63889600276101,9,20,0.5
"s4","s1",2.29273447426291,9,20,0.5
"s4","s1",3.30755732878383,9,20,0.5
"s4","s1",3.52279437933039,9,20,0.5
"s4","s1",2.66325847324981,9,20,0.5
"s4","s1",2.49531175726207,9,20,0.5
"s4","s1",3.64879854523517,9,20,0.5
"s4","s1",3.19416060396767,9,20,0.5
"s4","s1",2.14095578942344,9,20,0.5
"s4","s1",2.80762540917036,9,20,0.5
"s4","s1",3.60531101685416,9,20,0.5
"s4","s1",5.43022392045829,9,20,0.5
"s4","s1",3.17823958805989,9,20,0.5
"s4","s1",2.46925842769959,9,20,0.5
"s4","s1",3.4466240340611,9,20,0.5
"s4","s1",3.08399933443289,9,20,0.5
"s4","s1",2.75624171285652,9,20,0.5
"s4","s1",2.24533678828972,9,20,0.5
"s4","s1",2.67008776829572,9,20,0.5
"s4","s1",3.05398436595454,9,20,0.5
"s4","s1",2.77906352500192,9,20,0.5
"s4","s1",4.11526934969555,9,20,0.5
"s4","s1",2.56494896223975,9,20,0.5
"s4","s1",2.73683408737352,9,20,0.5
"s4","s1",3.37402455937456,9,20,0.5
"s4","s1",3.28408712181185,9,20,0.5
"s4","s1",3.5803843244402,9,20,0.5
"s4","s1",2.96162043060404,9,20,0.5
"s4","s1",3.60531101685416,9,20,0.5
"s4","s1",3.05992793099268,9,20,0.5
"s4","s1",4.62569522042932,9,20,0.5
"s4","s1",2.64027975071159,9,20,0.5
"s4","s1",2.80819563820854,9,20,0.5
"s4","s1",2.72747144239233,9,20,0.5
"s4","s1",2.99494926189013,9,20,0.5
"s4","s1",2.76199349398549,9,20,0.5
"s4","s1",3.48717395351564,9,20,0.5
"s4","s1",3.60531101685416,9,20,0.5
"s4","s1",3.64879854523517,9,20,0.5
"s4","s1",2.87644384999253,9,20,0.5
"s4","s1",3.96067647414495,9,20,0.5
"s4","s1",5.10535971307085,9,20,0.5
"s4","s1",2.86658154296321,9,20,0.5
"s4","s1",3.06543860136544,9,20,0.5
"s4","s1",3.64392221967396,9,20,0.5
"s4","s1",3.15598040806322,9,20,0.5
"s4","s1",3.29005332943226,9,20,0.5
"s4","s1",2.68760727423858,9,20,0.5
"s4","s1",3.04934490108665,9,20,0.5
"s4","s1",3.93161321430886,9,20,0.5
"s4","s1",3.40186707080464,9,20,0.5
"s4","s1",4.01633070627203,9,20,0.5
"s4","s1",3.02643788335241,9,20,0.5
"s4","s1",3.13162270922236,9,20,0.5
"s4","s1",3.11401430291124,9,20,0.5
"s4","s1",2.92523786052514,9,20,0.5
"s4","s1",3.28159874707239,9,20,0.5
"s4","s1",3.23053745745517,9,20,0.5
"s4","s1",3.75892417409729,9,20,0.5
"s4","s1",1.21717597343623,9,20,0.5
"s4","s1",2.4802367135927,9,20,0.5
"s4","s1",3.8304236527182,9,20,0.5
"s4","s1",2.43616915561585,9,20,0.5
"s4","s1",3.52279437933039,9,20,0.5
"s4","s1",3.18630969760296,9,20,0.5
"s4","s1",2.72373456485485,9,20,0.5
"s4","s1",3.14118762341449,9,20,0.5
"s4","s1",3.64392221967396,9,20,0.5
"s4","s1",4.32750569512775,9,20,0.5
"s4","s1",3.40186707080464,9,20,0.5
"s4","s1",3.41661963754559,9,20,0.5
"s4","s1",3.64636038245456,9,20,0.5
"s4","s1",3.60531101685416,9,20,0.5
"s4","s1",3.68484721611649,9,20,0.5
"s4","s1",2.21606165065944,9,20,0.5
"s4","s1",2.9367165987632,9,20,0.5
"s4","s1",3.66906946070934,9,20,0.5
"s4","s1",3.67364720746304,9,20,0.5
"s4","s1",2.86808216014526,9,20,0.5
"s4","s1",3.17823958805989,9,20,0.5
"s4","s1",2.26226379488249,9,20,0.5
"s4","s1",2.91901811321025,9,20,0.5
"s4","s1",2.56934412164081,9,20,0.5
"s4","s1",2.03036220629547,9,20,0.5
"s4","s1",3.68541497023134,9,20,0.5
"s4","s1",4.15186511652813,9,20,0.5
"s4","s1",3.32304491488108,9,20,0.5
"s4","s1",3.71505649207265,9,20,0.5
"s4","s1",3.75173514985064,9,20,0.5
"s4","s1",4.95148309262713,9,20,0.5
"s4","s1",3.82060742432775,9,20,0.5
"s4","s1",3.24444952288703,9,20,0.5
"s4","s1",2.37485340412008,9,20,0.5
"s4","s1",2.36230443713475,9,20,0.5
"s4","s1",2.55498249158616,9,20,0.5
"s4","s1",2.80570979940807,9,20,0.5
"s4","s1",3.36903689017711,9,20,0.5
"s4","s1",3.74704086886756,9,20,0.5
"s4","s1",2.62048365577102,9,20,0.5
"s4","s1",3.47529890667369,9,20,0.5
"s4","s1",2.97075232440127,9,20,0.5
"s4","s1",2.76744768984073,9,20,0.5
"s4","s1",2.07967772092109,9,20,0.5
"s4","s1",3.48594880677815,9,20,0.5
"s4","s1",3.2563845918639,9,20,0.5
"s4","s1",3.5035890438294,9,20,0.5
"s4","s1",3.36903689017711,9,20,0.5
"s4","s1",3.62705478104467,9,20,0.5
"s4","s1",4.14240217513882,9,20,0.5
"s4","s1",2.64313670757673,9,20,0.5
"s4","s1",2.60517955635777,9,20,0.5
"s4","s1",3.2627950425856,9,20,0.5
"s4","s1",2.60327203110035,9,20,0.5
"s4","s1",2.80819563820854,9,20,0.5
"s4","s1",2.97075232440127,9,20,0.5
"s4","s1",1.58600207148481,9,20,0.5
"s4","s1",2.54370067168321,9,20,0.5
"s4","s1",2.80908547773228,9,20,0.5
"s4","s1",4.04562435303623,9,20,0.5
"s4","s1",3.24444952288703,9,20,0.5
"s4","s1",2.6654725365385,9,20,0.5
"s4","s1",2.41278058317333,9,20,0.5
"s4","s1",3.01545499688872,9,20,0.5
"s4","s1",2.74500127314819,9,20,0.5
"s4","s1",2.6565828974479,9,20,0.5
"s4","s1",3.45368578972144,9,20,0.5
"s4","s1",3.19416060396767,9,20,0.5
"s4","s1",3.11611197700721,9,20,0.5
"s4","s1",2.72669958914938,9,20,0.5
"s4","s1",3.19633945607657,9,20,0.5
"s4","s1",3.7808269586999,9,20,0.5
"s4","s1",2.9608198560408,9,20,0.5
"s4","s1",3.48717395351564,9,20,0.5
"s4","s1",3.32984427864359,9,20,0.5
"s4","s1",3.73702138949468,9,20,0.5
"s4","s1",2.78622942244681,9,20,0.5
"s4","s1",2.73911236276381,9,20,0.5
"s4","s1",3.17586918079399,9,20,0.5
"s4","s1",3.7808269586999,9,20,0.5
"s4","s1",3.51034756893664,9,20,0.5
"s4","s1",3.56702631069935,9,20,0.5
"s4","s1",2.50611324994713,9,20,0.5
"s4","s1",3.09404824662573,9,20,0.5
"s4","s1",3.89292716309448,9,20,0.5
"s4","s1",3.62705478104467,9,20,0.5
"s4","s1",3.69813119212821,9,20,0.5
"s4","s1",2.07967772092109,9,20,0.5
"s4","s1",4.17319551429386,9,20,0.5
"s4","s1",4.11526934969555,9,20,0.5
"s4","s1",3.52279437933039,9,20,0.5
"s4","s1",2.81767255425989,9,20,0.5
"s4","s1",2.47317646176935,9,20,0.5
"s4","s1",2.72373456485485,9,20,0.5
"s4","s1",2.60911876016718,9,20,0.5
"s4","s1",3.00943272670394,9,20,0.5
"s4","s1",3.03471968142163,9,20,0.5
"s4","s1",2.86658154296321,9,20,0.5
"s4","s1",3.05416211068498,9,20,0.5
"s4","s1",3.52013413170129,9,20,0.5
"s4","s1",2.48851809084542,9,20,0.5
"s4","s1",4.01633070627203,9,20,0.5
"s4","s1",3.38545198049087,9,20,0.5
"s4","s1",3.70285555054168,9,20,0.5
"s4","s1",3.89292716309448,9,20,0.5
"s4","s1",2.76199349398549,9,20,0.5
"s4","s1",3.61509757961881,9,20,0.5
"s4","s1",2.4802367135927,9,20,0.5
"s4","s1",3.55527797601071,9,20,0.5
"s4","s1",3.95391016438536,9,20,0.5
"s4","s1",3.19416060396767,9,20,0.5
"s4","s1",3.40862559591188,9,20,0.5
"s4","s1",4.04843444506782,9,20,0.5
"s4","s1",2.78622942244681,9,20,0.5
"s4","s1",2.52193516329154,9,20,0.5
"s4","s1",2.54954550178643,9,20,0.5
"s4","s1",2.65749137538226,9,20,0.5
"s4","s1",3.10797878468232,9,20,0.5
"s4","s1",3.17236000582714,9,20,0.5
"s4","s1",3.64879854523517,9,20,0.5
"s4","s1",3.25951225144673,9,20,0.5
"s4","s1",2.5745079299748,9,20,0.5
"s4","s1",2.80258041908246,9,20,0.5
"s4","s1",3.30674320653207,9,20,0.5
"s4","s1",2.69826073178406,9,20,0.5
"s4","s1",3.31591596638135,9,20,0.5
"s4","s1",3.60531101685416,9,20,0.5
"s4","s1",3.43084780435903,9,20,0.5
"s4","s1",3.42801350575855,9,20,0.5
"s4","s1",3.38545198049087,9,20,0.5
"s4","s1",2.51516260977195,9,20,0.5
"s4","s1",3.20866103384668,9,20,0.5
"s4","s1",2.86658154296321,9,20,0.5
"s4","s1",3.62705478104467,9,20,0.5
"s4","s1",2.97075232440127,9,20,0.5
"s4","s1",3.43477203086579,9,20,0.5
"s4","s1",3.65181066901514,9,20,0.5
"s4","s1",3.69290996736493,9,20,0.5
"s4","s1",2.92410088679051,9,20,0.5
"s4","s1",3.22631243526009,9,20,0.5
"s4","s1",2.91146461922408,9,20,0.5
"s4","s1",3.45415994071245,9,20,0.5
"s4","s1",2.94682055827078,9,20,0.5
"s4","s1",2.77631334115928,9,20,0.5
"s4","s1",2.26226379488249,9,20,0.5
"s4","s1",2.4802367135927,9,20,0.5
"s4","s1",3.69306898777703,9,20,0.5
"s4","s1",3.40186707080464,9,20,0.5
"s4","s1",3.36903689017711,9,20,0.5
"s4","s1",3.75892417409729,9,20,0.5
"s4","s1",3.48525407616353,9,20,0.5
"s4","s1",3.62705478104467,9,20,0.5
"s4","s1",3.04638572751598,9,20,0.5
"s4","s1",2.68040713365362,9,20,0.5
"s4","s1",2.0823592655445,9,20,0.5
"s4","s1",3.49084276864571,9,20,0.5
"s4","s1",3.7808269586999,9,20,0.5
"s4","s1",3.64879854523517,9,20,0.5
"s4","s1",3.46090346482523,9,20,0.5
"s4","s1",3.2563845918639,9,20,0.5
"s4","s1",2.7713925800991,9,20,0.5
"s4","s1",3.2627950425856,9,20,0.5
"s4","s1",3.7808269586999,9,20,0.5
"s4","s1",2.10325986700136,9,20,0.5
"s4","s1",4.02974435152663,9,20,0.5
"s4","s1",3.23060764202805,9,20,0.5
"s4","s1",3.02643788335241,9,20,0.5
"s4","s1",2.3813867603987,9,20,0.5
"s4","s1",1.99132278345729,9,20,0.5
"s4","s1",2.25203496046455,9,20,0.5
"s4","s1",3.64427128004562,9,20,0.5
"s4","s1",3.40186707080464,9,20,0.5
"s4","s1",3.40186707080464,9,20,0.5
"s4","s1",2.76199349398549,9,20,0.5
"s4","s1",3.68484721611649,9,20,0.5
"s4","s1",2.82799092827721,9,20,0.5
"s4","s1",3.14998761271634,9,20,0.5
"s4","s1",2.54370067168321,9,20,0.5
"s4","s1",3.40186707080464,9,20,0.5
"s4","s1",3.21134455547346,9,20,0.5
"s4","s1",3.7808269586999,9,20,0.5
"s4","s1",2.37338487906448,9,20,0.5
"s4","s1",3.62899346028684,9,20,0.5
"s4","s1",3.54528254650885,9,20,0.5
"s4","s1",1.8305319400007,9,20,0.5
"s4","s1",3.71325477903522,9,20,0.5
"s4","s1",2.23399148712767,9,20,0.5
"s4","s1",3.88789595765299,9,20,0.5
"s4","s1",1.98237594712331,9,20,0.5
"s4","s1",3.36903689017711,9,20,0.5
"s4","s1",3.21134455547346,9,20,0.5
"s4","s1",3.7808269586999,9,20,0.5
"s4","s1",3.17823958805989,9,20,0.5
"s4","s1",3.3768070451448,9,20,0.5
"s4","s1",2.29273447426291,9,20,0.5
"s4","s1",2.79649135509574,9,20,0.5
"s4","s1",1.94474084706699,9,20,0.5
"s4","s1",3.03549534039707,9,20,0.5
"s4","s1",2.18313614513857,9,20,0.5
"s4","s1",3.45715831335276,9,20,0.5
"s4","s1",2.94682055827078,9,20,0.5
"s4","s1",2.76199349398549,9,20,0.5
"s4","s1",3.69209618419728,9,20,0.5
"s4","s1",2.4866245478607,9,20,0.5
"s4","s1",3.08659442497501,9,20,0.5
"s4","s1",4.24175325835465,9,20,0.5
"s4","s1",4.12699337007081,9,20,0.5
"s4","s1",3.24444952288703,9,20,0.5
"s4","s1",2.78480945157793,9,20,0.5
"s4","s1",3.38545198049087,9,20,0.5
"s4","s1",3.32315829684584,9,20,0.5
"s4","s1",2.4802367135927,9,20,0.5
"s4","s1",3.60531101685416,9,20,0.5
"s4","s1",3.38364211013214,9,20,0.5
"s4","s1",2.28343924082212,9,20,0.5
"s4","s1",3.03634109437375,9,20,0.5
"s4","s1",2.80908547773228,9,20,0.5
"s4","s1",3.8991099619626,9,20,0.5
"s4","s1",2.54370067168321,9,20,0.5
"s4","s1",2.99535048235887,9,20,0.5
"s4","s1",3.7808269586999,9,20,0.5
"s4","s1",3.2586639958299,9,20,0.5
"s4","s1",2.4802367135927,9,20,0.5
"s4","s1",3.20210224113556,9,20,0.5
"s4","s1",3.40186707080464,9,20,0.5
"s4","s1",3.2627950425856,9,20,0.5
"s4","s1",2.51400414884884,9,20,0.5
"s4","s1",3.41661963754559,9,20,0.5
"s4","s1",3.31591596638135,9,20,0.5
"s4","s1",3.64958645041944,9,20,0.5
"s4","s1",3.72038655246859,9,20,0.5
"s4","s1",3.74704086886756,9,20,0.5
"s4","s1",2.99349179319104,9,20,0.5
"s4","s1",3.43198750634203,9,20,0.5
"s4","s1",2.4802367135927,9,20,0.5
"s4","s1",3.41661963754559,9,20,0.5
"s4","s1",2.66657726487093,9,20,0.5
"s4","s1",3.41661963754559,9,20,0.5
"s4","s1",3.7808269586999,9,20,0.5
"s4","s1",2.77471560806235,9,20,0.5
"s4","s1",3.14998761271634,9,20,0.5
"s4","s1",3.96737906278126,9,20,0.5
"s4","s1",3.40186707080464,9,20,0.5
"s4","s1",2.62880778085812,9,20,0.5
"s4","s1",3.40186707080464,9,20,0.5
"s4","s1",2.67470300005293,9,20,0.5
"s4","s1",2.61916830652166,9,20,0.5
"s4","s1",2.76199349398549,9,20,0.5
"s4","s1",3.60531101685416,9,20,0.5
"s4","s1",2.9367165987632,9,20,0.5
"s4","s1",3.07449595623058,9,20,0.5
"s4","s1",3.71481275196754,9,20,0.5
"s4","s1",4.10597925748039,9,20,0.5
"s4","s1",3.14998761271634,9,20,0.5
"s4","s1",3.19122677971454,9,20,0.5
"s4","s1",3.64879854523517,9,20,0.5
"s4","s1",3.02047043899139,9,20,0.5
"s4","s1",3.24444952288703,9,20,0.5
"s4","s1",3.31385044300351,9,20,0.5
"s4","s1",3.52279437933039,9,20,0.5
"s4","s1",3.48717395351564,9,20,0.5
"s4","s1",2.77064227150807,9,20,0.5
"s4","s1",3.170106395735,9,20,0.5
"s4","s1",3.15157309407756,9,20,0.5
"s4","s1",4.0533410443662,9,20,0.5
"s4","s1",3.96161456691936,9,20,0.5
"s4","s1",2.4866245478607,9,20,0.5
"s4","s1",2.84426111644302,9,20,0.5
"s4","s1",3.5035890438294,9,20,0.5
"s4","s1",3.17823958805989,9,20,0.5
"s4","s1",3.21234903071142,9,20,0.5
"s4","s1",3.8335948561394,9,20,0.5
"s4","s1",4.06401456029811,9,20,0.5
"s4","s1",3.29065166711008,9,20,0.5
"s4","s1",3.12490660009523,9,20,0.5
"s4","s1",3.60531101685416,9,20,0.5
"s4","s1",2.39243082627415,9,20,0.5
"s4","s1",3.17823958805989,9,20,0.5
"s4","s1",3.17823958805989,9,20,0.5
"s4","s1",3.59810553985951,9,20,0.5
"s4","s1",2.66537482141566,9,20,0.5
"s4","s1",3.74469801391396,9,20,0.5
"s4","s1",3.64879854523517,9,20,0.5
"s4","s1",3.64958645041944,9,20,0.5
"s4","s1",2.73654897285443,9,20,0.5
"s4","s1",2.20316398930279,9,20,0.5
"s4","s1",3.62461661826406,9,20,0.5
"s4","s1",3.17349877352809,9,20,0.5
"s4","s1",2.68200715778322,9,20,0.5
"s4","s1",3.1084115542615,9,20,0.5
"s4","s1",1.53668033069415,9,20,0.5
"s4","s1",3.64879854523517,9,20,0.5
"s4","s1",3.78326941551383,9,20,0.5
"s4","s1",2.78992665316996,9,20,0.5
"s4","s1",3.20447264840146,9,20,0.5
"s4","s1",3.46923598139053,9,20,0.5
"s4","s1",2.74144931913073,9,20,0.5
"s4","s1",3.48525407616353,9,20,0.5
"s4","s1",4.57837873892619,9,20,0.5
"s4","s1",3.40186707080464,9,20,0.5
"s4","s1",3.55545763202624,9,20,0.5
"s4","s1",3.89741463651148,9,20,0.5
"s4","s1",1.7507358800467,9,20,0.5
"s4","s1",4.44258258048826,9,20,0.5
"s4","s1",3.5424197630648,9,20,0.5
"s4","s1",3.24093922341231,9,20,0.5
"s4","s1",2.20223385792579,9,20,0.5
"s4","s1",3.60531101685416,9,20,0.5
"s4","s1",3.64392221967396,9,20,0.5
"s4","s1",3.29987129946007,9,20,0.5
"s4","s1",3.17823958805989,9,20,0.5
"s4","s1",3.40186707080464,9,20,0.5
"s4","s1",3.64879854523517,9,20,0.5
"s4","s1",3.13200095781379,9,20,0.5
"s4","s1",1.85897869709719,9,20,0.5
"s4","s1",2.86856619325923,9,20,0.5
"s4","s1",1.86637987224374,9,20,0.5
"s4","s1",2.43616915561585,9,20,0.5
"s4","s1",3.67364720746304,9,20,0.5
"s4","s1",3.6978286847623,9,20,0.5
"s4","s1",3.90033183088165,9,20,0.5
"s4","s1",2.61916830652166,9,20,0.5
"s4","s1",2.64027975071159,9,20,0.5
"s4","s1",3.51096532719987,9,20,0.5
"s4","s1",4.11907455327096,9,20,0.5
"s4","s1",4.08468567628834,9,20,0.5
"s4","s1",3.58579646228278,9,20,0.5
"s4","s1",3.64879854523517,9,20,0.5
"s4","s1",3.36903689017711,9,20,0.5
"s4","s1",2.98552934057119,9,20,0.5
"s4","s1",2.4802367135927,9,20,0.5
"s4","s1",3.47952850927545,9,20,0.5
"s4","s1",2.9367165987632,9,20,0.5
"s4","s1",3.55527797601071,9,20,0.5
"s4","s1",2.74401627141199,9,20,0.5
"s4","s1",3.29654692525959,9,20,0.5
"s4","s1",3.25155675935846,9,20,0.5
"s4","s1",3.65994614623729,9,20,0.5
"s4","s1",3.38457720011249,9,20,0.5
"s4","s1",2.74500127314819,9,20,0.5
"s4","s1",2.80819563820854,9,20,0.5
"s4","s1",2.96242832827032,9,20,0.5
"s4","s1",3.60531101685416,9,20,0.5
"s4","s1",2.84778621834588,9,20,0.5
"s4","s1",2.27084053571834,9,20,0.5
"s4","s1",3.38545198049087,9,20,0.5
"s4","s1",3.51244955590089,9,20,0.5
"s4","s1",3.7808269586999,9,20,0.5
"s4","s1",3.65994614623729,9,20,0.5
"s4","s1",1.98556112816795,9,20,0.5
"s4","s1",3.5035890438294,9,20,0.5
"s4","s1",4.08496514488997,9,20,0.5
"s4","s1",2.35687097799774,9,20,0.5
"s4","s1",1.75916894927512,9,20,0.5
"s4","s1",3.64879854523517,9,20,0.5
"s4","s1",2.79649135509574,9,20,0.5
"s4","s1",2.92950778802972,9,20,0.5
"s4","s1",3.29654692525959,9,20,0.5
"s4","s1",3.75253659042858,9,20,0.5
"s4","s1",2.30031903841885,9,20,0.5
"s4","s1",3.18337407912899,9,20,0.5
"s4","s1",2.79649135509574,9,20,0.5
"s4","s1",3.36326573604627,9,20,0.5
"s4","s1",2.35134309926007,9,20,0.5
"s4","s1",3.17349877352809,9,20,0.5
"s4","s1",3.63262858154572,9,20,0.5
"s4","s1",3.17349877352809,9,20,0.5
"s4","s1",2.53282669208375,9,20,0.5
"s4","s1",3.62705478104467,9,20,0.5
"s4","s1",3.02643788335241,9,20,0.5
"s4","s1",2.73998813885569,9,20,0.5
"s4","s1",3.10711862726936,9,20,0.5
"s4","s1",4.18685106785435,9,20,0.5
"s4","s1",3.2627950425856,9,20,0.5
"s4","s1",2.86808216014526,9,20,0.5
"s4","s1",3.32368612134904,9,20,0.5
"s4","s1",2.21606165065944,9,20,0.5
"s4","s1",2.95910745813331,9,20,0.5
"s4","s1",3.8863627535789,9,20,0.5
"s4","s1",3.02316087410258,9,20,0.5
"s4","s1",2.79649135509574,9,20,0.5
"s4","s1",3.31620226412991,9,20,0.5
"s4","s1",3.52226167317489,9,20,0.5
"s4","s1",3.40186707080464,9,20,0.5
"s4","s1",2.49531175726207,9,20,0.5
"s4","s1",3.59222554615654,9,20,0.5
"s4","s1",2.64741009303462,9,20,0.5
"s4","s1",2.67470300005293,9,20,0.5
"s4","s1",3.17823958805989,9,20,0.5
"s4","s1",2.49861566672487,9,20,0.5
"s4","s1",3.38545198049087,9,20,0.5
"s4","s1",2.84778621834588,9,20,0.5
"s4","s1",3.40186707080464,9,20,0.5
"s4","s1",2.26226379488249,9,20,0.5
"s4","s1",3.69290996736493,9,20,0.5
"s4","s1",2.41821757297306,9,20,0.5
"s4","s1",2.8322867576205,9,20,0.5
"s4","s1",3.56702631069935,9,20,0.5
"s4","s1",2.54370067168321,9,20,0.5
"s4","s1",2.80908547773228,9,20,0.5
"s4","s1",3.77086285416483,9,20,0.5
"s4","s1",1.9242830596656,9,20,0.5
"s4","s1",3.24666625002039,9,20,0.5
"s4","s1",3.69813119212821,9,20,0.5
"s4","s1",2.84778621834588,9,20,0.5
"s4","s1",4.81027940859587,9,20,0.5
"s4","s1",2.68760727423858,9,20,0.5
"s4","s1",2.8443078261541,9,20,0.5
"s4","s1",3.65228324332729,9,20,0.5
"s4","s1",2.58798169983024,9,20,0.5
"s4","s1",2.49531175726207,9,20,0.5
"s4","s1",3.64879854523517,9,20,0.5
"s4","s1",3.71481275196754,9,20,0.5
"s4","s1",3.64392221967396,9,20,0.5
"s4","s1",3.55888028637753,9,20,0.5
"s4","s1",3.02643788335241,9,20,0.5
"s4","s1",2.24533678828972,9,20,0.5
"s4","s1",2.3441020580402,9,20,0.5
"s4","s1",3.94493300708004,9,20,0.5
"s4","s1",4.91121481030403,9,20,0.5
"s4","s1",2.80908547773228,9,20,0.5
"s4","s1",3.91202659258953,9,20,0.5
"s4","s1",2.51741649043799,9,20,0.5
"s4","s1",2.96488108745334,9,20,0.5
"s4","s1",3.10198598933544,9,20,0.5
"s4","s1",3.64462034041729,9,20,0.5
"s4","s1",3.40186707080464,9,20,0.5
"s4","s1",2.73727900713539,9,20,0.5
"s4","s1",2.81767255425989,9,20,0.5
"s4","s1",2.03903895594254,9,20,0.5
"s4","s1",2.44596218840515,9,20,0.5
"s4","s1",3.74959949443595,9,20,0.5
"s4","s1",3.29654692525959,9,20,0.5
"s4","s1",3.12407248496111,9,20,0.5
"s4","s1",2.56626431148911,9,20,0.5
"s4","s1",3.62461661826406,9,20,0.5
"s4","s1",3.74704086886756,9,20,0.5
"s4","s1",3.64507911648533,9,20,0.5
"s4","s1",2.61235792058902,9,20,0.5
"s4","s1",2.75624171285652,9,20,0.5
"s4","s1",3.60531101685416,9,20,0.5
"s4","s1",3.71481275196754,9,20,0.5
"s4","s1",3.71325477903522,9,20,0.5
"s4","s1",1.91064218227929,9,20,0.5
"s4","s1",1.93925240308442,9,20,0.5
"s4","s1",4.12699337007081,9,20,0.5
"s4","s1",2.80762540917036,9,20,0.5
"s4","s1",2.86808216014526,9,20,0.5
"s4","s1",2.64912124741482,9,20,0.5
"s4","s1",2.19287544687409,9,20,0.5
"s4","s1",3.40186707080464,9,20,0.5
"s4","s1",3.5996899258501,9,20,0.5
"s4","s1",4.18950183042294,9,20,0.5
"s4","s1",2.60327203110035,9,20,0.5
"s4","s1",3.73596408980366,9,20,0.5
"s4","s1",3.69813119212821,9,20,0.5
"s4","s1",2.77471560806235,9,20,0.5
"s4","s1",3.69674827957456,9,20,0.5
"s4","s1",3.20442361504397,9,20,0.5
"s4","s1",2.94682055827078,9,20,0.5
"s4","s1",3.55888028637753,9,20,0.5
"s4","s1",2.62693579286385,9,20,0.5
"s4","s1",2.68006248404306,9,20,0.5
"s4","s1",3.38457720011249,9,20,0.5
"s4","s1",2.54370067168321,9,20,0.5
"s4","s1",3.70491020949337,9,20,0.5
"s4","s1",3.68102666213519,9,20,0.5
"s4","s1",2.94682055827078,9,20,0.5
"s4","s1",4.38135298179497,9,20,0.5
"s4","s1",3.14234503734879,9,20,0.5
"s4","s1",2.95525282900349,9,20,0.5
"s4","s1",3.62488414238346,9,20,0.5
"s4","s1",3.7808269586999,9,20,0.5
"s4","s1",2.59567540080401,9,20,0.5
"s4","s1",3.40186707080464,9,20,0.5
"s4","s1",2.60107610068607,9,20,0.5
"s4","s1",2.86808216014526,9,20,0.5
"s4","s1",2.96488108745334,9,20,0.5
"s4","s1",2.96488108745334,9,20,0.5
"s4","s1",3.64879854523517,9,20,0.5
"s4","s1",4.18393382226741,9,20,0.5
"s4","s1",3.71481275196754,9,20,0.5
"s4","s1",3.78326941551383,9,20,0.5
"s4","s1",3.71505649207265,9,20,0.5
"s4","s1",2.51743146876733,9,20,0.5
"s4","s1",3.29065166711008,9,20,0.5
"s4","s1",2.0193305155166,9,20,0.5
"s4","s1",3.41538412101912,9,20,0.5
"s4","s1",3.64670944282623,9,20,0.5
"s4","s1",3.24354515030346,9,20,0.5
"s4","s1",3.64879854523517,9,20,0.5
"s4","s1",3.64879854523517,9,20,0.5
"s4","s1",3.31623735641634,9,20,0.5
"s4","s1",3.54528254650885,9,20,0.5
"s4","s1",2.86658154296321,9,20,0.5
"s4","s1",2.56363361299038,9,20,0.5
"s4","s1",3.71481275196754,9,20,0.5
"s4","s1",3.36903689017711,9,20,0.5
"s4","s1",3.08990947341448,9,20,0.5
"s4","s1",2.9367165987632,9,20,0.5
"s4","s1",3.78326941551383,9,20,0.5
"s4","s1",2.65630650280419,9,20,0.5
"s4","s1",3.60531101685416,9,20,0.5
"s4","s1",3.17231801653231,9,20,0.5
"s4","s1",2.46574045643896,9,20,0.5
"s4","s1",3.47857252340768,9,20,0.5
"s4","s1",2.84295777727938,9,20,0.5
"s4","s1",3.29654692525959,9,20,0.5
"s4","s1",3.64462034041729,9,20,0.5
"s4","s1",3.41159841544478,9,20,0.5
"s4","s1",3.71481275196754,9,20,0.5
"s4","s1",3.63889600276101,9,20,0.5
"s4","s1",2.10557016291164,9,20,0.5
"s4","s1",1.7688883984101,9,20,0.5
"s4","s1",3.49494410848332,9,20,0.5
"s4","s1",3.67364720746304,9,20,0.5
"s4","s1",3.63684134380931,9,20,0.5
"s4","s1",3.33174683211171,9,20,0.5
"s4","s1",2.77471560806235,9,20,0.5
"s4","s1",2.77387450183465,9,20,0.5
"s4","s1",2.84212704861155,9,20,0.5
"s4","s1",3.83687706089719,9,20,0.5
"s4","s1",3.60531101685416,9,20,0.5
"s4","s1",3.11274335967265,9,20,0.5
"s4","s1",3.60531101685416,9,20,0.5
"s4","s1",4.14240217513882,9,20,0.5
"s4","s1",3.40186707080464,9,20,0.5
"s4","s1",3.4466240340611,9,20,0.5
"s4","s1",3.40186707080464,9,20,0.5
"s4","s1",2.20223385792579,9,20,0.5
"s4","s1",2.94682055827078,9,20,0.5
"s4","s1",3.40186707080464,9,20,0.5
"s4","s1",4.1886377403213,9,20,0.5
"s4","s1",2.87644384999253,9,20,0.5
"s4","s1",2.02400035703418,9,20,0.5
"s4","s1",3.72141818537903,9,20,0.5
"s4","s1",3.68484721611649,9,20,0.5
"s4","s1",2.67470300005293,9,20,0.5
"s4","s1",3.7808269586999,9,20,0.5
"s4","s1",3.64462034041729,9,20,0.5
"s4","s1",3.35789576680935,9,20,0.5
"s4","s1",2.53282669208375,9,20,0.5
"s4","s1",2.65845152968893,9,20,0.5
"s4","s1",2.67293983509606,9,20,0.5
"s4","s1",2.8620067266368,9,20,0.5
"s4","s1",2.07967772092109,9,20,0.5
"s4","s1",2.99494926189013,9,20,0.5
"s4","s1",4.21600252800669,9,20,0.5
"s4","s1",2.54370067168321,9,20,0.5
"s4","s1",3.15806668990489,9,20,0.5
"s4","s1",3.47866235141544,9,20,0.5
"s4","s1",3.2306215830991,9,20,0.5
"s4","s1",2.49531175726207,9,20,0.5
"s4","s1",4.03476108857972,9,20,0.5
"s4","s1",2.72373456485485,9,20,0.5
"s4","s1",2.5745079299748,9,20,0.5
"s4","s1",3.59134701475227,9,20,0.5
"s4","s1",3.16197320341011,9,20,0.5
"s4","s1",3.09684729247431,9,20,0.5
"s4","s1",2.52739120116726,9,20,0.5
"s4","s1",3.63889600276101,9,20,0.5
"s4","s1",1.9267107203881,9,20,0.5
"s4","s1",2.95270435439798,9,20,0.5
"s4","s1",4.02974435152663,9,20,0.5
"s4","s1",2.91519737318498,9,20,0.5
"s4","s1",2.81767255425989,9,20,0.5
"s4","s1",3.64879854523517,9,20,0.5
"s4","s1",3.2563845918639,9,20,0.5
"s4","s1",2.80908547773228,9,20,0.5
"s4","s1",3.38457720011249,9,20,0.5
"s4","s1",3.2563845918639,9,20,0.5
"s4","s1",2.91234530638464,9,20,0.5
"s4","s1",2.43616915561585,9,20,0.5
"s4","s1",2.18313614513857,9,20,0.5
"s4","s1",2.81503782706538,9,20,0.5
"s4","s1",3.39221050559811,9,20,0.5
"s4","s1",3.71237458918693,9,20,0.5
"s4","s1",3.23065667538554,9,20,0.5
"s4","s1",3.64879854523517,9,20,0.5
"s4","s1",2.86808216014526,9,20,0.5
"s4","s1",3.23053745745517,9,20,0.5
"s4","s1",2.67470300005293,9,20,0.5
"s4","s1",2.65079694914083,9,20,0.5
"s4","s1",3.41661963754559,9,20,0.5
"s4","s1",3.6491924978273,9,20,0.5
"s4","s1",2.28161398480292,9,20,0.5
"s4","s1",3.16197320341011,9,20,0.5
"s4","s1",3.44356057348408,9,20,0.5
"s4","s1",1.78435285846204,9,20,0.5
"s4","s1",3.02797975220505,9,20,0.5
"s4","s1",3.69813119212821,9,20,0.5
"s4","s1",3.15157309407756,9,20,0.5
"s4","s1",3.40186707080464,9,20,0.5
"s4","s1",3.23060764202805,9,20,0.5
"s4","s1",3.31623735641634,9,20,0.5
"s4","s1",3.38457720011249,9,20,0.5
"s4","s1",3.40186707080464,9,20,0.5
"s4","s1",1.7206998318973,9,20,0.5
"s4","s1",3.10198598933544,9,20,0.5
"s4","s1",3.5144915182072,9,20,0.5
"s4","s1",2.25203496046455,9,20,0.5
"s4","s1",2.87771991635022,9,20,0.5
"s4","s1",3.58029449643244,9,20,0.5
"s4","s1",3.01545499688872,9,20,0.5
"s4","s1",3.19416060396767,9,20,0.5
"s4","s1",2.89435865148209,9,20,0.5
"s4","s1",3.28159874707239,9,20,0.5
"s4","s1",3.38457720011249,9,20,0.5
"s4","s1",2.67470300005293,9,20,0.5
"s4","s1",3.14998761271634,9,20,0.5
"s4","s1",2.68760727423858,9,20,0.5
"s4","s1",4.12699337007081,9,20,0.5
"s4","s1",3.02734171902621,9,20,0.5
"s4","s1",3.5035890438294,9,20,0.5
"s4","s1",3.65437234573623,9,20,0.5
"s4","s1",3.36903689017711,9,20,0.5
"s4","s1",3.41913643578382,9,20,0.5
"s4","s1",2.2982371046876,9,20,0.5
"s4","s1",3.72038655246859,9,20,0.5
"s4","s1",3.40862559591188,9,20,0.5
"s4","s1",3.60531101685416,9,20,0.5
"s4","s1",3.89292716309448,9,20,0.5
"s4","s1",3.68541497023134,9,20,0.5
"s4","s1",2.77471560806235,9,20,0.5
"s4","s1",3.62705478104467,9,20,0.5
"s4","s1",3.10233873570615,9,20,0.5
"s4","s1",3.69306898777703,9,20,0.5
"s4","s1",3.68484721611649,9,20,0.5
"s4","s1",3.20432580427312,9,20,0.5
"s4","s1",3.64879854523517,9,20,0.5
"s4","s1",2.54820843301528,9,20,0.5
"s4","s1",2.00080919898349,9,20,0.5
"s4","s1",3.16197320341011,9,20,0.5
"s4","s1",3.7808269586999,9,20,0.5
"s4","s1",3.29742961280274,9,20,0.5
"s4","s1",3.44231005120483,9,20,0.5
"s4","s1",3.02643788335241,9,20,0.5
"s4","s1",3.19056292761999,9,20,0.5
"s4","s1",2.81767255425989,9,20,0.5
"s4","s1",2.81767255425989,9,20,0.5
"s4","s1",2.69264051192989,9,20,0.5
"s4","s1",3.45368578972144,9,20,0.5
"s4","s1",3.01545499688872,9,20,0.5
"s4","s1",2.87273396623181,9,20,0.5
"s4","s1",3.38457720011249,9,20,0.5
"s4","s1",3.64879854523517,9,20,0.5
"s4","s1",2.60107610068607,9,20,0.5
"s4","s1",3.05357477936778,9,20,0.5
"s4","s1",2.54820843301528,9,20,0.5
"s4","s1",3.07212554896468,9,20,0.5
"s4","s1",3.14998761271634,9,20,0.5
"s4","s1",2.97075232440127,9,20,0.5
"s4","s1",2.45798451014913,9,20,0.5
"s4","s1",3.6785230833524,9,20,0.5
"s4","s1",2.86660397692947,9,20,0.5
"s4","s1",3.12798625745863,9,20,0.5
"s4","s1",3.2563845918639,9,20,0.5
"s4","s1",1.7688883984101,9,20,0.5
"s4","s1",2.71834824701921,9,20,0.5
"s4","s1",2.84013930720018,9,20,0.5
"s4","s1",2.67521811048635,9,20,0.5
"s4","s1",2.97215723491029,9,20,0.5
"s4","s1",3.5253328080199,9,20,0.5
"s4","s1",3.65994614623729,9,20,0.5
"s4","s1",3.39939307897576,9,20,0.5
"s4","s1",3.5490410801932,9,20,0.5
"s4","s1",4.3603904570325,9,20,0.5
"s4","s1",3.17823958805989,9,20,0.5
"s4","s1",3.77915569052523,9,20,0.5
"s4","s1",2.4802367135927,9,20,0.5
"s4","s1",3.52279437933039,9,20,0.5
"s4","s1",2.7601129599753,9,20,0.5
"s4","s1",3.23070570874303,9,20,0.5
"s4","s1",3.71481275196754,9,20,0.5
"s4","s1",3.29065166711008,9,20,0.5
"s4","s1",2.86322401053758,9,20,0.5
"s4","s1",3.30764145442776,9,20,0.5
"s4","s1",3.64462034041729,9,20,0.5
"s4","s1",2.9315157110177,9,20,0.5
"s4","s1",3.95180013318939,9,20,0.5
"s4","s1",3.51096532719987,9,20,0.5
"s4","s1",3.25951225144673,9,20,0.5
"s4","s1",3.17823958805989,9,20,0.5
"s4","s1",3.48525407616353,9,20,0.5
"s4","s1",2.4802367135927,9,20,0.5
"s4","s1",2.66721892773104,9,20,0.5
"s4","s1",3.65476629832837,9,20,0.5
"s4","s1",2.60198563922378,9,20,0.5
"s4","s1",2.74500127314819,9,20,0.5
"s4","s1",3.20442361504397,9,20,0.5
"s4","s1",3.64879854523517,9,20,0.5
"s4","s1",3.62705478104467,9,20,0.5
"s4","s1",3.54528254650885,9,20,0.5
"s4","s1",3.18242578315296,9,20,0.5
"s4","s1",3.71481275196754,9,20,0.5
"s4","s1",2.4802367135927,9,20,0.5
"s4","s1",2.64314236859274,9,20,0.5
"s4","s1",4.02974435152663,9,20,0.5
"s4","s1",2.56934412164081,9,20,0.5
"s4","s1",3.21731208996189,9,20,0.5
"s4","s1",4.52333822432067,9,20,0.5
"s4","s1",2.67470300005293,9,20,0.5
"s4","s1",3.17823958805989,9,20,0.5
"s4","s1",3.44177406910668,9,20,0.5
"s4","s1",2.8324891746046,9,20,0.5
"s4","s1",2.79649135509574,9,20,0.5
"s4","s1",2.99494926189013,9,20,0.5
"s4","s1",3.29005332943226,9,20,0.5
"s4","s1",3.16197320341011,9,20,0.5
"s4","s1",2.83767819777187,9,20,0.5
"s4","s1",3.60531101685416,9,20,0.5
"s4","s1",3.34243282472774,9,20,0.5
"s4","s1",2.57746985682282,9,20,0.5
"s4","s1",3.11946045150323,9,20,0.5
"s4","s1",2.87750809823966,9,20,0.5
"s4","s1",3.56405269809227,9,20,0.5
"s4","s1",2.74189423889261,9,20,0.5
"s4","s1",2.21606165065944,9,20,0.5
"s4","s1",3.18620009601378,9,20,0.5
"s4","s1",3.68102666213519,9,20,0.5
"s4","s1",3.95664161300577,9,20,0.5
"s4","s1",2.51196869263795,9,20,0.5
"s4","s1",3.76628105427527,9,20,0.5
"s4","s1",3.90445002102593,9,20,0.5
"s4","s1",2.60327203110035,9,20,0.5
"s4","s1",2.85153113556365,9,20,0.5
"s4","s1",2.25002148872188,9,20,0.5
"s4","s1",3.40186707080464,9,20,0.5
"s4","s1",3.69933487463328,9,20,0.5
"s4","s1",3.73312096446562,9,20,0.5
"s4","s1",3.19416060396767,9,20,0.5
"s4","s1",2.96488108745334,9,20,0.5
"s4","s1",2.2982371046876,9,20,0.5
"s4","s1",3.02643788335241,9,20,0.5
"s4","s1",2.53078803437559,9,20,0.5
"s4","s1",2.42949939287601,9,20,0.5
"s4","s1",2.29273447426291,9,20,0.5
"s4","s1",3.08861626419282,9,20,0.5
"s4","s1",2.755612264369,9,20,0.5
"s4","s1",3.62705478104467,9,20,0.5
"s4","s1",2.76199349398549,9,20,0.5
"s4","s1",2.75624171285652,9,20,0.5
"s4","s1",3.75892417409729,9,20,0.5
"s4","s1",3.30764145442776,9,20,0.5
"s4","s1",3.06473464989998,9,20,0.5
"s4","s1",3.65994614623729,9,20,0.5
"s4","s1",3.70285555054168,9,20,0.5
"s4","s1",3.00828457783977,9,20,0.5
"s4","s1",3.02643788335241,9,20,0.5
"s4","s1",2.56363361299038,9,20,0.5
"s4","s1",3.17823958805989,9,20,0.5
"s4","s1",3.40924335417512,9,20,0.5
"s4","s1",2.65845152968893,9,20,0.5
"s4","s1",2.65845152968893,9,20,0.5
"s4","s1",2.22207636648339,9,20,0.5
"s4","s1",2.87771991635022,9,20,0.5
"s4","s1",3.45415994071245,9,20,0.5
"s4","s1",2.60470334004092,9,20,0.5
"s4","s1",3.21238412299785,9,20,0.5
"s4","s1",3.69479854529916,9,20,0.5
"s4","s1",3.47857252340768,9,20,0.5
"s4","s1",3.17349877352809,9,20,0.5
"s4","s1",4.39032441361423,9,20,0.5
"s4","s1",3.64879854523517,9,20,0.5
"s4","s1",2.53282669208375,9,20,0.5
"s4","s1",3.76414539886058,9,20,0.5
"s4","s1",3.64879854523517,9,20,0.5
"s4","s1",3.42001266247486,9,20,0.5
"s4","s1",2.2982371046876,9,20,0.5
"s4","s1",3.64879854523517,9,20,0.5
"s4","s1",2.83370954074184,9,20,0.5
"s4","s1",3.7808269586999,9,20,0.5
"s4","s1",3.68541497023134,9,20,0.5
"s4","s1",3.73702138949468,9,20,0.5
"s4","s1",3.14998761271634,9,20,0.5
"s4","s1",3.62705478104467,9,20,0.5
"s4","s1",2.93292343114924,9,20,0.5
"s4","s1",3.14932081573938,9,20,0.5
"s4","s1",2.74500127314819,9,20,0.5
"s4","s1",2.19005692481853,9,20,0.5
"s4","s1",2.84793106527117,9,20,0.5
"s4","s1",3.12490660009523,9,20,0.5
"s4","s1",2.87644384999253,9,20,0.5
"s4","s1",3.53727349912235,9,20,0.5
"s4","s1",3.72424622215726,9,20,0.5
"s4","s1",3.29065166711008,9,20,0.5
"s4","s1",2.15603171370275,9,20,0.5
"s4","s1",2.64314236859274,9,20,0.5
"s4","s1",3.29065166711008,9,20,0.5
"s4","s1",3.91202659258953,9,20,0.5
"s4","s1",2.26226379488249,9,20,0.5
"s4","s1",3.64879854523517,9,20,0.5
"s4","s1",2.87771991635022,9,20,0.5
"s4","s1",2.67470300005293,9,20,0.5
"s4","s1",3.28803167062772,9,20,0.5
"s4","s1",2.56626431148911,9,20,0.5
"s4","s1",3.3397073400656,9,20,0.5
"s4","s1",3.60531101685416,9,20,0.5
"s4","s1",4.16330124021229,9,20,0.5
"s4","s1",2.5232505125409,9,20,0.5
"s4","s1",3.64879854523517,9,20,0.5
"s4","s1",4.08468567628834,9,20,0.5
"s4","s1",4.04843444506782,9,20,0.5
"s4","s1",2.82640548270501,9,20,0.5
"s4","s1",2.30266804862112,9,20,0.5
"s4","s1",4.12699337007081,9,20,0.5
"s4","s1",2.96488108745334,9,20,0.5
"s4","s1",2.76547866045944,9,20,0.5
"s4","s1",3.68652238369622,9,20,0.5
"s4","s1",3.40186707080464,9,20,0.5
"s4","s1",3.2586639958299,9,20,0.5
"s4","s1",3.07773292685737,9,20,0.5
"s4","s1",2.75624171285652,9,20,0.5
"s4","s1",3.36903689017711,9,20,0.5
"s4","s1",5.61958143595654,9,20,0.5
"s4","s1",3.41538412101912,9,20,0.5
"s4","s1",3.39303263702714,9,20,0.5
"s4","s1",4.07491799980043,9,20,0.5
"s4","s1",1.8305319400007,9,20,0.5
"s4","s1",3.60531101685416,9,20,0.5
"s4","s1",3.43198750634203,9,20,0.5
"s4","s1",4.92518359566761,9,20,0.5
"s4","s1",3.2736382391185,9,20,0.5
"s4","s1",3.38457720011249,9,20,0.5
"s4","s1",3.19122677971454,9,20,0.5
"s4","s1",3.36903689017711,9,20,0.5
"s4","s1",3.29801383738616,9,20,0.5
"s4","s1",3.58029449643244,9,20,0.5
"s4","s1",3.7808269586999,9,20,0.5
"s4","s1",2.50121673355248,9,20,0.5
"s4","s1",3.02734171902621,9,20,0.5
"s4","s1",3.36903689017711,9,20,0.5
"s4","s1",2.15603171370275,9,20,0.5
"s4","s1",2.77411145821615,9,20,0.5
"s4","s1",2.25963783476762,9,20,0.5
"s4","s1",2.83646760254414,9,20,0.5
"s4","s1",4.07421168437472,9,20,0.5
"s4","s1",2.52644442967491,9,20,0.5
"s4","s1",3.34625936895736,9,20,0.5
"s4","s1",3.60531101685416,9,20,0.5
"s4","s1",3.19416060396767,9,20,0.5
"s4","s1",2.41863397591082,9,20,0.5
"s4","s1",2.91452967703735,9,20,0.5
"s4","s1",3.34625936895736,9,20,0.5
"s4","s1",2.73303846942965,9,20,0.5
"s4","s1",3.04489384377429,9,20,0.5
"s4","s1",2.97722013679894,9,20,0.5
"s4","s1",3.60531101685416,9,20,0.5
"s4","s1",2.68137783329242,9,20,0.5
"s4","s1",2.40508297151512,9,20,0.5
"s4","s1",2.20223385792579,9,20,0.5
"s4","s1",3.71325477903522,9,20,0.5
"s4","s1",3.64462034041729,9,20,0.5
"s4","s1",3.69905099757585,9,20,0.5
"s4","s1",2.4581650067108,9,20,0.5
"s4","s1",2.80654171664673,9,20,0.5
"s4","s1",3.2563845918639,9,20,0.5
"s4","s1",2.61814669940409,9,20,0.5
"s4","s1",4.18420030528576,9,20,0.5
"s4","s1",3.60531101685416,9,20,0.5
"s4","s1",2.28843971865364,9,20,0.5
"s4","s1",3.51543026554574,9,20,0.5
"s4","s1",3.48525407616353,9,20,0.5
"s4","s1",4.12405675704714,9,20,0.5
"s4","s1",4.4064599205641,9,20,0.5
"s4","s1",2.94594942344063,9,20,0.5
"s4","s1",2.31260162297933,9,20,0.5
"s4","s1",3.62705478104467,9,20,0.5
"s4","s1",4.07121452104917,9,20,0.5
"s4","s1",3.24444952288703,9,20,0.5
"s4","s1",3.36903689017711,9,20,0.5
"s4","s1",2.15560751715554,9,20,0.5
"s4","s1",2.37470022831384,9,20,0.5
"s4","s1",2.39641916828602,9,20,0.5
"s4","s1",3.03916183790052,9,20,0.5
"s4","s1",3.64536299354275,9,20,0.5
"s4","s1",2.07967772092109,9,20,0.5
"s4","s1",2.25787848373267,9,20,0.5
"s4","s1",5.15966102325703,9,20,0.5
"s4","s1",3.64879854523517,9,20,0.5
"s4","s1",4.23930429301965,9,20,0.5
"s4","s1",4.07491799980043,9,20,0.5
"s4","s1",2.79649135509574,9,20,0.5
"s4","s1",3.11401430291124,9,20,0.5
"s4","s1",3.7808269586999,9,20,0.5
"s4","s1",2.94650971315781,9,20,0.5
"s4","s1",2.65287614362505,9,20,0.5
"s4","s1",2.96584342858556,9,20,0.5
"s4","s1",3.27592734176049,9,20,0.5
"s4","s1",2.3896795110618,9,20,0.5
"s4","s1",2.28743270893091,9,20,0.5
"s4","s1",3.47438224533299,9,20,0.5
"s4","s1",3.23070570874303,9,20,0.5
"s4","s1",2.90798892997002,9,20,0.5
"s4","s1",4.41892292310301,9,20,0.5
"s4","s1",2.64741009303462,9,20,0.5
"s4","s1",2.6749315177186,9,20,0.5
"s4","s1",3.14998761271634,9,20,0.5
"s4","s1",2.60470050953292,9,20,0.5
"s4","s1",3.50891771770614,9,20,0.5
"s4","s1",3.40186707080464,9,20,0.5
"s4","s1",3.64879854523517,9,20,0.5
"s4","s1",3.69479854529916,9,20,0.5
"s4","s1",2.75624171285652,9,20,0.5
"s4","s1",2.60684048477689,9,20,0.5
"s4","s1",2.52193516329154,9,20,0.5
"s4","s1",3.48525407616353,9,20,0.5
"s4","s1",3.69813119212821,9,20,0.5
"s4","s1",2.54820843301528,9,20,0.5
"s4","s1",3.23444562758498,9,20,0.5
"s4","s1",3.29987129946007,9,20,0.5
"s4","s1",3.40186707080464,9,20,0.5
"s4","s1",4.24990641641918,9,20,0.5
"s4","s1",3.2627950425856,9,20,0.5
"s4","s1",1.8305319400007,9,20,0.5
"s4","s1",1.9200856010131,9,20,0.5
"s4","s1",3.45368578972144,9,20,0.5
"s4","s1",2.15603171370275,9,20,0.5
"s4","s1",2.20223385792579,9,20,0.5
"s4","s1",3.60531101685416,9,20,0.5
"s4","s1",3.45124290510858,9,20,0.5
"s4","s1",2.41821757297306,9,20,0.5
"s4","s1",2.75624171285652,9,20,0.5
"s4","s1",2.72538388888155,9,20,0.5
"s4","s1",3.7808269586999,9,20,0.5
"s4","s1",2.87290103824774,9,20,0.5
"s4","s1",2.65749137538226,9,20,0.5
"s4","s1",3.76414539886058,9,20,0.5
"s4","s1",4.73671813026045,9,20,0.5
"s4","s1",2.68040713365362,9,20,0.5
"s4","s2",2.61902340861702,9,20,0.5
"s4","s2",2.96365099216843,9,20,0.5
"s4","s2",2.28755568102742,9,20,0.5
"s4","s2",3.27806032590575,9,20,0.5
"s4","s2",3.5226501486546,9,20,0.5
"s4","s2",2.57080686714581,9,20,0.5
"s4","s2",2.41287058706375,9,20,0.5
"s4","s2",2.83464515272561,9,20,0.5
"s4","s2",2.19102539929527,9,20,0.5
"s4","s2",2.50007414057485,9,20,0.5
"s4","s2",2.9035065844424,9,20,0.5
"s4","s2",2.41287058706375,9,20,0.5
"s4","s2",2.08903082722343,9,20,0.5
"s4","s2",3.02287842395647,9,20,0.5
"s4","s2",2.23691754073274,9,20,0.5
"s4","s2",2.34775867576346,9,20,0.5
"s4","s2",2.36500708420067,9,20,0.5
"s4","s2",3.04958911889931,9,20,0.5
"s4","s2",2.34209548695333,9,20,0.5
"s4","s2",2.62401099564625,9,20,0.5
"s4","s2",3.00865370171471,9,20,0.5
"s4","s2",2.45636196280981,9,20,0.5
"s4","s2",3.59184730563421,9,20,0.5
"s4","s2",2.10433364029941,9,20,0.5
"s4","s2",3.46868935112232,9,20,0.5
"s4","s2",2.3971123618188,9,20,0.5
"s4","s2",2.10179409980339,9,20,0.5
"s4","s2",3.29740789153117,9,20,0.5
"s4","s2",2.80365277547975,9,20,0.5
"s4","s2",2.53909697129509,9,20,0.5
"s4","s2",3.02865067916184,9,20,0.5
"s4","s2",2.96746365982165,9,20,0.5
"s4","s2",2.57347830975892,9,20,0.5
"s4","s2",2.84044576724139,9,20,0.5
"s4","s2",2.22126944241337,9,20,0.5
"s4","s2",2.19914467013512,9,20,0.5
"s4","s2",3.07793036039514,9,20,0.5
"s4","s2",2.38277131477057,9,20,0.5
"s4","s2",2.29010210668384,9,20,0.5
"s4","s2",2.38992631850815,9,20,0.5
"s4","s2",2.4927557209925,9,20,0.5
"s4","s2",2.74575589749608,9,20,0.5
"s4","s2",2.22787309803025,9,20,0.5
"s4","s2",3.0864907665152,9,20,0.5
"s4","s2",2.33805670359177,9,20,0.5
"s4","s2",2.17119970521014,9,20,0.5
"s4","s2",2.83568587736533,9,20,0.5
"s4","s2",2.38268615542073,9,20,0.5
"s4","s2",3.45827920754291,9,20,0.5
"s4","s2",2.07329875410953,9,20,0.5
"s4","s2",2.22484035370292,9,20,0.5
"s4","s2",2.28433933725452,9,20,0.5
"s4","s2",2.60761605914084,9,20,0.5
"s4","s2",2.48324014987803,9,20,0.5
"s4","s2",2.64800035936512,9,20,0.5
"s4","s2",2.61106474340782,9,20,0.5
"s4","s2",2.70852999440582,9,20,0.5
"s4","s2",3.26953074643171,9,20,0.5
"s4","s2",2.12609220900378,9,20,0.5
"s4","s2",2.92544909916962,9,20,0.5
"s4","s2",2.02537866033833,9,20,0.5
"s4","s2",2.94165192984036,9,20,0.5
"s4","s2",2.96432633702298,9,20,0.5
"s4","s2",3.09965905127359,9,20,0.5
"s4","s2",2.29475844161356,9,20,0.5
"s4","s2",3.03092267055002,9,20,0.5
"s4","s2",2.99526053943565,9,20,0.5
"s4","s2",2.85698197452164,9,20,0.5
"s4","s2",2.08727980395909,9,20,0.5
"s4","s2",2.26225476449488,9,20,0.5
"s4","s2",3.01748563333454,9,20,0.5
"s4","s2",2.80177562599672,9,20,0.5
"s4","s2",2.81502754661623,9,20,0.5
"s4","s2",2.6406556958045,9,20,0.5
"s4","s2",2.29505137335665,9,20,0.5
"s4","s2",3.4398688569557,9,20,0.5
"s4","s2",1.83155902415974,9,20,0.5
"s4","s2",2.41287058706375,9,20,0.5
"s4","s2",3.01200522794175,9,20,0.5
"s4","s2",2.90204869569945,9,20,0.5
"s4","s2",2.67281390487149,9,20,0.5
"s4","s2",2.61673175526929,9,20,0.5
"s4","s2",2.2244661693592,9,20,0.5
"s4","s2",2.91690304205957,9,20,0.5
"s4","s2",2.86955522572767,9,20,0.5
"s4","s2",2.06406746840827,9,20,0.5
"s4","s2",3.062621350691,9,20,0.5
"s4","s2",3.32749538405384,9,20,0.5
"s4","s2",2.31483222206135,9,20,0.5
"s4","s2",2.34305296842065,9,20,0.5
"s4","s2",2.84336154472729,9,20,0.5
"s4","s2",2.57468634828738,9,20,0.5
"s4","s2",2.67495459624778,9,20,0.5
"s4","s2",2.43253460424537,9,20,0.5
"s4","s2",2.19298192736831,9,20,0.5
"s4","s2",3.98503984203407,9,20,0.5
"s4","s2",2.48324014987803,9,20,0.5
"s4","s2",2.59732683173606,9,20,0.5
"s4","s2",2.17789429876139,9,20,0.5
"s4","s2",2.45599107473754,9,20,0.5
"s4","s2",2.22116434155076,9,20,0.5
"s4","s2",2.73399602626577,9,20,0.5
"s4","s2",2.74217810331167,9,20,0.5
"s4","s2",2.89252317123756,9,20,0.5
"s4","s2",3.05523135025615,9,20,0.5
"s4","s2",2.35250877881417,9,20,0.5
"s4","s2",2.27266934214102,9,20,0.5
"s4","s2",3.04958911889931,9,20,0.5
"s4","s2",2.91045874822776,9,20,0.5
"s4","s2",4.10560320871062,9,20,0.5
"s4","s2",2.08815531559126,9,20,0.5
"s4","s2",2.39972094626817,9,20,0.5
"s4","s2",2.17130480607275,9,20,0.5
"s4","s2",2.28755568102742,9,20,0.5
"s4","s2",2.65790505867287,9,20,0.5
"s4","s2",2.36393496080934,9,20,0.5
"s4","s2",2.28755568102742,9,20,0.5
"s4","s2",2.43853637671059,9,20,0.5
"s4","s2",2.90635491821928,9,20,0.5
"s4","s2",2.50407580224065,9,20,0.5
"s4","s2",3.02092065314807,9,20,0.5
"s4","s2",2.52453681757408,9,20,0.5
"s4","s2",2.52880108257731,9,20,0.5
"s4","s2",2.45121615092486,9,20,0.5
"s4","s2",2.08815531559126,9,20,0.5
"s4","s2",2.96613430475605,9,20,0.5
"s4","s2",2.06641155140076,9,20,0.5
"s4","s2",2.44974192204429,9,20,0.5
"s4","s2",2.18743508377671,9,20,0.5
"s4","s2",2.32797953355789,9,20,0.5
"s4","s2",2.47873959693384,9,20,0.5
"s4","s2",2.78085694072723,9,20,0.5
"s4","s2",3.05051165328136,9,20,0.5
"s4","s2",2.29208317854232,9,20,0.5
"s4","s2",2.67281390487149,9,20,0.5
"s4","s2",2.51282391759387,9,20,0.5
"s4","s2",2.83096637533848,9,20,0.5
"s4","s2",2.33374960508664,9,20,0.5
"s4","s2",1.82942525628409,9,20,0.5
"s4","s2",2.06641155140076,9,20,0.5
"s4","s2",3.02184269873092,9,20,0.5
"s4","s2",2.50564813217898,9,20,0.5
"s4","s2",2.88593277996837,9,20,0.5
"s4","s2",3.09839677850103,9,20,0.5
"s4","s2",2.43853637671059,9,20,0.5
"s4","s2",2.7181028507448,9,20,0.5
"s4","s2",3.01200522794175,9,20,0.5
"s4","s2",2.67515442154123,9,20,0.5
"s4","s2",2.66487202713898,9,20,0.5
"s4","s2",3.17048400333608,9,20,0.5
"s4","s2",2.38992631850815,9,20,0.5
"s4","s2",2.57891826076937,9,20,0.5
"s4","s2",2.35006410631753,9,20,0.5
"s4","s2",2.11719756025671,9,20,0.5
"s4","s2",2.34016483389506,9,20,0.5
"s4","s2",2.9107549484043,9,20,0.5
"s4","s2",3.06106046066341,9,20,0.5
"s4","s2",2.20207572589569,9,20,0.5
"s4","s2",3.24130895539858,9,20,0.5
"s4","s2",2.87060240431599,9,20,0.5
"s4","s2",3.22668578814876,9,20,0.5
"s4","s2",2.08815531559126,9,20,0.5
"s4","s2",2.60761605914084,9,20,0.5
"s4","s2",2.73399602626577,9,20,0.5
"s4","s2",2.93767871966751,9,20,0.5
"s4","s2",2.72368471572615,9,20,0.5
"s4","s2",2.58126491442055,9,20,0.5
"s4","s2",2.3746572881229,9,20,0.5
"s4","s2",2.60761605914084,9,20,0.5
"s4","s2",3.29415402618453,9,20,0.5
"s4","s2",2.62537396321427,9,20,0.5
"s4","s2",2.54234678685788,9,20,0.5
"s4","s2",2.33443753878275,9,20,0.5
"s4","s2",2.71930014482816,9,20,0.5
"s4","s2",2.99267736935673,9,20,0.5
"s4","s2",3.22452866887451,9,20,0.5
"s4","s2",2.62468174546601,9,20,0.5
"s4","s2",2.22105924068816,9,20,0.5
"s4","s2",2.49708438483227,9,20,0.5
"s4","s2",3.77885368682999,9,20,0.5
"s4","s2",3.44269456761897,9,20,0.5
"s4","s2",2.08903082722343,9,20,0.5
"s4","s2",2.41287058706375,9,20,0.5
"s4","s2",2.84044576724139,9,20,0.5
"s4","s2",2.08727980395909,9,20,0.5
"s4","s2",2.22126944241337,9,20,0.5
"s4","s2",2.38375763537675,9,20,0.5
"s4","s2",2.42838711487406,9,20,0.5
"s4","s2",3.10372163007731,9,20,0.5
"s4","s2",2.08815531559126,9,20,0.5
"s4","s2",3.71292079781499,9,20,0.5
"s4","s2",2.38024454862038,9,20,0.5
"s4","s2",2.27266934214102,9,20,0.5
"s4","s2",2.22126944241337,9,20,0.5
"s4","s2",3.05051165328136,9,20,0.5
"s4","s2",2.62850932663476,9,20,0.5
"s4","s2",2.59495379271216,9,20,0.5
"s4","s2",2.11600590773399,9,20,0.5
"s4","s2",2.40595830344681,9,20,0.5
"s4","s2",2.15504503395579,9,20,0.5
"s4","s2",2.97851585092955,9,20,0.5
"s4","s2",2.73581103557149,9,20,0.5
"s4","s2",3.32289455035025,9,20,0.5
"s4","s2",2.90995411726718,9,20,0.5
"s4","s2",2.6406556958045,9,20,0.5
"s4","s2",2.71930014482816,9,20,0.5
"s4","s2",2.99562052436983,9,20,0.5
"s4","s2",2.34491784237507,9,20,0.5
"s4","s2",2.54697506527441,9,20,0.5
"s4","s2",2.54697506527441,9,20,0.5
"s4","s2",2.92995325563831,9,20,0.5
"s4","s2",2.68908213784138,9,20,0.5
"s4","s2",2.35875793150742,9,20,0.5
"s4","s2",2.85675218656363,9,20,0.5
"s4","s2",2.14697185637383,9,20,0.5
"s4","s2",2.6406556958045,9,20,0.5
"s4","s2",2.91796059746646,9,20,0.5
"s4","s2",3.02916055045876,9,20,0.5
"s4","s2",2.82472031987938,9,20,0.5
"s4","s2",2.48507948404097,9,20,0.5
"s4","s2",3.19751952650617,9,20,0.5
"s4","s2",2.79024898704029,9,20,0.5
"s4","s2",2.61362457508516,9,20,0.5
"s4","s2",2.6286937255369,9,20,0.5
"s4","s2",3.25227461097828,9,20,0.5
"s4","s2",2.41312436129539,9,20,0.5
"s4","s2",2.33732690593596,9,20,0.5
"s4","s2",2.32832734794706,9,20,0.5
"s4","s2",3.44552027828223,9,20,0.5
"s4","s2",1.90840344048706,9,20,0.5
"s4","s2",3.0721273724513,9,20,0.5
"s4","s2",3.53860921268278,9,20,0.5
"s4","s2",3.17176270683806,9,20,0.5
"s4","s2",2.89252317123756,9,20,0.5
"s4","s2",2.59495379271216,9,20,0.5
"s4","s2",2.43853637671059,9,20,0.5
"s4","s2",2.60761605914084,9,20,0.5
"s4","s2",3.30531903335951,9,20,0.5
"s4","s2",3.20253983353124,9,20,0.5
"s4","s2",2.08903082722343,9,20,0.5
"s4","s2",2.21692878727923,9,20,0.5
"s4","s2",2.53771850844136,9,20,0.5
"s4","s2",3.02357802754511,9,20,0.5
"s4","s2",2.43853637671059,9,20,0.5
"s4","s2",2.59243969984789,9,20,0.5
"s4","s2",2.45121615092486,9,20,0.5
"s4","s2",3.1721797103897,9,20,0.5
"s4","s2",3.15141193883671,9,20,0.5
"s4","s2",2.18743508377671,9,20,0.5
"s4","s2",1.89085023951775,9,20,0.5
"s4","s2",2.6155547635667,9,20,0.5
"s4","s2",2.6155547635667,9,20,0.5
"s4","s2",3.29576758609143,9,20,0.5
"s4","s2",2.36500708420067,9,20,0.5
"s4","s2",2.93264743240004,9,20,0.5
"s4","s2",2.73073912406991,9,20,0.5
"s4","s2",3.10534906750892,9,20,0.5
"s4","s2",2.8599294861017,9,20,0.5
"s4","s2",3.05051165328136,9,20,0.5
"s4","s2",2.3145592089408,9,20,0.5
"s4","s2",3.36787668192736,9,20,0.5
"s4","s2",2.26794573137475,9,20,0.5
"s4","s2",2.53513950693577,9,20,0.5
"s4","s2",2.43853637671059,9,20,0.5
"s4","s2",2.03352304179663,9,20,0.5
"s4","s2",2.08727980395909,9,20,0.5
"s4","s2",2.74217810331167,9,20,0.5
"s4","s2",2.37070027114171,9,20,0.5
"s4","s2",3.46773773118503,9,20,0.5
"s4","s2",2.99768275109137,9,20,0.5
"s4","s2",2.73668830115603,9,20,0.5
"s4","s2",3.18182743226939,9,20,0.5
"s4","s2",2.74217810331167,9,20,0.5
"s4","s2",2.36500708420067,9,20,0.5
"s4","s2",2.64815025026488,9,20,0.5
"s4","s2",3.23378004700398,9,20,0.5
"s4","s2",3.26324026655799,9,20,0.5
"s4","s2",2.3593182810893,9,20,0.5
"s4","s2",2.32733437627822,9,20,0.5
"s4","s2",2.22105924068816,9,20,0.5
"s4","s2",2.98336027424099,9,20,0.5
"s4","s2",3.29740789153117,9,20,0.5
"s4","s2",2.56008484715684,9,20,0.5
"s4","s2",2.43122360945967,9,20,0.5
"s4","s2",2.96613430475605,9,20,0.5
"s4","s2",2.36090551582575,9,20,0.5
"s4","s2",2.71389250630267,9,20,0.5
"s4","s2",2.51047932915969,9,20,0.5
"s4","s2",2.03324794302513,9,20,0.5
"s4","s2",3.04025589472466,9,20,0.5
"s4","s2",1.99702073053719,9,20,0.5
"s4","s2",2.41453524364211,9,20,0.5
"s4","s2",2.34685866393556,9,20,0.5
"s4","s2",2.80365277547975,9,20,0.5
"s4","s2",3.05051165328136,9,20,0.5
"s4","s2",2.18341415217537,9,20,0.5
"s4","s2",2.46073807190905,9,20,0.5
"s4","s2",3.00714048501291,9,20,0.5
"s4","s2",2.68774833662125,9,20,0.5
"s4","s2",2.64815025026488,9,20,0.5
"s4","s2",2.14230936676591,9,20,0.5
"s4","s2",2.22105924068816,9,20,0.5
"s4","s2",2.80639025381383,9,20,0.5
"s4","s2",2.60761605914084,9,20,0.5
"s4","s2",2.82426651076548,9,20,0.5
"s4","s2",2.68810067377966,9,20,0.5
"s4","s2",3.01080364923872,9,20,0.5
"s4","s2",3.09374309162124,9,20,0.5
"s4","s2",2.42236373812871,9,20,0.5
"s4","s2",2.08903082722343,9,20,0.5
"s4","s2",2.99267736935673,9,20,0.5
"s4","s2",2.54697506527441,9,20,0.5
"s4","s2",2.96583780077619,9,20,0.5
"s4","s2",3.02219223600118,9,20,0.5
"s4","s2",2.84044576724139,9,20,0.5
"s4","s2",2.47413067743257,9,20,0.5
"s4","s2",3.15913588024787,9,20,0.5
"s4","s2",2.82199546823802,9,20,0.5
"s4","s2",2.57909889990543,9,20,0.5
"s4","s2",3.01474543063815,9,20,0.5
"s4","s2",2.78208678577484,9,20,0.5
"s4","s2",3.05051165328136,9,20,0.5
"s4","s2",2.54697506527441,9,20,0.5
"s4","s2",2.9026778712395,9,20,0.5
"s4","s2",1.97448525833988,9,20,0.5
"s4","s2",2.62367812965404,9,20,0.5
"s4","s2",2.1597126465143,9,20,0.5
"s4","s2",3.02547421749426,9,20,0.5
"s4","s2",2.66767584664646,9,20,0.5
"s4","s2",2.08727980395909,9,20,0.5
"s4","s2",2.87239983775224,9,20,0.5
"s4","s2",2.8749897109799,9,20,0.5
"s4","s2",2.74217810331167,9,20,0.5
"s4","s2",2.36090551582575,9,20,0.5
"s4","s2",2.72161251466488,9,20,0.5
"s4","s2",1.8799677849872,9,20,0.5
"s4","s2",2.26908117495034,9,20,0.5
"s4","s2",3.07215628923998,9,20,0.5
"s4","s2",2.54697506527441,9,20,0.5
"s4","s2",2.71043594786031,9,20,0.5
"s4","s2",2.32562553079196,9,20,0.5
"s4","s2",2.58288032992898,9,20,0.5
"s4","s2",2.62537396321427,9,20,0.5
"s4","s2",2.94073901430992,9,20,0.5
"s4","s2",2.52142188959839,9,20,0.5
"s4","s2",2.39559558725376,9,20,0.5
"s4","s2",3.04009103751852,9,20,0.5
"s4","s2",3.46868935112232,9,20,0.5
"s4","s2",2.57909889990543,9,20,0.5
"s4","s2",3.29622861175675,9,20,0.5
"s4","s2",3.1722410590843,9,20,0.5
"s4","s2",2.09064247909481,9,20,0.5
"s4","s2",3.00865370171471,9,20,0.5
"s4","s2",2.22105924068816,9,20,0.5
"s4","s2",2.84336154472729,9,20,0.5
"s4","s2",2.3145592089408,9,20,0.5
"s4","s2",2.87265235266005,9,20,0.5
"s4","s2",2.90088879693765,9,20,0.5
"s4","s2",3.25227659504798,9,20,0.5
"s4","s2",3.79995764011775,9,20,0.5
"s4","s2",2.97816449675712,9,20,0.5
"s4","s2",3.11406471236291,9,20,0.5
"s4","s2",2.70104692601809,9,20,0.5
"s4","s2",2.85856928474594,9,20,0.5
"s4","s2",2.70104692601809,9,20,0.5
"s4","s2",2.19038594360123,9,20,0.5
"s4","s2",2.2743019093458,9,20,0.5
"s4","s2",3.10894449287613,9,20,0.5
"s4","s2",2.24427633344767,9,20,0.5
"s4","s2",2.215197129167,9,20,0.5
"s4","s2",2.43853637671059,9,20,0.5
"s4","s2",1.99259886458385,9,20,0.5
"s4","s2",2.22105924068816,9,20,0.5
"s4","s2",2.70848486777718,9,20,0.5
"s4","s2",2.83464515272561,9,20,0.5
"s4","s2",2.64815025026488,9,20,0.5
"s4","s2",2.96970281378307,9,20,0.5
"s4","s2",2.3467933279234,9,20,0.5
"s4","s2",3.02865067916184,9,20,0.5
"s4","s2",2.44499181899358,9,20,0.5
"s4","s2",2.3034502883016,9,20,0.5
"s4","s2",2.0650853850698,9,20,0.5
"s4","s2",2.85697734838249,9,20,0.5
"s4","s2",2.31483222206135,9,20,0.5
"s4","s2",2.75007854277769,9,20,0.5
"s4","s2",2.18309221110323,9,20,0.5
"s4","s2",2.04554329884242,9,20,0.5
"s4","s2",2.90995411726718,9,20,0.5
"s4","s2",2.67024487575897,9,20,0.5
"s4","s2",2.70125042225942,9,20,0.5
"s4","s2",1.95240123789794,9,20,0.5
"s4","s2",2.34008829796775,9,20,0.5
"s4","s2",2.36489350998701,9,20,0.5
"s4","s2",2.51047932915969,9,20,0.5
"s4","s2",2.98801882179886,9,20,0.5
"s4","s2",2.6406556958045,9,20,0.5
"s4","s2",3.24130895539858,9,20,0.5
"s4","s2",2.24427633344767,9,20,0.5
"s4","s2",2.3145592089408,9,20,0.5
"s4","s2",2.33374960508664,9,20,0.5
"s4","s2",3.34086228684875,9,20,0.5
"s4","s2",3.17972176275368,9,20,0.5
"s4","s2",2.34877903090533,9,20,0.5
"s4","s2",2.56979165136434,9,20,0.5
"s4","s2",2.77074634662974,9,20,0.5
"s4","s2",2.08727980395909,9,20,0.5
"s4","s2",2.85832472640695,9,20,0.5
"s4","s2",3.38662502914599,9,20,0.5
"s4","s2",2.14230936676591,9,20,0.5
"s4","s2",2.00249091317356,9,20,0.5
"s4","s2",3.31481169641292,9,20,0.5
"s4","s2",3.24130895539858,9,20,0.5
"s4","s2",4.2306563232371,9,20,0.5
"s4","s2",2.50865876542044,9,20,0.5
"s4","s2",3.03092267055002,9,20,0.5
"s4","s2",2.20105601301022,9,20,0.5
"s4","s2",2.54697506527441,9,20,0.5
"s4","s2",2.12437173686887,9,20,0.5
"s4","s2",2.54697506527441,9,20,0.5
"s4","s2",2.11634349060759,9,20,0.5
"s4","s2",2.37793957988825,9,20,0.5
"s4","s2",2.97065405844676,9,20,0.5
"s4","s2",2.74217810331167,9,20,0.5
"s4","s2",3.62941552846805,9,20,0.5
"s4","s2",3.44552027828223,9,20,0.5
"s4","s2",2.89036641029072,9,20,0.5
"s4","s2",2.59381538053945,9,20,0.5
"s4","s2",2.3145592089408,9,20,0.5
"s4","s2",2.67515442154123,9,20,0.5
"s4","s2",2.47017969275816,9,20,0.5
"s4","s2",2.50564813217898,9,20,0.5
"s4","s2",2.31483222206135,9,20,0.5
"s4","s2",2.08727980395909,9,20,0.5
"s4","s2",2.10433364029942,9,20,0.5
"s4","s2",2.75007854277769,9,20,0.5
"s4","s2",2.92562470824006,9,20,0.5
"s4","s2",3.26324026655799,9,20,0.5
"s4","s2",3.26324026655799,9,20,0.5
"s4","s2",2.07567363618368,9,20,0.5
"s4","s2",2.39972094626817,9,20,0.5
"s4","s2",3.35329822401153,9,20,0.5
"s4","s2",2.36489350998701,9,20,0.5
"s4","s2",2.81282753152372,9,20,0.5
"s4","s2",2.34300857271275,9,20,0.5
"s4","s2",2.51282391759387,9,20,0.5
"s4","s2",2.62801380236076,9,20,0.5
"s4","s2",2.91626318752554,9,20,0.5
"s4","s2",2.87225428244237,9,20,0.5
"s4","s2",2.1597126465143,9,20,0.5
"s4","s2",2.01961479505083,9,20,0.5
"s4","s2",2.61158541135377,9,20,0.5
"s4","s2",2.39378110846253,9,20,0.5
"s4","s2",2.70104692601809,9,20,0.5
"s4","s2",2.95013641303583,9,20,0.5
"s4","s2",2.66692941549572,9,20,0.5
"s4","s2",2.9557570259615,9,20,0.5
"s4","s2",2.24438143431027,9,20,0.5
"s4","s2",2.29910436495758,9,20,0.5
"s4","s2",2.57080686714581,9,20,0.5
"s4","s2",2.93624461148766,9,20,0.5
"s4","s2",2.81282753152372,9,20,0.5
"s4","s2",2.08903082722343,9,20,0.5
"s4","s2",3.09965905127359,9,20,0.5
"s4","s2",2.52046700400547,9,20,0.5
"s4","s2",2.78085694072723,9,20,0.5
"s4","s2",2.34611394313261,9,20,0.5
"s4","s2",2.48324014987803,9,20,0.5
"s4","s2",2.52142188959839,9,20,0.5
"s4","s2",2.11627517906375,9,20,0.5
"s4","s2",2.62155202148852,9,20,0.5
"s4","s2",2.87060240431599,9,20,0.5
"s4","s2",3.14287071097456,9,20,0.5
"s4","s2",2.46417697729722,9,20,0.5
"s4","s2",1.9687941567165,9,20,0.5
"s4","s2",2.215197129167,9,20,0.5
"s4","s2",3.13810136032211,9,20,0.5
"s4","s2",3.46159098704357,9,20,0.5
"s4","s2",1.95240123789794,9,20,0.5
"s4","s2",2.57909889990543,9,20,0.5
"s4","s2",2.70104692601809,9,20,0.5
"s4","s2",2.39889967940941,9,20,0.5
"s4","s2",2.15504503395579,9,20,0.5
"s4","s2",2.21692878727923,9,20,0.5
"s4","s2",2.10261884737168,9,20,0.5
"s4","s2",2.63515811745115,9,20,0.5
"s4","s2",3.34699909697048,9,20,0.5
"s4","s2",3.12155431577498,9,20,0.5
"s4","s2",2.41287058706375,9,20,0.5
"s4","s2",2.96192397073509,9,20,0.5
"s4","s2",2.70104692601809,9,20,0.5
"s4","s2",3.00765159238805,9,20,0.5
"s4","s2",2.59173757707633,9,20,0.5
"s4","s2",2.85133020953457,9,20,0.5
"s4","s2",2.63676210673958,9,20,0.5
"s4","s2",2.96822221662487,9,20,0.5
"s4","s2",2.83096637533848,9,20,0.5
"s4","s2",2.82572967252161,9,20,0.5
"s4","s2",2.54697506527441,9,20,0.5
"s4","s2",2.69751113481203,9,20,0.5
"s4","s2",2.91974055078628,9,20,0.5
"s4","s2",2.51515752541514,9,20,0.5
"s4","s2",2.77062028649188,9,20,0.5
"s4","s2",2.08736442838847,9,20,0.5
"s4","s2",2.36813320709546,9,20,0.5
"s4","s2",2.51282391759387,9,20,0.5
"s4","s2",1.95240123789794,9,20,0.5
"s4","s2",2.22787309803025,9,20,0.5
"s4","s2",2.27266934214102,9,20,0.5
"s4","s2",1.90035689898206,9,20,0.5
"s4","s2",2.22105924068816,9,20,0.5
"s4","s2",2.84044576724139,9,20,0.5
"s4","s2",2.34877903090533,9,20,0.5
"s4","s2",2.42588412102323,9,20,0.5
"s4","s2",3.07508535227747,9,20,0.5
"s4","s2",1.84770332941788,9,20,0.5
"s4","s2",3.21941424095238,9,20,0.5
"s4","s2",2.52453681757408,9,20,0.5
"s4","s2",2.14964953931158,9,20,0.5
"s4","s2",3.34699909697048,9,20,0.5
"s4","s2",2.78610927503577,9,20,0.5
"s4","s2",2.28140828149394,9,20,0.5
"s4","s2",2.8026926271938,9,20,0.5
"s4","s2",2.28755568102742,9,20,0.5
"s4","s2",2.76152119712805,9,20,0.5
"s4","s2",2.74217810331167,9,20,0.5
"s4","s2",2.96192397073509,9,20,0.5
"s4","s2",2.45475650082648,9,20,0.5
"s4","s2",2.49586871392237,9,20,0.5
"s4","s2",3.0721273724513,9,20,0.5
"s4","s2",2.77680431330742,9,20,0.5
"s4","s2",2.11620686751992,9,20,0.5
"s4","s2",2.08727980395909,9,20,0.5
"s4","s2",2.3034502883016,9,20,0.5
"s4","s2",2.45666251897276,9,20,0.5
"s4","s2",2.70476589689763,9,20,0.5
"s4","s2",3.11406471236291,9,20,0.5
"s4","s2",2.08727980395909,9,20,0.5
"s4","s2",2.36500708420067,9,20,0.5
"s4","s2",2.60525427813943,9,20,0.5
"s4","s2",3.05051165328136,9,20,0.5
"s4","s2",2.27266934214102,9,20,0.5
"s4","s2",2.82197507176647,9,20,0.5
"s4","s2",2.48324014987803,9,20,0.5
"s4","s2",2.6406556958045,9,20,0.5
"s4","s2",2.38992631850815,9,20,0.5
"s4","s2",3.12246987974904,9,20,0.5
"s4","s2",2.184015548531,9,20,0.5
"s4","s2",2.88593277996837,9,20,0.5
"s4","s2",2.13105627713508,9,20,0.5
"s4","s2",2.40186246486951,9,20,0.5
"s4","s2",2.84044576724139,9,20,0.5
"s4","s2",2.43658323419309,9,20,0.5
"s4","s2",2.89336170064999,9,20,0.5
"s4","s2",2.55889096621011,9,20,0.5
"s4","s2",2.34775867576346,9,20,0.5
"s4","s2",2.34300857271275,9,20,0.5
"s4","s2",2.57080686714581,9,20,0.5
"s4","s2",2.74575589749608,9,20,0.5
"s4","s2",2.52453681757408,9,20,0.5
"s4","s2",2.34209548695333,9,20,0.5
"s4","s2",3.0097574973721,9,20,0.5
"s4","s2",2.79225485810349,9,20,0.5
"s4","s2",2.54697506527441,9,20,0.5
"s4","s2",3.0721273724513,9,20,0.5
"s4","s2",2.43045005741965,9,20,0.5
"s4","s2",3.27340377130064,9,20,0.5
"s4","s2",2.18330463036778,9,20,0.5
"s4","s2",2.92532307369993,9,20,0.5
"s4","s2",2.99465455193683,9,20,0.5
"s4","s2",2.43045005741965,9,20,0.5
"s4","s2",2.74217810331167,9,20,0.5
"s4","s2",2.98336027424099,9,20,0.5
"s4","s2",2.06641155140076,9,20,0.5
"s4","s2",2.34761943382089,9,20,0.5
"s4","s2",2.95171615888052,9,20,0.5
"s4","s2",2.08727980395909,9,20,0.5
"s4","s2",2.96580152547869,9,20,0.5
"s4","s2",2.50972497815455,9,20,0.5
"s4","s2",2.34761943382089,9,20,0.5
"s4","s2",2.83464515272561,9,20,0.5
"s4","s2",2.90123864425237,9,20,0.5
"s4","s2",3.1793969905799,9,20,0.5
"s4","s2",2.08976696746264,9,20,0.5
"s4","s2",3.62377257436766,9,20,0.5
"s4","s2",2.86331310029551,9,20,0.5
"s4","s2",2.22116434155076,9,20,0.5
"s4","s2",3.12246987974904,9,20,0.5
"s4","s2",2.83096637533848,9,20,0.5
"s4","s2",2.84044576724139,9,20,0.5
"s4","s2",2.46382241347476,9,20,0.5
"s4","s2",2.38375763537675,9,20,0.5
"s4","s2",2.22105924068816,9,20,0.5
"s4","s2",2.70848486777718,9,20,0.5
"s4","s2",1.98698034456402,9,20,0.5
"s4","s2",3.01080364923872,9,20,0.5
"s4","s2",2.58185341027185,9,20,0.5
"s4","s2",2.54697506527441,9,20,0.5
"s4","s2",2.94665719575408,9,20,0.5
"s4","s2",2.87238234740969,9,20,0.5
"s4","s2",2.46059719342938,9,20,0.5
"s4","s2",2.87238234740969,9,20,0.5
"s4","s2",3.08228818282213,9,20,0.5
"s4","s2",3.75450885951854,9,20,0.5
"s4","s2",2.83096637533848,9,20,0.5
"s4","s2",2.32733437627822,9,20,0.5
"s4","s2",3.34699909697048,9,20,0.5
"s4","s2",2.18048309641479,9,20,0.5
"s4","s2",2.83464515272561,9,20,0.5
"s4","s2",2.6155547635667,9,20,0.5
"s4","s2",2.21812818492758,9,20,0.5
"s4","s2",2.60761605914084,9,20,0.5
"s4","s2",3.30893187222601,9,20,0.5
"s4","s2",3.26324026655799,9,20,0.5
"s4","s2",2.98336027424099,9,20,0.5
"s4","s2",2.90635491821928,9,20,0.5
"s4","s2",3.71733710090846,9,20,0.5
"s4","s2",2.98336027424099,9,20,0.5
"s4","s2",2.90635491821928,9,20,0.5
"s4","s2",2.96192027577691,9,20,0.5
"s4","s2",2.87149237586284,9,20,0.5
"s4","s2",2.43853637671059,9,20,0.5
"s4","s2",2.54401250430249,9,20,0.5
"s4","s2",2.71877511590236,9,20,0.5
"s4","s2",2.54117146860337,9,20,0.5
"s4","s2",2.64815025026488,9,20,0.5
"s4","s2",2.4178744643461,9,20,0.5
"s4","s2",2.32733437627822,9,20,0.5
"s4","s2",2.0867270683625,9,20,0.5
"s4","s2",2.15504503395579,9,20,0.5
"s4","s2",3.46506010345915,9,20,0.5
"s4","s2",2.90995411726718,9,20,0.5
"s4","s2",2.83096637533848,9,20,0.5
"s4","s2",2.1597126465143,9,20,0.5
"s4","s2",2.51674508471137,9,20,0.5
"s4","s2",2.08727980395909,9,20,0.5
"s4","s2",2.94772757256809,9,20,0.5
"s4","s2",2.69516417678828,9,20,0.5
"s4","s2",2.37438235978871,9,20,0.5
"s4","s2",2.89252317123756,9,20,0.5
"s4","s2",2.83464515272561,9,20,0.5
"s4","s2",2.34680187682872,9,20,0.5
"s4","s2",2.54697506527441,9,20,0.5
"s4","s2",2.46590670211042,9,20,0.5
"s4","s2",2.22116434155076,9,20,0.5
"s4","s2",2.37438235978871,9,20,0.5
"s4","s2",2.83699411559654,9,20,0.5
"s4","s2",2.42236373812871,9,20,0.5
"s4","s2",2.70848486777718,9,20,0.5
"s4","s2",2.67281390487149,9,20,0.5
"s4","s2",3.0484555081421,9,20,0.5
"s4","s2",3.00777627643947,9,20,0.5
"s4","s2",2.41287058706375,9,20,0.5
"s4","s2",2.47345027785139,9,20,0.5
"s4","s2",2.19049104446383,9,20,0.5
"s4","s2",2.85552408577869,9,20,0.5
"s4","s2",2.08727980395909,9,20,0.5
"s4","s2",2.73399602626577,9,20,0.5
"s4","s2",2.08727980395909,9,20,0.5
"s4","s2",3.04958911889931,9,20,0.5
"s4","s2",2.71930014482816,9,20,0.5
"s4","s2",2.7838960951095,9,20,0.5
"s4","s2",2.45121615092486,9,20,0.5
"s4","s2",2.2021808267583,9,20,0.5
"s4","s2",3.02967042175568,9,20,0.5
"s4","s2",2.84718890782385,9,20,0.5
"s4","s2",2.54697506527441,9,20,0.5
"s4","s2",2.90658050182758,9,20,0.5
"s4","s2",2.18309221110323,9,20,0.5
"s4","s2",3.05051165328136,9,20,0.5
"s4","s2",2.95035303476067,9,20,0.5
"s4","s2",2.90635491821928,9,20,0.5
"s4","s2",2.36090551582575,9,20,0.5
"s4","s2",2.99465455193683,9,20,0.5
"s4","s2",3.02219223600118,9,20,0.5
"s4","s2",2.90722821235924,9,20,0.5
"s4","s2",2.9584277252592,9,20,0.5
"s4","s2",3.90166683701361,9,20,0.5
"s4","s2",2.36500708420067,9,20,0.5
"s4","s2",2.22105924068816,9,20,0.5
"s4","s2",3.46868935112232,9,20,0.5
"s4","s2",1.95408454770738,9,20,0.5
"s4","s2",2.22105924068816,9,20,0.5
"s4","s2",3.02967042175568,9,20,0.5
"s4","s2",2.34300857271275,9,20,0.5
"s4","s2",2.30311265601148,9,20,0.5
"s4","s2",2.96365162415751,9,20,0.5
"s4","s2",2.43853637671059,9,20,0.5
"s4","s2",2.34300857271275,9,20,0.5
"s4","s2",3.02967042175568,9,20,0.5
"s4","s2",2.70803994818691,9,20,0.5
"s4","s2",2.93264743240004,9,20,0.5
"s4","s2",2.42570348188717,9,20,0.5
"s4","s2",3.14237302904441,9,20,0.5
"s4","s2",3.00621781200822,9,20,0.5
"s4","s2",2.64457658429304,9,20,0.5
"s4","s2",2.05739555281338,9,20,0.5
"s4","s2",3.51354279764168,9,20,0.5
"s4","s2",2.11620686751992,9,20,0.5
"s4","s2",2.53575594142424,9,20,0.5
"s4","s2",2.35250877881417,9,20,0.5
"s4","s2",2.32979780869937,9,20,0.5
"s4","s2",2.73399602626577,9,20,0.5
"s4","s2",2.13767317103471,9,20,0.5
"s4","s2",2.78085694072723,9,20,0.5
"s4","s2",2.45121615092486,9,20,0.5
"s4","s2",3.03165533771555,9,20,0.5
"s4","s2",2.60761605914084,9,20,0.5
"s4","s2",2.64815025026488,9,20,0.5
"s4","s2",2.83464515272561,9,20,0.5
"s4","s2",2.08727980395909,9,20,0.5
"s4","s2",2.06641155140076,9,20,0.5
"s4","s2",3.01080364923872,9,20,0.5
"s4","s2",2.72734642297761,9,20,0.5
"s4","s2",2.41144964173459,9,20,0.5
"s4","s2",2.78085694072723,9,20,0.5
"s4","s2",3.34086228684875,9,20,0.5
"s4","s2",2.34209548695333,9,20,0.5
"s4","s2",2.94165192984036,9,20,0.5
"s4","s2",2.93264743240004,9,20,0.5
"s4","s2",2.26368311474699,9,20,0.5
"s4","s2",2.1782621267153,9,20,0.5
"s4","s2",3.01748563333454,9,20,0.5
"s4","s2",2.4178744643461,9,20,0.5
"s4","s2",3.48884592912949,9,20,0.5
"s4","s2",2.39031593183196,9,20,0.5
"s4","s2",2.32733437627822,9,20,0.5
"s4","s2",3.05005038609033,9,20,0.5
"s4","s2",2.78085694072723,9,20,0.5
"s4","s2",2.08903082722343,9,20,0.5
"s4","s2",2.98995112111703,9,20,0.5
"s4","s2",2.3034502883016,9,20,0.5
"s4","s2",2.84336154472729,9,20,0.5
"s4","s2",2.98336027424099,9,20,0.5
"s4","s2",2.70848486777718,9,20,0.5
"s4","s2",2.96613430475605,9,20,0.5
"s4","s2",2.59376931120755,9,20,0.5
"s4","s2",2.93624461148766,9,20,0.5
"s4","s2",3.58260782955745,9,20,0.5
"s4","s2",2.0650853850698,9,20,0.5
"s4","s2",2.41287058706375,9,20,0.5
"s4","s2",2.72956498011238,9,20,0.5
"s4","s2",3.24130895539858,9,20,0.5
"s4","s2",2.3399215775462,9,20,0.5
"s4","s2",3.29554296394082,9,20,0.5
"s4","s2",2.06641155140076,9,20,0.5
"s4","s2",2.26225476449488,9,20,0.5
"s4","s2",2.73659563549753,9,20,0.5
"s4","s2",2.98628730019519,9,20,0.5
"s4","s2",3.34017907169475,9,20,0.5
"s4","s2",2.45121615092486,9,20,0.5
"s4","s2",3.14119101302521,9,20,0.5
"s4","s2",2.1597126465143,9,20,0.5
"s4","s2",2.28688911061377,9,20,0.5
"s4","s2",1.8582878750044,9,20,0.5
"s4","s2",2.20197767065752,9,20,0.5
"s4","s2",2.94665719575408,9,20,0.5
"s4","s2",2.24427633344767,9,20,0.5
"s4","s2",2.64815025026488,9,20,0.5
"s4","s2",2.32870987235766,9,20,0.5
"s4","s2",2.60989448507295,9,20,0.5
"s4","s2",2.62237277881502,9,20,0.5
"s4","s2",2.96612593654693,9,20,0.5
"s4","s2",2.90635491821928,9,20,0.5
"s4","s2",2.36500708420067,9,20,0.5
"s4","s2",2.59495379271216,9,20,0.5
"s4","s2",1.95240123789794,9,20,0.5
"s4","s2",2.53333779053409,9,20,0.5
"s4","s2",2.73525428871875,9,20,0.5
"s4","s2",2.42412361703935,9,20,0.5
"s4","s2",3.05051165328136,9,20,0.5
"s4","s2",2.46284725232881,9,20,0.5
"s4","s2",2.23981054846655,9,20,0.5
"s4","s2",3.12246987974904,9,20,0.5
"s4","s2",2.80586666451967,9,20,0.5
"s4","s2",3.03833227403878,9,20,0.5
"s4","s2",2.70492697497906,9,20,0.5
"s4","s2",2.15211397819522,9,20,0.5
"s4","s2",2.34016483389506,9,20,0.5
"s4","s2",2.52453681757408,9,20,0.5
"s4","s2",3.12401558989377,9,20,0.5
"s4","s2",3.28346931898144,9,20,0.5
"s4","s2",2.74366707979264,9,20,0.5
"s4","s2",2.19005087160773,9,20,0.5
"s4","s2",2.72533148554442,9,20,0.5
"s4","s2",2.08903082722343,9,20,0.5
"s4","s2",2.57351062224388,9,20,0.5
"s4","s2",2.11620686751992,9,20,0.5
"s4","s2",2.78085694072723,9,20,0.5
"s4","s2",4.02654572814136,9,20,0.5
"s4","s2",2.90635491821928,9,20,0.5
"s4","s2",2.14697185637383,9,20,0.5
"s4","s2",3.58174769639981,9,20,0.5
"s4","s2",2.22105924068816,9,20,0.5
"s4","s2",2.33917346258857,9,20,0.5
"s4","s2",2.36500708420067,9,20,0.5
"s4","s2",3.14563130906371,9,20,0.5
"s4","s2",1.99299752464067,9,20,0.5
"s4","s2",2.76568604439254,9,20,0.5
"s4","s2",4.43203082151118,9,20,0.5
"s4","s2",2.20251638007925,9,20,0.5
"s4","s2",2.22105924068816,9,20,0.5
"s4","s2",2.34016483389506,9,20,0.5
"s4","s2",3.2765280488596,9,20,0.5
"s4","s2",2.29475844161356,9,20,0.5
"s4","s2",2.42236373812871,9,20,0.5
"s4","s2",2.9632632308329,9,20,0.5
"s4","s2",3.58779926456256,9,20,0.5
"s4","s2",2.84190365598434,9,20,0.5
"s4","s2",2.51433389765581,9,20,0.5
"s4","s2",2.71930014482816,9,20,0.5
"s4","s2",2.84336154472729,9,20,0.5
"s4","s2",2.6155547635667,9,20,0.5
"s4","s2",3.04899055363495,9,20,0.5
"s4","s2",2.3034502883016,9,20,0.5
"s4","s2",2.34877903090533,9,20,0.5
"s4","s2",2.08744905281784,9,20,0.5
"s4","s2",2.84044576724139,9,20,0.5
"s4","s2",2.49568684725879,9,20,0.5
"s4","s2",2.34300857271275,9,20,0.5
"s4","s2",2.28044828470962,9,20,0.5
"s4","s2",3.56332231967048,9,20,0.5
"s4","s2",2.54234678685788,9,20,0.5
"s4","s2",3.31481169641292,9,20,0.5
"s4","s2",3.76024854023988,9,20,0.5
"s4","s2",2.54913317261136,9,20,0.5
"s4","s2",2.63313760505128,9,20,0.5
"s4","s2",2.17034784703178,9,20,0.5
"s4","s2",2.75189014010499,9,20,0.5
"s4","s2",2.36500708420067,9,20,0.5
"s4","s2",2.41287058706375,9,20,0.5
"s4","s2",2.83096637533848,9,20,0.5
"s4","s2",2.60826168127175,9,20,0.5
"s4","s2",3.07169526644856,9,20,0.5
"s4","s2",2.78805545122471,9,20,0.5
"s4","s2",3.12974188171987,9,20,0.5
"s4","s2",2.06406746840827,9,20,0.5
"s4","s2",2.34209548695333,9,20,0.5
"s4","s2",3.46506010345915,9,20,0.5
"s4","s2",2.6406556958045,9,20,0.5
"s4","s2",2.22126944241337,9,20,0.5
"s4","s2",2.87238234740969,9,20,0.5
"s4","s2",2.60239763130035,9,20,0.5
"s4","s2",3.35857556107969,9,20,0.5
"s4","s2",2.19794527248676,9,20,0.5
"s4","s2",3.24130895539858,9,20,0.5
"s4","s2",2.81914896410268,9,20,0.5
"s4","s2",2.35064390485975,9,20,0.5
"s4","s2",2.96583780077619,9,20,0.5
"s4","s2",2.51894281715708,9,20,0.5
"s4","s2",2.45175304330854,9,20,0.5
"s4","s2",2.97851585092955,9,20,0.5
"s4","s2",2.33517147449549,9,20,0.5
"s4","s2",2.28678400975116,9,20,0.5
"s4","s2",3.4758421667608,9,20,0.5
"s4","s2",2.39999759091509,9,20,0.5
"s4","s2",2.42171393079847,9,20,0.5
"s4","s2",3.01748563333454,9,20,0.5
"s4","s2",3.2817737292241,9,20,0.5
"s4","s2",2.58634353391948,9,20,0.5
"s4","s2",2.62298064434352,9,20,0.5
"s4","s2",2.83280576403205,9,20,0.5
"s4","s2",3.24130895539858,9,20,0.5
"s4","s2",2.70848486777718,9,20,0.5
"s4","s2",2.73429047177769,9,20,0.5
"s4","s2",3.02529553745188,9,20,0.5
"s4","s2",2.47568014715223,9,20,0.5
"s4","s2",2.67515442154123,9,20,0.5
"s4","s2",2.71930014482816,9,20,0.5
"s4","s2",2.7325158399369,9,20,0.5
"s4","s2",2.62537396321427,9,20,0.5
"s4","s2",2.34016483389506,9,20,0.5
"s4","s2",2.06641155140076,9,20,0.5
"s4","s2",3.12048995652279,9,20,0.5
"s4","s2",2.93180352097868,9,20,0.5
"s4","s2",2.64624738693372,9,20,0.5
"s4","s2",2.55353580664934,9,20,0.5
"s4","s2",2.84900478424594,9,20,0.5
"s4","s2",2.62537396321427,9,20,0.5
"s4","s2",2.73399602626577,9,20,0.5
"s4","s2",2.71166452646467,9,20,0.5
"s4","s2",2.41287058706375,9,20,0.5
"s4","s2",3.02219223600118,9,20,0.5
"s4","s2",2.49708438483227,9,20,0.5
"s4","s2",2.32733437627822,9,20,0.5
"s4","s2",2.53575594142424,9,20,0.5
"s4","s2",2.23981054846655,9,20,0.5
"s4","s2",2.39552257776238,9,20,0.5
"s4","s2",3.2184484117727,9,20,0.5
"s4","s2",2.73977477362928,9,20,0.5
"s4","s2",2.21812818492758,9,20,0.5
"s4","s2",2.08727980395909,9,20,0.5
"s4","s2",2.97110583618072,9,20,0.5
"s4","s2",2.33747690504955,9,20,0.5
"s4","s2",2.26749342620717,9,20,0.5
"s4","s2",2.34730213288375,9,20,0.5
"s4","s2",2.19298192736831,9,20,0.5
"s4","s2",2.215197129167,9,20,0.5
"s4","s2",1.96070745746314,9,20,0.5
"s4","s2",2.79490109005262,9,20,0.5
"s4","s2",3.02229775582668,9,20,0.5
"s4","s2",3.05051165328136,9,20,0.5
"s4","s2",2.98017203365181,9,20,0.5
"s4","s2",2.46417697729722,9,20,0.5
"s4","s2",2.87060240431599,9,20,0.5
"s4","s2",3.00708163871943,9,20,0.5
"s4","s2",2.34611394313261,9,20,0.5
"s4","s2",3.01748563333454,9,20,0.5
"s4","s2",2.10091858817122,9,20,0.5
"s4","s2",2.27266934214102,9,20,0.5
"s4","s2",2.11620686751992,9,20,0.5
"s4","s2",2.75606882162846,9,20,0.5
"s4","s2",2.22126944241337,9,20,0.5
"s4","s2",2.4804705645397,9,20,0.5
"s4","s2",2.21279833387029,9,20,0.5
"s4","s2",2.49708438483227,9,20,0.5
"s4","s2",2.22105924068816,9,20,0.5
"s4","s2",2.36090551582575,9,20,0.5
"s4","s2",2.08903082722343,9,20,0.5
"s4","s2",2.08815531559126,9,20,0.5
"s4","s2",2.71929121723966,9,20,0.5
"s4","s2",3.0721273724513,9,20,0.5
"s4","s2",2.43853637671059,9,20,0.5
"s4","s2",2.32733437627822,9,20,0.5
"s4","s2",3.69281434094423,9,20,0.5
"s4","s2",2.34016483389506,9,20,0.5
"s4","s2",2.67365697359446,9,20,0.5
"s4","s2",2.70109400043405,9,20,0.5
"s4","s2",2.26225476449488,9,20,0.5
"s4","s2",3.07706387780174,9,20,0.5
"s4","s2",2.24032446940379,9,20,0.5
"s4","s2",1.98386057237352,9,20,0.5
"s4","s2",2.88593277996837,9,20,0.5
"s4","s2",2.57909889990543,9,20,0.5
"s4","s2",2.55181785873975,9,20,0.5
"s4","s2",3.06059919347238,9,20,0.5
"s4","s2",2.99336031687775,9,20,0.5
"s4","s2",3.24130895539858,9,20,0.5
"s4","s2",2.67515442154123,9,20,0.5
"s4","s2",2.72664808554696,9,20,0.5
"s4","s2",2.60239763130035,9,20,0.5
"s4","s2",2.57909889990543,9,20,0.5
"s4","s2",2.49586871392237,9,20,0.5
"s4","s2",2.83699411559654,9,20,0.5
"s4","s2",2.64535459255397,9,20,0.5
"s4","s2",2.36500708420067,9,20,0.5
"s4","s2",2.46285170392672,9,20,0.5
"s4","s2",2.37010248167099,9,20,0.5
"s4","s2",2.87826759214218,9,20,0.5
"s4","s2",2.24427633344767,9,20,0.5
"s4","s2",2.35875793150742,9,20,0.5
"s4","s2",2.32094679260951,9,20,0.5
"s4","s2",2.26246985366241,9,20,0.5
"s4","s2",2.45121615092486,9,20,0.5
"s4","s2",2.6848498420267,9,20,0.5
"s4","s2",2.60526620665642,9,20,0.5
"s4","s2",2.11634349060759,9,20,0.5
"s4","s2",2.94423498409836,9,20,0.5
"s4","s2",2.69751113481203,9,20,0.5
"s4","s2",2.3829353764944,9,20,0.5
"s4","s2",2.91974055078628,9,20,0.5
"s4","s2",3.05051165328136,9,20,0.5
"s4","s2",2.70848486777718,9,20,0.5
"s4","s2",2.28071606878304,9,20,0.5
"s4","s2",2.84044576724139,9,20,0.5
"s4","s2",2.32322943050718,9,20,0.5
"s4","s2",2.36090551582575,9,20,0.5
"s4","s2",2.40528726307812,9,20,0.5
"s4","s2",2.84190365598434,9,20,0.5
"s4","s2",2.28491913579674,9,20,0.5
"s4","s2",2.28491913579674,9,20,0.5
"s4","s2",2.89252317123756,9,20,0.5
"s4","s2",3.10390390199207,9,20,0.5
"s4","s2",2.99336031687775,9,20,0.5
"s4","s2",2.45135022626692,9,20,0.5
"s4","s2",2.35150050138954,9,20,0.5
"s4","s2",2.53771850844136,9,20,0.5
"s4","s2",2.48324014987803,9,20,0.5
"s4","s2",2.24686429141459,9,20,0.5
"s4","s2",2.32870987235766,9,20,0.5
"s4","s2",3.02219223600118,9,20,0.5
"s4","s2",3.03571615321472,9,20,0.5
"s4","s2",2.34016483389506,9,20,0.5
"s4","s2",2.32871024367044,9,20,0.5
"s4","s2",2.80663960147299,9,20,0.5
"s4","s2",2.49586871392237,9,20,0.5
"s4","s2",2.08727980395909,9,20,0.5
"s4","s2",2.935478704575,9,20,0.5
"s4","s2",2.86637520832116,9,20,0.5
"s4","s2",3.4398688569557,9,20,0.5
"s4","s2",3.37296119732493,9,20,0.5
"s4","s2",3.05051165328136,9,20,0.5
"s4","s2",3.1343294831124,9,20,0.5
"s4","s2",3.34341461684041,9,20,0.5
"s4","s2",3.04958911889931,9,20,0.5
"s4","s2",3.01080364923872,9,20,0.5
"s4","s2",2.76202370966032,9,20,0.5
"s4","s2",2.83096637533848,9,20,0.5
"s4","s2",2.81003518689276,9,20,0.5
"s4","s2",2.71930014482816,9,20,0.5
"s4","s3",2.52563641017497,9,20,0.5
"s4","s3",2.40817164612041,9,20,0.5
"s4","s3",3.37739521620273,9,20,0.5
"s4","s3",2.32892637001358,9,20,0.5
"s4","s3",2.62701181178364,9,20,0.5
"s4","s3",2.75189714065454,9,20,0.5
"s4","s3",2.44572675309908,9,20,0.5
"s4","s3",2.22451616431974,9,20,0.5
"s4","s3",4.38598905056202,9,20,0.5
"s4","s3",3.153763203667,9,20,0.5
"s4","s3",3.07887366718166,9,20,0.5
"s4","s3",2.09236880581635,9,20,0.5
"s4","s3",1.89287366713585,9,20,0.5
"s4","s3",3.37739521620273,9,20,0.5
"s4","s3",2.33803106349456,9,20,0.5
"s4","s3",2.06982664414415,9,20,0.5
"s4","s3",2.52563641017497,9,20,0.5
"s4","s3",2.27771871085977,9,20,0.5
"s4","s3",2.12005101906772,9,20,0.5
"s4","s3",2.6406370557913,9,20,0.5
"s4","s3",3.18006270062652,9,20,0.5
"s4","s3",2.89539343514097,9,20,0.5
"s4","s3",2.89577501299338,9,20,0.5
"s4","s3",2.39838343805507,9,20,0.5
"s4","s3",2.58994935498696,9,20,0.5
"s4","s3",2.81801325041453,9,20,0.5
"s4","s3",2.22451616431974,9,20,0.5
"s4","s3",2.2259519098802,9,20,0.5
"s4","s3",2.20413419886625,9,20,0.5
"s4","s3",2.12811861362042,9,20,0.5
"s4","s3",2.34593627714327,9,20,0.5
"s4","s3",2.42057335914579,9,20,0.5
"s4","s3",2.7011222076403,9,20,0.5
"s4","s3",2.7228767297755,9,20,0.5
"s4","s3",2.17044619613156,9,20,0.5
"s4","s3",3.66286971940615,9,20,0.5
"s4","s3",1.50975667315708,9,20,0.5
"s4","s3",2.17887171473522,9,20,0.5
"s4","s3",2.73387606249951,9,20,0.5
"s4","s3",2.03734788814674,9,20,0.5
"s4","s3",2.30835559761038,9,20,0.5
"s4","s3",1.97892125035096,9,20,0.5
"s4","s3",3.56531959753446,9,20,0.5
"s4","s3",2.52116965589853,9,20,0.5
"s4","s3",2.95151581318885,9,20,0.5
"s4","s3",2.0748881913136,9,20,0.5
"s4","s3",3.11039009065408,9,20,0.5
"s4","s3",3.21528158043699,9,20,0.5
"s4","s3",2.52563641017497,9,20,0.5
"s4","s3",1.91293228189386,9,20,0.5
"s4","s3",2.29189216978911,9,20,0.5
"s4","s3",4.2118052101332,9,20,0.5
"s4","s3",4.18355642667177,9,20,0.5
"s4","s3",1.89351187057694,9,20,0.5
"s4","s3",2.29189216978911,9,20,0.5
"s4","s3",2.11637622794338,9,20,0.5
"s4","s3",2.80372725081035,9,20,0.5
"s4","s3",2.36416527065276,9,20,0.5
"s4","s3",2.46135568548944,9,20,0.5
"s4","s3",2.13811999213388,9,20,0.5
"s4","s3",2.29189216978911,9,20,0.5
"s4","s3",1.90747780615454,9,20,0.5
"s4","s3",2.20413419886625,9,20,0.5
"s4","s3",1.98765982571576,9,20,0.5
"s4","s3",2.03026427225386,9,20,0.5
"s4","s3",2.30835559761038,9,20,0.5
"s4","s3",2.45490318368749,9,20,0.5
"s4","s3",1.89351187057694,9,20,0.5
"s4","s3",2.20335286629505,9,20,0.5
"s4","s3",2.08663830869692,9,20,0.5
"s4","s3",2.61140634442351,9,20,0.5
"s4","s3",2.37248827597176,9,20,0.5
"s4","s3",2.91367403189272,9,20,0.5
"s4","s3",2.84899134735278,9,20,0.5
"s4","s3",2.37634352235518,9,20,0.5
"s4","s3",1.93057552585047,9,20,0.5
"s4","s3",2.30835559761038,9,20,0.5
"s4","s3",2.52867990479354,9,20,0.5
"s4","s3",2.22975207347157,9,20,0.5
"s4","s3",2.6839220784322,9,20,0.5
"s4","s3",2.89577501299338,9,20,0.5
"s4","s3",2.30136731968651,9,20,0.5
"s4","s3",3.27527503254068,9,20,0.5
"s4","s3",2.52563641017497,9,20,0.5
"s4","s3",2.10859995473589,9,20,0.5
"s4","s3",2.00658226740505,9,20,0.5
"s4","s3",2.61639985575094,9,20,0.5
"s4","s3",3.57923749492895,9,20,0.5
"s4","s3",2.02756906378109,9,20,0.5
"s4","s3",2.53889061041482,9,20,0.5
"s4","s3",3.07846203281242,9,20,0.5
"s4","s3",1.96741442616403,9,20,0.5
"s4","s3",1.90456458007421,9,20,0.5
"s4","s3",2.05007953842755,9,20,0.5
"s4","s3",3.49849788110017,9,20,0.5
"s4","s3",2.13811999213388,9,20,0.5
"s4","s3",2.48568158163703,9,20,0.5
"s4","s3",4.00928330863844,9,20,0.5
"s4","s3",2.46611269886,9,20,0.5
"s4","s3",2.38359925982481,9,20,0.5
"s4","s3",3.07887366718166,9,20,0.5
"s4","s3",3.16413507966065,9,20,0.5
"s4","s3",2.52563641017497,9,20,0.5
"s4","s3",2.52563641017497,9,20,0.5
"s4","s3",4.19443140890276,9,20,0.5
"s4","s3",2.41012240754183,9,20,0.5
"s4","s3",1.90762639708545,9,20,0.5
"s4","s3",2.36908778488555,9,20,0.5
"s4","s3",2.94818031645098,9,20,0.5
"s4","s3",2.40876428998204,9,20,0.5
"s4","s3",3.47363693079698,9,20,0.5
"s4","s3",2.34626277740519,9,20,0.5
"s4","s3",1.99035169883972,9,20,0.5
"s4","s3",2.85231917062415,9,20,0.5
"s4","s3",2.21934014176855,9,20,0.5
"s4","s3",2.7228767297755,9,20,0.5
"s4","s3",2.6839220784322,9,20,0.5
"s4","s3",1.79897552723524,9,20,0.5
"s4","s3",2.88066191658062,9,20,0.5
"s4","s3",2.52563641017497,9,20,0.5
"s4","s3",2.52563641017497,9,20,0.5
"s4","s3",2.04719018805865,9,20,0.5
"s4","s3",3.45434373885711,9,20,0.5
"s4","s3",2.30835559761038,9,20,0.5
"s4","s3",2.61337930890764,9,20,0.5
"s4","s3",2.83384872960657,9,20,0.5
"s4","s3",2.19362570588252,9,20,0.5
"s4","s3",2.7228767297755,9,20,0.5
"s4","s3",2.52715815748425,9,20,0.5
"s4","s3",2.43729128182387,9,20,0.5
"s4","s3",2.01435187062955,9,20,0.5
"s4","s3",3.16391387462769,9,20,0.5
"s4","s3",3.18006270062652,9,20,0.5
"s4","s3",4.23175253896611,9,20,0.5
"s4","s3",3.00986931874835,9,20,0.5
"s4","s3",3.37739521620273,9,20,0.5
"s4","s3",2.92219762954477,9,20,0.5
"s4","s3",2.05416829746887,9,20,0.5
"s4","s3",2.06580518117463,9,20,0.5
"s4","s3",1.84476287784258,9,20,0.5
"s4","s3",2.34365606749081,9,20,0.5
"s4","s3",2.01435187062955,9,20,0.5
"s4","s3",2.515255558248,9,20,0.5
"s4","s3",4.02856060629282,9,20,0.5
"s4","s3",2.22192815304415,9,20,0.5
"s4","s3",4.22274039559756,9,20,0.5
"s4","s3",3.04797268253992,9,20,0.5
"s4","s3",2.472532412518,9,20,0.5
"s4","s3",2.82538477466907,9,20,0.5
"s4","s3",2.76406421796158,9,20,0.5
"s4","s3",2.79879805516246,9,20,0.5
"s4","s3",1.72114477846441,9,20,0.5
"s4","s3",3.72951007986789,9,20,0.5
"s4","s3",2.52563641017497,9,20,0.5
"s4","s3",2.15986375632439,9,20,0.5
"s4","s3",3.8173167062318,9,20,0.5
"s4","s3",2.75037118755252,9,20,0.5
"s4","s3",3.04686836625962,9,20,0.5
"s4","s3",2.11090145320473,9,20,0.5
"s4","s3",2.50487470632103,9,20,0.5
"s4","s3",2.15986375632439,9,20,0.5
"s4","s3",2.63705895687318,9,20,0.5
"s4","s3",2.61337930890763,9,20,0.5
"s4","s3",2.515255558248,9,20,0.5
"s4","s3",2.7228767297755,9,20,0.5
"s4","s3",1.88010210126632,9,20,0.5
"s4","s3",2.30835559761038,9,20,0.5
"s4","s3",2.52563641017497,9,20,0.5
"s4","s3",2.11090145320473,9,20,0.5
"s4","s3",2.29189216978911,9,20,0.5
"s4","s3",2.43138092914002,9,20,0.5
"s4","s3",2.71502001555121,9,20,0.5
"s4","s3",2.52563641017497,9,20,0.5
"s4","s3",2.40876428998204,9,20,0.5
"s4","s3",2.16564439388817,9,20,0.5
"s4","s3",1.86274979054105,9,20,0.5
"s4","s3",2.13811999213388,9,20,0.5
"s4","s3",2.5113890699832,9,20,0.5
"s4","s3",2.64109227068361,9,20,0.5
"s4","s3",2.52563641017497,9,20,0.5
"s4","s3",2.52563641017497,9,20,0.5
"s4","s3",2.5763241109793,9,20,0.5
"s4","s3",2.2468419762657,9,20,0.5
"s4","s3",4.37120461972322,9,20,0.5
"s4","s3",3.52543660501134,9,20,0.5
"s4","s3",1.80137823124841,9,20,0.5
"s4","s3",2.7011222076403,9,20,0.5
"s4","s3",2.86380786944114,9,20,0.5
"s4","s3",2.73709551744541,9,20,0.5
"s4","s3",2.06536404928646,9,20,0.5
"s4","s3",2.7228767297755,9,20,0.5
"s4","s3",2.82377504719611,9,20,0.5
"s4","s3",2.89465237058982,9,20,0.5
"s4","s3",1.65283137201906,9,20,0.5
"s4","s3",2.03221305391012,9,20,0.5
"s4","s3",3.29434581542189,9,20,0.5
"s4","s3",3.51986510875166,9,20,0.5
"s4","s3",2.49714172979144,9,20,0.5
"s4","s3",2.7011222076403,9,20,0.5
"s4","s3",3.80350316269963,9,20,0.5
"s4","s3",2.80372725081035,9,20,0.5
"s4","s3",1.90609548857983,9,20,0.5
"s4","s3",2.11090145320473,9,20,0.5
"s4","s3",2.62975623633724,9,20,0.5
"s4","s3",2.65219778951298,9,20,0.5
"s4","s3",2.29189216978911,9,20,0.5
"s4","s3",4.23899982467685,9,20,0.5
"s4","s3",2.472532412518,9,20,0.5
"s4","s3",2.11090145320473,9,20,0.5
"s4","s3",2.39541996519251,9,20,0.5
"s4","s3",2.70339940410385,9,20,0.5
"s4","s3",1.57922568559432,9,20,0.5
"s4","s3",2.94818031645098,9,20,0.5
"s4","s3",1.79137642735706,9,20,0.5
"s4","s3",3.37739521620273,9,20,0.5
"s4","s3",1.87779421028026,9,20,0.5
"s4","s3",1.94140644867817,9,20,0.5
"s4","s3",2.29189216978911,9,20,0.5
"s4","s3",2.38552738412217,9,20,0.5
"s4","s3",2.08473433162223,9,20,0.5
"s4","s3",3.33192234089793,9,20,0.5
"s4","s3",2.51078880397155,9,20,0.5
"s4","s3",4.15738456424363,9,20,0.5
"s4","s3",2.36908778488555,9,20,0.5
"s4","s3",2.25561615577883,9,20,0.5
"s4","s3",1.53675906939992,9,20,0.5
"s4","s3",2.52563641017497,9,20,0.5
"s4","s3",2.4438307872539,9,20,0.5
"s4","s3",2.22975207347157,9,20,0.5
"s4","s3",2.08663830869692,9,20,0.5
"s4","s3",3.21639443440586,9,20,0.5
"s4","s3",2.11090145320473,9,20,0.5
"s4","s3",2.45633211294468,9,20,0.5
"s4","s3",2.29189216978911,9,20,0.5
"s4","s3",2.52563641017497,9,20,0.5
"s4","s3",2.09289482225917,9,20,0.5
"s4","s3",3.07805039844318,9,20,0.5
"s4","s3",1.88546143167156,9,20,0.5
"s4","s3",2.30835559761038,9,20,0.5
"s4","s3",2.30640127325188,9,20,0.5
"s4","s3",2.91367403189272,9,20,0.5
"s4","s3",2.62425656997523,9,20,0.5
"s4","s3",2.0777403994356,9,20,0.5
"s4","s3",2.85851631003763,9,20,0.5
"s4","s3",2.18960194904647,9,20,0.5
"s4","s3",2.11090145320473,9,20,0.5
"s4","s3",3.03526582923858,9,20,0.5
"s4","s3",2.16968305241364,9,20,0.5
"s4","s3",2.06215291774517,9,20,0.5
"s4","s3",2.90900466253708,9,20,0.5
"s4","s3",1.62431486263671,9,20,0.5
"s4","s3",2.1119486460078,9,20,0.5
"s4","s3",1.46472274272871,9,20,0.5
"s4","s3",3.46488527256261,9,20,0.5
"s4","s3",3.153763203667,9,20,0.5
"s4","s3",1.77785665220133,9,20,0.5
"s4","s3",1.88010210126632,9,20,0.5
"s4","s3",2.91367403189272,9,20,0.5
"s4","s3",2.52715815748425,9,20,0.5
"s4","s3",2.52563641017497,9,20,0.5
"s4","s3",3.39890881667263,9,20,0.5
"s4","s3",3.48492706265372,9,20,0.5
"s4","s3",2.51670290162208,9,20,0.5
"s4","s3",2.11090145320473,9,20,0.5
"s4","s3",2.21934014176855,9,20,0.5
"s4","s3",4.29865038074542,9,20,0.5
"s4","s3",1.99909027420451,9,20,0.5
"s4","s3",2.45867686476365,9,20,0.5
"s4","s3",2.51670290162208,9,20,0.5
"s4","s3",2.45606143340729,9,20,0.5
"s4","s3",2.39541996519251,9,20,0.5
"s4","s3",2.38359925982481,9,20,0.5
"s4","s3",2.27795034121442,9,20,0.5
"s4","s3",2.02327706034492,9,20,0.5
"s4","s3",2.93518897299787,9,20,0.5
"s4","s3",2.5113890699832,9,20,0.5
"s4","s3",2.0748881913136,9,20,0.5
"s4","s3",2.92219762954477,9,20,0.5
"s4","s3",1.90183769305609,9,20,0.5
"s4","s3",3.22624973297383,9,20,0.5
"s4","s3",2.70716330132692,9,20,0.5
"s4","s3",3.82658175644896,9,20,0.5
"s4","s3",2.67567346161056,9,20,0.5
"s4","s3",2.23738235991043,9,20,0.5
"s4","s3",2.0777403994356,9,20,0.5
"s4","s3",2.67567346161056,9,20,0.5
"s4","s3",3.02657818168662,9,20,0.5
"s4","s3",2.22451616431974,9,20,0.5
"s4","s3",3.02025581346684,9,20,0.5
"s4","s3",2.34275008324968,9,20,0.5
"s4","s3",2.52563641017497,9,20,0.5
"s4","s3",3.43412660804407,9,20,0.5
"s4","s3",3.1273148657904,9,20,0.5
"s4","s3",1.96625012619688,9,20,0.5
"s4","s3",2.63705895687318,9,20,0.5
"s4","s3",2.0948445227217,9,20,0.5
"s4","s3",3.07887366718166,9,20,0.5
"s4","s3",3.94418006270162,9,20,0.5
"s4","s3",2.00585985209944,9,20,0.5
"s4","s3",1.75347482591255,9,20,0.5
"s4","s3",2.85081652598803,9,20,0.5
"s4","s3",2.62577831728452,9,20,0.5
"s4","s3",2.52563641017497,9,20,0.5
"s4","s3",2.01523413440589,9,20,0.5
"s4","s3",2.13437889297265,9,20,0.5
"s4","s3",2.69927509569303,9,20,0.5
"s4","s3",2.96177167532054,9,20,0.5
"s4","s3",1.77269364764894,9,20,0.5
"s4","s3",1.95126038934291,9,20,0.5
"s4","s3",2.52563641017497,9,20,0.5
"s4","s3",2.13811999213388,9,20,0.5
"s4","s3",1.93501886500945,9,20,0.5
"s4","s3",2.52563641017497,9,20,0.5
"s4","s3",3.00249202574819,9,20,0.5
"s4","s3",1.6893047991491,9,20,0.5
"s4","s3",2.52563641017497,9,20,0.5
"s4","s3",3.18111769837833,9,20,0.5
"s4","s3",2.01649165048079,9,20,0.5
"s4","s3",2.87787599409404,9,20,0.5
"s4","s3",3.414640248384,9,20,0.5
"s4","s3",2.30835559761038,9,20,0.5
"s4","s3",2.78759795019982,9,20,0.5
"s4","s3",1.91908295745687,9,20,0.5
"s4","s3",2.50718887488097,9,20,0.5
"s4","s3",3.04686836625962,9,20,0.5
"s4","s3",3.17089582982314,9,20,0.5
"s4","s3",1.8199372464302,9,20,0.5
"s4","s3",2.41494835514954,9,20,0.5
"s4","s3",2.90900466253708,9,20,0.5
"s4","s3",2.07686205804506,9,20,0.5
"s4","s3",1.58927283068386,9,20,0.5
"s4","s3",2.33048997733733,9,20,0.5
"s4","s3",2.44572675309908,9,20,0.5
"s4","s3",4.26787383368881,9,20,0.5
"s4","s3",2.61337930890763,9,20,0.5
"s4","s3",3.78902330888531,9,20,0.5
"s4","s3",2.11637622794338,9,20,0.5
"s4","s3",2.85231917062415,9,20,0.5
"s4","s3",1.91027933948966,9,20,0.5
"s4","s3",2.11821362350555,9,20,0.5
"s4","s3",2.02487385530832,9,20,0.5
"s4","s3",2.44572675309908,9,20,0.5
"s4","s3",1.7470497312947,9,20,0.5
"s4","s3",4.05175323641815,9,20,0.5
"s4","s3",2.96177167532054,9,20,0.5
"s4","s3",2.15986375632439,9,20,0.5
"s4","s3",2.90900466253708,9,20,0.5
"s4","s3",3.63165469344721,9,20,0.5
"s4","s3",2.60065493589277,9,20,0.5
"s4","s3",2.62975623633724,9,20,0.5
"s4","s3",2.52563641017497,9,20,0.5
"s4","s3",2.75008364786065,9,20,0.5
"s4","s3",2.20413419886625,9,20,0.5
"s4","s3",2.10859995473589,9,20,0.5
"s4","s3",3.67604535177095,9,20,0.5
"s4","s3",2.52715815748425,9,20,0.5
"s4","s3",2.5023995043151,9,20,0.5
"s4","s3",3.41247028320376,9,20,0.5
"s4","s3",2.44572675309908,9,20,0.5
"s4","s3",2.36908778488555,9,20,0.5
"s4","s3",3.00720165814017,9,20,0.5
"s4","s3",2.62425656997523,9,20,0.5
"s4","s3",2.38359925982481,9,20,0.5
"s4","s3",2.18509904087145,9,20,0.5
"s4","s3",2.28685209431441,9,20,0.5
"s4","s3",1.95111665433663,9,20,0.5
"s4","s3",2.58480309104451,9,20,0.5
"s4","s3",2.13547850902623,9,20,0.5
"s4","s3",2.03026427225386,9,20,0.5
"s4","s3",2.50893900974513,9,20,0.5
"s4","s3",3.11039009065408,9,20,0.5
"s4","s3",2.52867990479354,9,20,0.5
"s4","s3",2.58336434042929,9,20,0.5
"s4","s3",2.73387606249951,9,20,0.5
"s4","s3",2.515255558248,9,20,0.5
"s4","s3",2.29189216978911,9,20,0.5
"s4","s3",2.03495044127944,9,20,0.5
"s4","s3",1.78137462346572,9,20,0.5
"s4","s3",2.86818404412385,9,20,0.5
"s4","s3",2.39044400506419,9,20,0.5
"s4","s3",2.10859995473589,9,20,0.5
"s4","s3",2.99077721179495,9,20,0.5
"s4","s3",3.00304118714558,9,20,0.5
"s4","s3",2.2423443663935,9,20,0.5
"s4","s3",2.52563641017497,9,20,0.5
"s4","s3",2.63705895687318,9,20,0.5
"s4","s3",2.61639985575095,9,20,0.5
"s4","s3",1.94651266294979,9,20,0.5
"s4","s3",2.46019860120948,9,20,0.5
"s4","s3",2.15986375632439,9,20,0.5
"s4","s3",2.20764416718835,9,20,0.5
"s4","s3",3.5523753289225,9,20,0.5
"s4","s3",2.5113890699832,9,20,0.5
"s4","s3",2.52563641017497,9,20,0.5
"s4","s3",2.46509982572501,9,20,0.5
"s4","s3",1.63705089088443,9,20,0.5
"s4","s3",2.29189216978911,9,20,0.5
"s4","s3",3.35123671171141,9,20,0.5
"s4","s3",2.51670290162208,9,20,0.5
"s4","s3",2.36729358825376,9,20,0.5
"s4","s3",2.53226351029489,9,20,0.5
"s4","s3",2.52563641017497,9,20,0.5
"s4","s3",2.01200131251441,9,20,0.5
"s4","s3",3.01089030464025,9,20,0.5
"s4","s3",2.53889061041482,9,20,0.5
"s4","s3",5.29431381296913,9,20,0.5
"s4","s3",2.52563641017497,9,20,0.5
"s4","s3",2.15986375632439,9,20,0.5
"s4","s3",2.16462002896793,9,20,0.5
"s4","s3",2.36210742404479,9,20,0.5
"s4","s3",3.14979642287375,9,20,0.5
"s4","s3",2.10859995473589,9,20,0.5
"s4","s3",2.15986375632439,9,20,0.5
"s4","s3",2.95199721407691,9,20,0.5
"s4","s3",3.36541557878528,9,20,0.5
"s4","s3",2.91367403189272,9,20,0.5
"s4","s3",2.13547850902623,9,20,0.5
"s4","s3",2.7898214651191,9,20,0.5
"s4","s3",2.29189216978911,9,20,0.5
"s4","s3",2.60477924430359,9,20,0.5
"s4","s3",2.66468183049266,9,20,0.5
"s4","s3",3.81762677649278,9,20,0.5
"s4","s3",4.00030405470206,9,20,0.5
"s4","s3",4.20804913482315,9,20,0.5
"s4","s3",3.56531959753446,9,20,0.5
"s4","s3",2.80372725081035,9,20,0.5
"s4","s3",3.83246065754117,9,20,0.5
"s4","s3",2.91367403189272,9,20,0.5
"s4","s3",2.27429786733321,9,20,0.5
"s4","s3",4.19443140890276,9,20,0.5
"s4","s3",3.18006270062652,9,20,0.5
"s4","s3",2.34365606749081,9,20,0.5
"s4","s3",2.73387606249951,9,20,0.5
"s4","s3",1.93793750400165,9,20,0.5
"s4","s3",4.70098473863185,9,20,0.5
"s4","s3",2.52563641017497,9,20,0.5
"s4","s3",3.09405993235259,9,20,0.5
"s4","s3",1.88010210126632,9,20,0.5
"s4","s3",2.38608640156837,9,20,0.5
"s4","s3",1.87162843864191,9,20,0.5
"s4","s3",3.02896934736028,9,20,0.5
"s4","s3",2.515255558248,9,20,0.5
"s4","s3",1.55159746318595,9,20,0.5
"s4","s3",2.52563641017497,9,20,0.5
"s4","s3",2.80037636193477,9,20,0.5
"s4","s3",2.69927509569303,9,20,0.5
"s4","s3",2.51194588825153,9,20,0.5
"s4","s3",2.1119486460078,9,20,0.5
"s4","s3",2.52563641017497,9,20,0.5
"s4","s3",4.96283488535483,9,20,0.5
"s4","s3",2.10060129641312,9,20,0.5
"s4","s3",2.22451616431974,9,20,0.5
"s4","s3",3.00986931874835,9,20,0.5
"s4","s3",2.10060129641312,9,20,0.5
"s4","s3",2.65426229979896,9,20,0.5
"s4","s3",2.91367403189272,9,20,0.5
"s4","s3",2.91367403189272,9,20,0.5
"s4","s3",2.52563641017497,9,20,0.5
"s4","s3",2.16968305241364,9,20,0.5
"s4","s3",2.5023995043151,9,20,0.5
"s4","s3",3.11039009065408,9,20,0.5
"s4","s3",2.60065493589277,9,20,0.5
"s4","s3",3.44925506988087,9,20,0.5
"s4","s3",2.63127798364652,9,20,0.5
"s4","s3",4.16215625598787,9,20,0.5
"s4","s3",1.90762639708545,9,20,0.5
"s4","s3",2.62577831728452,9,20,0.5
"s4","s3",2.52116965589853,9,20,0.5
"s4","s3",2.52563641017497,9,20,0.5
"s4","s3",2.40911482698426,9,20,0.5
"s4","s3",2.77943542243129,9,20,0.5
"s4","s3",2.13811999213388,9,20,0.5
"s4","s3",2.20681958306409,9,20,0.5
"s4","s3",2.44572675309908,9,20,0.5
"s4","s3",2.52563641017497,9,20,0.5
"s4","s3",2.01632028976266,9,20,0.5
"s4","s3",2.13811999213388,9,20,0.5
"s4","s3",2.11090145320473,9,20,0.5
"s4","s3",3.76041984127783,9,20,0.5
"s4","s3",2.27313895258343,9,20,0.5
"s4","s3",2.01523413440589,9,20,0.5
"s4","s3",2.13547850902623,9,20,0.5
"s4","s3",3.29625479463959,9,20,0.5
"s4","s3",1.99422282750667,9,20,0.5
"s4","s3",2.46244467577715,9,20,0.5
"s4","s3",3.65540441787872,9,20,0.5
"s4","s3",3.94418006270162,9,20,0.5
"s4","s3",2.71965522103384,9,20,0.5
"s4","s3",2.27365837392071,9,20,0.5
"s4","s3",2.72391701985987,9,20,0.5
"s4","s3",3.41247028320376,9,20,0.5
"s4","s3",2.25820416705443,9,20,0.5
"s4","s3",2.52563641017497,9,20,0.5
"s4","s3",2.46052818768374,9,20,0.5
"s4","s3",4.11657946137396,9,20,0.5
"s4","s3",3.49226886882908,9,20,0.5
"s4","s3",2.2554245780523,9,20,0.5
"s4","s3",2.77882190190338,9,20,0.5
"s4","s3",3.61925988813056,9,20,0.5
"s4","s3",4.24386085639592,9,20,0.5
"s4","s3",3.2045335886528,9,20,0.5
"s4","s3",2.97168510484156,9,20,0.5
"s4","s3",1.42028065045067,9,20,0.5
"s4","s3",2.49908441134648,9,20,0.5
"s4","s3",1.93062512105489,9,20,0.5
"s4","s3",2.29964039061874,9,20,0.5
"s4","s3",2.47162697642821,9,20,0.5
"s4","s3",2.18773779856001,9,20,0.5
"s4","s3",3.15427225261255,9,20,0.5
"s4","s3",2.47916259845523,9,20,0.5
"s4","s3",2.04024830917382,9,20,0.5
"s4","s3",4.11877443343649,9,20,0.5
"s4","s3",2.36908778488555,9,20,0.5
"s4","s3",2.34861783865545,9,20,0.5
"s4","s3",2.0141939142041,9,20,0.5
"s4","s3",2.86509758235909,9,20,0.5
"s4","s3",3.49849788110017,9,20,0.5
"s4","s3",2.15536084814936,9,20,0.5
"s4","s3",1.93062512105489,9,20,0.5
"s4","s3",2.96518478453366,9,20,0.5
"s4","s3",3.76041984127783,9,20,0.5
"s4","s3",1.96890306860109,9,20,0.5
"s4","s3",2.7119994687079,9,20,0.5
"s4","s3",1.90762639708545,9,20,0.5
"s4","s3",4.13575996074868,9,20,0.5
"s4","s3",2.2567035648773,9,20,0.5
"s4","s3",2.29964039061874,9,20,0.5
"s4","s3",2.40777223624568,9,20,0.5
"s4","s3",2.21934014176855,9,20,0.5
"s4","s3",2.06666006531211,9,20,0.5
"s4","s3",2.41552249609792,9,20,0.5
"s4","s3",3.88127786660204,9,20,0.5
"s4","s3",2.67567346161056,9,20,0.5
"s4","s3",3.16047217766589,9,20,0.5
"s4","s3",2.11090145320473,9,20,0.5
"s4","s3",1.99855646559144,9,20,0.5
"s4","s3",2.40876428998204,9,20,0.5
"s4","s3",2.70477476205504,9,20,0.5
"s4","s3",3.07640140160995,9,20,0.5
"s4","s3",2.69754406711104,9,20,0.5
"s4","s3",2.11090145320473,9,20,0.5
"s4","s3",2.52563641017497,9,20,0.5
"s4","s3",2.38999128701929,9,20,0.5
"s4","s3",3.78006760794861,9,20,0.5
"s4","s3",3.18006270062652,9,20,0.5
"s4","s3",3.31634959492066,9,20,0.5
"s4","s3",2.01523413440589,9,20,0.5
"s4","s3",2.73548578997246,9,20,0.5
"s4","s3",3.608873180952,9,20,0.5
"s4","s3",2.32284371462134,9,20,0.5
"s4","s3",1.83456403390551,9,20,0.5
"s4","s3",2.52563641017497,9,20,0.5
"s4","s3",3.31707305981329,9,20,0.5
"s4","s3",2.53226351029489,9,20,0.5
"s4","s3",2.52116965589852,9,20,0.5
"s4","s3",1.78607981946051,9,20,0.5
"s4","s3",2.52563641017497,9,20,0.5
"s4","s3",2.47916259845523,9,20,0.5
"s4","s3",2.41552249609792,9,20,0.5
"s4","s3",3.45548408215196,9,20,0.5
"s4","s3",2.41552249609792,9,20,0.5
"s4","s3",2.3841699572,9,20,0.5
"s4","s3",2.4258122274141,9,20,0.5
"s4","s3",2.12005101906772,9,20,0.5
"s4","s3",1.88518885333558,9,20,0.5
"s4","s3",2.16968305241364,9,20,0.5
"s4","s3",2.50893900974514,9,20,0.5
"s4","s3",2.97796319626861,9,20,0.5
"s4","s3",3.49849788110017,9,20,0.5
"s4","s3",2.62701181178364,9,20,0.5
"s4","s3",2.7228767297755,9,20,0.5
"s4","s3",2.0744967767549,9,20,0.5
"s4","s3",2.0748881913136,9,20,0.5
"s4","s3",2.58480309104451,9,20,0.5
"s4","s3",2.52563641017497,9,20,0.5
"s4","s3",2.52563641017497,9,20,0.5
"s4","s3",2.39541996519251,9,20,0.5
"s4","s3",2.45490318368749,9,20,0.5
"s4","s3",2.03734788814674,9,20,0.5
"s4","s3",2.28249449081859,9,20,0.5
"s4","s3",2.45490318368749,9,20,0.5
"s4","s3",2.472532412518,9,20,0.5
"s4","s3",2.15986375632439,9,20,0.5
"s4","s3",2.4922416093153,9,20,0.5
"s4","s3",2.63705895687318,9,20,0.5
"s4","s3",3.01191129053215,9,20,0.5
"s4","s3",2.03374507670492,9,20,0.5
"s4","s3",2.18334166969424,9,20,0.5
"s4","s3",2.08481792338558,9,20,0.5
"s4","s3",2.08289693606006,9,20,0.5
"s4","s3",2.11429916970497,9,20,0.5
"s4","s3",2.40456324127504,9,20,0.5
"s4","s3",2.50487470632103,9,20,0.5
"s4","s3",2.12005101906772,9,20,0.5
"s4","s3",1.96357179970503,9,20,0.5
"s4","s3",2.46509982572501,9,20,0.5
"s4","s3",2.87787599409404,9,20,0.5
"s4","s3",2.11637622794338,9,20,0.5
"s4","s3",2.15986375632439,9,20,0.5
"s4","s3",3.00249202574819,9,20,0.5
"s4","s3",2.0777403994356,9,20,0.5
"s4","s3",2.70716330132692,9,20,0.5
"s4","s3",2.38177243894389,9,20,0.5
"s4","s3",3.06010667445798,9,20,0.5
"s4","s3",2.73387606249951,9,20,0.5
"s4","s3",2.48568158163703,9,20,0.5
"s4","s3",3.41247028320376,9,20,0.5
"s4","s3",3.02928520355253,9,20,0.5
"s4","s3",2.11248809133963,9,20,0.5
"s4","s3",3.10086652791379,9,20,0.5
"s4","s3",2.12085501480851,9,20,0.5
"s4","s3",1.78107667989177,9,20,0.5
"s4","s3",3.7942604017837,9,20,0.5
"s4","s3",2.22192815304415,9,20,0.5
"s4","s3",2.7228767297755,9,20,0.5
"s4","s3",2.50487470632103,9,20,0.5
"s4","s3",2.12592736848481,9,20,0.5
"s4","s3",2.65925068495632,9,20,0.5
"s4","s3",3.46330862228724,9,20,0.5
"s4","s3",2.78759795019982,9,20,0.5
"s4","s3",2.52563641017497,9,20,0.5
"s4","s3",2.24838457332516,9,20,0.5
"s4","s3",2.00256094890489,9,20,0.5
"s4","s3",1.52827643790499,9,20,0.5
"s4","s3",2.77943542243129,9,20,0.5
"s4","s3",2.36397849528515,9,20,0.5
"s4","s3",2.21934014176855,9,20,0.5
"s4","s3",3.20037443149502,9,20,0.5
"s4","s3",2.2567035648773,9,20,0.5
"s4","s3",1.80310044588178,9,20,0.5
"s4","s3",3.07881718368861,9,20,0.5
"s4","s3",2.7228767297755,9,20,0.5
"s4","s3",2.16968305241364,9,20,0.5
"s4","s3",3.23556041929869,9,20,0.5
"s4","s3",2.87637430026216,9,20,0.5
"s4","s3",1.64109259729951,9,20,0.5
"s4","s3",2.5023995043151,9,20,0.5
"s4","s3",2.81661836107887,9,20,0.5
"s4","s3",2.52563641017497,9,20,0.5
"s4","s3",2.96177167532054,9,20,0.5
"s4","s3",2.69927509569303,9,20,0.5
"s4","s3",2.97168510484156,9,20,0.5
"s4","s3",3.01191129053215,9,20,0.5
"s4","s3",2.88299660125843,9,20,0.5
"s4","s3",2.02795978126306,9,20,0.5
"s4","s3",2.53226351029489,9,20,0.5
"s4","s3",2.30835559761038,9,20,0.5
"s4","s3",2.62577831728452,9,20,0.5
"s4","s3",2.72755444202093,9,20,0.5
"s4","s3",2.39541996519251,9,20,0.5
"s4","s3",2.40456324127504,9,20,0.5
"s4","s3",2.61639985575095,9,20,0.5
"s4","s3",2.72391701985987,9,20,0.5
"s4","s3",2.71344021099614,9,20,0.5
"s4","s3",3.29033448892721,9,20,0.5
"s4","s3",1.76496227901014,9,20,0.5
"s4","s3",2.52563641017497,9,20,0.5
"s4","s3",2.52563641017497,9,20,0.5
"s4","s3",2.01451199919658,9,20,0.5
"s4","s3",2.10834434111002,9,20,0.5
"s4","s3",3.07587390273404,9,20,0.5
"s4","s3",2.11637622794338,9,20,0.5
"s4","s3",2.73387606249951,9,20,0.5
"s4","s3",3.11039009065408,9,20,0.5
"s4","s3",3.414640248384,9,20,0.5
"s4","s3",1.9056809121472,9,20,0.5
"s4","s3",2.7228767297755,9,20,0.5
"s4","s3",2.52563641017497,9,20,0.5
"s4","s3",3.22624973297383,9,20,0.5
"s4","s3",2.04648726692075,9,20,0.5
"s4","s3",2.52563641017497,9,20,0.5
"s4","s3",2.02487385530832,9,20,0.5
"s4","s3",2.58480309104451,9,20,0.5
"s4","s3",2.35188778140144,9,20,0.5
"s4","s3",2.65253591630313,9,20,0.5
"s4","s3",3.18601785603598,9,20,0.5
"s4","s3",2.36622799661953,9,20,0.5
"s4","s3",2.73387606249951,9,20,0.5
"s4","s3",2.29189216978911,9,20,0.5
"s4","s3",2.10859995473589,9,20,0.5
"s4","s3",2.00936351918041,9,20,0.5
"s4","s3",3.74330384205524,9,20,0.5
"s4","s3",2.73387606249951,9,20,0.5
"s4","s3",1.899708472526,9,20,0.5
"s4","s3",2.15986375632439,9,20,0.5
"s4","s3",2.45388205270661,9,20,0.5
"s4","s3",2.46509982572501,9,20,0.5
"s4","s3",2.3688094614441,9,20,0.5
"s4","s3",2.24300579465288,9,20,0.5
"s4","s3",2.7228767297755,9,20,0.5
"s4","s3",2.11090145320473,9,20,0.5
"s4","s3",2.15536084814936,9,20,0.5
"s4","s3",2.68342325084477,9,20,0.5
"s4","s3",1.74534151519876,9,20,0.5
"s4","s3",2.3841699572,9,20,0.5
"s4","s3",2.15986375632439,9,20,0.5
"s4","s3",2.92219762954477,9,20,0.5
"s4","s3",2.11027430037185,9,20,0.5
"s4","s3",2.92219762954477,9,20,0.5
"s4","s3",2.43854782689652,9,20,0.5
"s4","s3",2.15085793997434,9,20,0.5
"s4","s3",2.43712712441521,9,20,0.5
"s4","s3",1.90747780615454,9,20,0.5
"s4","s3",2.97510596493006,9,20,0.5
"s4","s3",2.50718887488097,9,20,0.5
"s4","s3",2.60151008870865,9,20,0.5
"s4","s3",2.7119994687079,9,20,0.5
"s4","s3",2.14533616636834,9,20,0.5
"s4","s3",2.65772893764704,9,20,0.5
"s4","s3",2.52563641017497,9,20,0.5
"s4","s3",2.07062504162585,9,20,0.5
"s4","s3",2.0837995274245,9,20,0.5
"s4","s3",2.73387606249951,9,20,0.5
"s4","s3",3.19456271751331,9,20,0.5
"s4","s3",2.67567346161056,9,20,0.5
"s4","s3",2.37248827597176,9,20,0.5
"s4","s3",1.80137823124841,9,20,0.5
"s4","s3",2.40876428998204,9,20,0.5
"s4","s3",2.47162697642821,9,20,0.5
"s4","s3",2.4922416093153,9,20,0.5
"s4","s3",2.14711416654108,9,20,0.5
"s4","s3",2.85231917062415,9,20,0.5
"s4","s3",3.98298381167892,9,20,0.5
"s4","s3",2.60813718882858,9,20,0.5
"s4","s3",2.12005101906772,9,20,0.5
"s4","s3",3.19819963940766,9,20,0.5
"s4","s3",2.13080857641228,9,20,0.5
"s4","s3",3.78937954890649,9,20,0.5
"s4","s3",3.39890881667263,9,20,0.5
"s4","s3",2.52563641017497,9,20,0.5
"s4","s3",2.97168510484156,9,20,0.5
"s4","s3",2.16658248874395,9,20,0.5
"s4","s3",3.06882652209212,9,20,0.5
"s4","s3",2.52563641017497,9,20,0.5
"s4","s3",2.52563641017497,9,20,0.5
"s4","s3",2.48940792565459,9,20,0.5
"s4","s3",2.32542227162241,9,20,0.5
"s4","s3",3.153763203667,9,20,0.5
"s4","s3",2.11090145320473,9,20,0.5
"s4","s3",3.27423300926445,9,20,0.5
"s4","s3",1.91293228189386,9,20,0.5
"s4","s3",2.36908778488555,9,20,0.5
"s4","s3",2.39541996519251,9,20,0.5
"s4","s3",3.38258433648899,9,20,0.5
"s4","s3",1.89351187057694,9,20,0.5
"s4","s3",2.87787599409404,9,20,0.5
"s4","s3",2.2554245780523,9,20,0.5
"s4","s3",1.90921228401926,9,20,0.5
"s4","s3",2.50487470632103,9,20,0.5
"s4","s3",1.98930102677939,9,20,0.5
"s4","s3",3.10086652791379,9,20,0.5
"s4","s3",1.69683700184968,9,20,0.5
"s4","s3",2.86509758235909,9,20,0.5
"s4","s3",2.15986375632439,9,20,0.5
"s4","s3",2.06215291774517,9,20,0.5
"s4","s3",2.53889061041482,9,20,0.5
"s4","s3",2.83969980692098,9,20,0.5
"s4","s3",2.33872169124797,9,20,0.5
"s4","s3",3.01191129053215,9,20,0.5
"s4","s3",3.48603985655798,9,20,0.5
"s4","s3",2.09236880581635,9,20,0.5
"s4","s3",3.41406976770419,9,20,0.5
"s4","s3",2.3841699572,9,20,0.5
"s4","s3",1.79394333117087,9,20,0.5
"s4","s3",2.48568158163702,9,20,0.5
"s4","s3",2.15536084814936,9,20,0.5
"s4","s3",3.03928445179899,9,20,0.5
"s4","s3",2.00936351918041,9,20,0.5
"s4","s3",2.21934014176855,9,20,0.5
"s4","s3",2.30894010722117,9,20,0.5
"s4","s3",3.25666840555877,9,20,0.5
"s4","s3",2.44572675309908,9,20,0.5
"s4","s3",2.72998612361046,9,20,0.5
"s4","s3",2.68065292283727,9,20,0.5
"s4","s3",3.0120320612734,9,20,0.5
"s4","s3",2.36596057023805,9,20,0.5
"s4","s3",2.52563641017497,9,20,0.5
"s4","s3",3.4056895499382,9,20,0.5
"s4","s3",3.5523753289225,9,20,0.5
"s4","s3",2.0253380700613,9,20,0.5
"s4","s3",1.89683449256668,9,20,0.5
"s4","s3",3.10086652791379,9,20,0.5
"s4","s3",2.52563641017497,9,20,0.5
"s4","s3",2.52563641017497,9,20,0.5
"s4","s3",1.80274123122971,9,20,0.5
"s4","s3",3.76752797406183,9,20,0.5
"s4","s3",2.15986375632439,9,20,0.5
"s4","s3",2.11821362350555,9,20,0.5
"s4","s3",2.52563641017497,9,20,0.5
"s4","s3",2.7011222076403,9,20,0.5
"s4","s3",3.39582996299524,9,20,0.5
"s4","s3",2.7228767297755,9,20,0.5
"s4","s3",2.0224186774195,9,20,0.5
"s4","s3",3.92083268748427,9,20,0.5
"s4","s3",1.68810246941021,9,20,0.5
"s4","s3",2.78091755153359,9,20,0.5
"s4","s3",2.73709551744541,9,20,0.5
"s4","s3",3.00249202574819,9,20,0.5
"s4","s3",2.12309854532568,9,20,0.5
"s4","s3",1.80137823124841,9,20,0.5
"s4","s3",3.37187367210342,9,20,0.5
"s4","s3",2.37507628724735,9,20,0.5
"s4","s3",3.11039009065408,9,20,0.5
"s4","s3",2.1046006255745,9,20,0.5
"s4","s3",2.63088367009516,9,20,0.5
"s4","s3",2.85231917062415,9,20,0.5
"s4","s3",2.29189216978911,9,20,0.5
"s4","s3",2.23309105901713,9,20,0.5
"s4","s3",2.7228767297755,9,20,0.5
"s4","s3",1.90456458007421,9,20,0.5
"s4","s3",2.86739401015382,9,20,0.5
"s4","s3",2.90024974353756,9,20,0.5
"s4","s3",3.17267491541359,9,20,0.5
"s4","s3",2.09563220962849,9,20,0.5
"s4","s3",2.60217668320205,9,20,0.5
"s4","s3",2.20681958306409,9,20,0.5
"s4","s3",2.99125027699242,9,20,0.5
"s4","s3",3.65242676436954,9,20,0.5
"s4","s3",3.61036200770659,9,20,0.5
"s4","s3",2.52563641017497,9,20,0.5
"s4","s3",2.94818031645098,9,20,0.5
"s4","s3",2.00773529852462,9,20,0.5
"s4","s3",2.69091696699112,9,20,0.5
"s4","s3",2.15986375632439,9,20,0.5
"s4","s3",3.44015997442728,9,20,0.5
"s4","s3",3.76041984127783,9,20,0.5
"s4","s3",1.90210184875178,9,20,0.5
"s4","s3",2.86268437776184,9,20,0.5
"s4","s3",3.49621719451046,9,20,0.5
"s4","s3",3.32613054238359,9,20,0.5
"s4","s3",3.51986510875166,9,20,0.5
"s4","s3",2.08287139064005,9,20,0.5
"s4","s3",2.36596057023805,9,20,0.5
"s4","s3",2.30175504948428,9,20,0.5
"s4","s3",2.04941764417674,9,20,0.5
"s4","s3",2.61337930890763,9,20,0.5
"s4","s3",3.01191129053215,9,20,0.5
"s4","s3",2.47530072971005,9,20,0.5
"s4","s3",2.5763241109793,9,20,0.5
"s4","s3",2.52563641017497,9,20,0.5
"s4","s3",2.89539343514097,9,20,0.5
"s4","s3",2.62425656997523,9,20,0.5
"s4","s3",2.53226351029489,9,20,0.5
"s4","s3",3.43171753638036,9,20,0.5
"s4","s3",3.2553039736386,9,20,0.5
"s4","s3",2.4438307872539,9,20,0.5
"s4","s3",2.52563641017497,9,20,0.5
"s4","s3",2.52563641017497,9,20,0.5
"s4","s3",3.16307215754824,9,20,0.5
"s4","s3",2.50718887488097,9,20,0.5
"s4","s3",2.01630457691647,9,20,0.5
"s4","s3",3.12705998522135,9,20,0.5
"s4","s3",2.50487470632103,9,20,0.5
"s4","s3",2.50718887488097,9,20,0.5
"s4","s3",2.11032615774042,9,20,0.5
"s4","s3",2.11363884057405,9,20,0.5
"s4","s3",3.44015997442728,9,20,0.5
"s4","s3",1.9724871426161,9,20,0.5
"s4","s3",2.20800830928106,9,20,0.5
"s4","s3",2.31084246958392,9,20,0.5
"s4","s3",2.91367403189272,9,20,0.5
"s4","s3",3.18006270062652,9,20,0.5
"s4","s3",2.15986375632439,9,20,0.5
"s4","s3",2.17999733667298,9,20,0.5
"s4","s3",2.00918962967963,9,20,0.5
"s4","s3",3.32710639515562,9,20,0.5
"s4","s3",3.06882652209212,9,20,0.5
"s4","s3",2.29189216978911,9,20,0.5
"s4","s3",3.36625985630536,9,20,0.5
"s4","s3",2.52563641017497,9,20,0.5
"s4","s3",4.00928330863844,9,20,0.5
"s4","s3",2.05984197226621,9,20,0.5
"s4","s3",2.0224186774195,9,20,0.5
"s4","s3",3.76752797406183,9,20,0.5
"s4","s3",3.46725267856783,9,20,0.5
"s4","s3",2.75522991180311,9,20,0.5
"s4","s3",2.38552738412217,9,20,0.5
"s4","s3",2.78089903626312,9,20,0.5
"s4","s3",2.86509758235909,9,20,0.5
"s4","s3",2.11090145320473,9,20,0.5
"s4","s3",2.30738005348053,9,20,0.5
"s4","s3",1.91293228189386,9,20,0.5
"s4","s3",2.63705895687318,9,20,0.5
"s4","s3",2.50718887488097,9,20,0.5
"s4","s3",2.38359925982481,9,20,0.5
"s4","s3",2.15986375632439,9,20,0.5
"s4","s3",2.42134547313765,9,20,0.5
"s4","s3",2.73387606249951,9,20,0.5
"s4","s3",2.4922416093153,9,20,0.5
"s4","s3",2.66468183049266,9,20,0.5
"s4","s3",2.29189216978911,9,20,0.5
"s4","s3",2.38207016737668,9,20,0.5
"s4","s3",2.27365837392071,9,20,0.5
"s4","s3",2.90900466253708,9,20,0.5
"s4","s3",2.97168510484156,9,20,0.5
"s4","s3",2.13087969658953,9,20,0.5
"s4","s3",2.29576628020393,9,20,0.5
"s4","s3",5.08749604709563,9,20,0.5
"s4","s3",2.16968305241364,9,20,0.5
"s4","s3",2.63705895687318,9,20,0.5
"s4","s3",2.11637622794338,9,20,0.5
"s4","s3",2.48568158163702,9,20,0.5
"s4","s3",2.76877385035356,9,20,0.5
"s4","s3",4.07413740090672,9,20,0.5
"s4","s3",1.91293228189386,9,20,0.5
"s4","s3",2.29189216978911,9,20,0.5
"s4","s3",2.52563641017497,9,20,0.5
"s4","s3",2.39541996519251,9,20,0.5
"s4","s3",3.56392848583211,9,20,0.5
"s4","s3",2.52563641017497,9,20,0.5
"s4","s3",2.73387606249951,9,20,0.5
"s4","s3",1.38948312044943,9,20,0.5
"s4","s3",2.15986375632439,9,20,0.5
"s4","s3",2.58336434042929,9,20,0.5
"s4","s3",1.60177027411552,9,20,0.5
"s4","s3",2.91367403189272,9,20,0.5
"s4","s3",2.06357902180617,9,20,0.5
"s4","s3",2.52563641017497,9,20,0.5
"s4","s3",1.84796202347508,9,20,0.5
"s4","s3",2.67567346161056,9,20,0.5
"s4","s3",2.41823943987944,9,20,0.5
"s4","s3",2.20413419886625,9,20,0.5
"s4","s3",3.01191129053215,9,20,0.5
"s4","s3",2.472532412518,9,20,0.5
"s4","s3",4.06458498429309,9,20,0.5
"s4","s3",2.85231917062415,9,20,0.5
"s4","s3",2.9247805494678,9,20,0.5
"s4","s3",1.88010210126632,9,20,0.5
"s4","s3",1.81833767361395,9,20,0.5
"s4","s3",3.81762677649278,9,20,0.5
"s4","s3",4.09645591717161,9,20,0.5
"s4","s3",2.50893900974513,9,20,0.5
"s4","s3",2.13811999213388,9,20,0.5
"s4","s3",2.62701181178364,9,20,0.5
"s4","s3",2.12005101906772,9,20,0.5
"s4","s3",2.85870064135154,9,20,0.5
"s4","s3",2.47057945313645,9,20,0.5
"s4","s3",2.94818031645098,9,20,0.5
"s4","s3",1.88546143167156,9,20,0.5
"s4","s3",2.60728203601269,9,20,0.5
"s4","s3",2.7228767297755,9,20,0.5
"s4","s3",2.11637622794338,9,20,0.5
"s4","s3",3.153763203667,9,20,0.5
"s4","s3",2.69927509569303,9,20,0.5
"s4","s3",2.30835559761038,9,20,0.5
"s4","s3",1.58646346048585,9,20,0.5
"s4","s3",2.15986375632439,9,20,0.5
"s4","s3",2.12210699853844,9,20,0.5
"s4","s3",2.21934014176855,9,20,0.5
"s4","s3",2.00813500404192,9,20,0.5
"s4","s3",3.62766093560116,9,20,0.5
"s4","s3",2.29189216978911,9,20,0.5
"s4","s3",2.91367403189272,9,20,0.5
"s4","s3",2.7228767297755,9,20,0.5
"s4","s3",2.16968305241364,9,20,0.5
"s4","s3",2.52563641017497,9,20,0.5
"s4","s3",2.21934014176855,9,20,0.5
"s4","s3",2.33774571480696,9,20,0.5
"s4","s3",1.9041673387738,9,20,0.5
"s4","s3",2.7324198149829,9,20,0.5
"s4","s3",2.47057945313644,9,20,0.5
"s4","s3",2.23802185332293,9,20,0.5
"s4","s3",2.46135568548944,9,20,0.5
"s4","s3",2.48825084137462,9,20,0.5
"s4","s3",2.04941764417674,9,20,0.5
"s4","s3",3.07586488619418,9,20,0.5
"s4","s3",2.18509904087145,9,20,0.5
"s4","s3",2.43166627782762,9,20,0.5
"s4","s3",2.80372725081035,9,20,0.5
"s4","s3",2.1119486460078,9,20,0.5
"s4","s3",2.52563641017497,9,20,0.5
"s4","s3",3.55745635152613,9,20,0.5
"s4","s3",2.88493577784999,9,20,0.5
"s4","s3",2.3841699572,9,20,0.5
"s4","s3",2.71965522103384,9,20,0.5
"s4","s3",4.12767367630431,9,20,0.5
"s4","s3",2.37506526371903,9,20,0.5
"s4","s3",1.91293228189386,9,20,0.5
"s4","s3",2.44572675309908,9,20,0.5
"s4","s3",1.77785665220133,9,20,0.5
"s4","s3",2.15997071909084,9,20,0.5
"s4","s3",1.98896183516729,9,20,0.5
"s4","s3",3.13239472691395,9,20,0.5
"s4","s3",1.96471921769127,9,20,0.5
"s4","s3",1.79191246938532,9,20,0.5
"s4","s3",2.75329073521155,9,20,0.5
"s4","s3",2.52563641017497,9,20,0.5
"s4","s3",2.26936707302741,9,20,0.5
"s4","s3",2.11090145320473,9,20,0.5
"s4","s3",2.48825084137462,9,20,0.5
"s4","s3",2.11637622794338,9,20,0.5
"s4","s3",2.34861783865545,9,20,0.5
"s4","s3",3.20315621680018,9,20,0.5
"s4","s3",2.48568158163703,9,20,0.5
"s4","s3",2.51670290162208,9,20,0.5
"s4","s3",2.91367403189272,9,20,0.5
"s4","s3",2.60065493589277,9,20,0.5
"s4","s3",2.13547850902623,9,20,0.5
"s4","s3",4.33004364794243,9,20,0.5
"s4","s5",4.50351454887892,9,20,0.5
"s4","s5",3.93331141534906,9,20,0.5
"s4","s5",3.04897864484695,9,20,0.5
"s4","s5",3.69050500008345,9,20,0.5
"s4","s5",3.61616978605051,9,20,0.5
"s4","s5",3.44357352565292,9,20,0.5
"s4","s5",3.58078705593149,9,20,0.5
"s4","s5",3.38583940701018,9,20,0.5
"s4","s5",4.52402782533111,9,20,0.5
"s4","s5",3.96627835449477,9,20,0.5
"s4","s5",3.65075981073992,9,20,0.5
"s4","s5",3.77598035327109,9,20,0.5
"s4","s5",4.57685812500253,9,20,0.5
"s4","s5",2.93734629119148,9,20,0.5
"s4","s5",3.44357352565292,9,20,0.5
"s4","s5",3.58795582103029,9,20,0.5
"s4","s5",4.40747752633781,9,20,0.5
"s4","s5",3.7720478978766,9,20,0.5
"s4","s5",4.04542088756684,9,20,0.5
"s4","s5",4.09212623334507,9,20,0.5
"s4","s5",3.66974534289268,9,20,0.5
"s4","s5",2.56313120919757,9,20,0.5
"s4","s5",3.69050500008345,9,20,0.5
"s4","s5",3.14431598246345,9,20,0.5
"s4","s5",4.15755813467806,9,20,0.5
"s4","s5",4.6115152159561,9,20,0.5
"s4","s5",3.53525054546478,9,20,0.5
"s4","s5",3.44445009981857,9,20,0.5
"s4","s5",3.58106039012827,9,20,0.5
"s4","s5",4.9870429220239,9,20,0.5
"s4","s5",3.67137519081817,9,20,0.5
"s4","s5",4.4637550640586,9,20,0.5
"s4","s5",2.66219011061931,9,20,0.5
"s4","s5",4.49114414568433,9,20,0.5
"s4","s5",2.89968404690837,9,20,0.5
"s4","s5",2.6870196771216,9,20,0.5
"s4","s5",3.41660304545281,9,20,0.5
"s4","s5",4.01212666951712,9,20,0.5
"s4","s5",3.06271273565103,9,20,0.5
"s4","s5",3.50239804657064,9,20,0.5
"s4","s5",3.68204066262079,9,20,0.5
"s4","s5",3.41074334502539,9,20,0.5
"s4","s5",3.73411390984614,9,20,0.5
"s4","s5",3.01311400234788,9,20,0.5
"s4","s5",3.57484863182114,9,20,0.5
"s4","s5",4.0194105007646,9,20,0.5
"s4","s5",3.69050500008345,9,20,0.5
"s4","s5",3.46165996440735,9,20,0.5
"s4","s5",3.25662633053145,9,20,0.5
"s4","s5",4.01208364033851,9,20,0.5
"s4","s5",3.15828312748176,9,20,0.5
"s4","s5",4.37714980897458,9,20,0.5
"s4","s5",4.27331985355508,9,20,0.5
"s4","s5",2.75799809263978,9,20,0.5
"s4","s5",3.69050500008345,9,20,0.5
"s4","s5",4.50351454887892,9,20,0.5
"s4","s5",3.64701747170244,9,20,0.5
"s4","s5",3.5002343891951,9,20,0.5
"s4","s5",4.16050881111294,9,20,0.5
"s4","s5",2.95266366660541,9,20,0.5
"s4","s5",3.41916017219877,9,20,0.5
"s4","s5",3.64683363864976,9,20,0.5
"s4","s5",4.03095231408638,9,20,0.5
"s4","s5",3.96648608476781,9,20,0.5
"s4","s5",3.80211021694652,9,20,0.5
"s4","s5",3.33175978428055,9,20,0.5
"s4","s5",4.43518770662788,9,20,0.5
"s4","s5",3.17779324943734,9,20,0.5
"s4","s5",4.10433835783458,9,20,0.5
"s4","s5",3.55351026037476,9,20,0.5
"s4","s5",4.26910264424053,9,20,0.5
"s4","s5",3.38034430429631,9,20,0.5
"s4","s5",3.62052649520696,9,20,0.5
"s4","s5",3.32731383106089,9,20,0.5
"s4","s5",3.89742167895901,9,20,0.5
"s4","s5",3.19576477321208,9,20,0.5
"s4","s5",4.13094824625632,9,20,0.5
"s4","s5",3.64289469528483,9,20,0.5
"s4","s5",2.81823753864105,9,20,0.5
"s4","s5",3.80423529843415,9,20,0.5
"s4","s5",2.94720727452677,9,20,0.5
"s4","s5",4.16105547950648,9,20,0.5
"s4","s5",2.71395056321445,9,20,0.5
"s4","s5",3.26859546762555,9,20,0.5
"s4","s5",4.03818065234803,9,20,0.5
"s4","s5",3.66144446423498,9,20,0.5
"s4","s5",3.64701747170244,9,20,0.5
"s4","s5",3.47333554435922,9,20,0.5
"s4","s5",3.46165996440735,9,20,0.5
"s4","s5",3.56591087875593,9,20,0.5
"s4","s5",3.69050500008345,9,20,0.5
"s4","s5",3.41916017219877,9,20,0.5
"s4","s5",3.59403551871147,9,20,0.5
"s4","s5",4.00538265607743,9,20,0.5
"s4","s5",3.91316876541606,9,20,0.5
"s4","s5",3.59857198558744,9,20,0.5
"s4","s5",4.67168749044266,9,20,0.5
"s4","s5",2.89968404690837,9,20,0.5
"s4","s5",4.45145660989447,9,20,0.5
"s4","s5",3.03106092786871,9,20,0.5
"s4","s5",3.41074334502539,9,20,0.5
"s4","s5",3.54323411046887,9,20,0.5
"s4","s5",4.03859986432582,9,20,0.5
"s4","s5",3.41660304545281,9,20,0.5
"s4","s5",3.98930637714247,9,20,0.5
"s4","s5",3.90941320531942,9,20,0.5
"s4","s5",3.50309756306553,9,20,0.5
"s4","s5",4.07150871715282,9,20,0.5
"s4","s5",2.64548991629097,9,20,0.5
"s4","s5",3.82781615521091,9,20,0.5
"s4","s5",3.10875751681723,9,20,0.5
"s4","s5",3.41074334502539,9,20,0.5
"s4","s5",4.6115152159561,9,20,0.5
"s4","s5",3.73127644898002,9,20,0.5
"s4","s5",3.40431531920824,9,20,0.5
"s4","s5",4.2907818136821,9,20,0.5
"s4","s5",3.29768196870507,9,20,0.5
"s4","s5",3.73324267667727,9,20,0.5
"s4","s5",3.53474010879134,9,20,0.5
"s4","s5",4.1396998472283,9,20,0.5
"s4","s5",3.7472636583259,9,20,0.5
"s4","s5",2.57948816105424,9,20,0.5
"s4","s5",3.41002037422821,9,20,0.5
"s4","s5",3.79681390162479,9,20,0.5
"s4","s5",3.64264035949826,9,20,0.5
"s4","s5",3.86620964647468,9,20,0.5
"s4","s5",3.44357352565292,9,20,0.5
"s4","s5",3.68204066262079,9,20,0.5
"s4","s5",3.91316876541606,9,20,0.5
"s4","s5",3.49248816558327,9,20,0.5
"s4","s5",3.97560762472536,9,20,0.5
"s4","s5",2.82190924818284,9,20,0.5
"s4","s5",3.25733330834962,9,20,0.5
"s4","s5",3.62460406327048,9,20,0.5
"s4","s5",3.6345939550882,9,20,0.5
"s4","s5",3.36325971910113,9,20,0.5
"s4","s5",3.52789620555088,9,20,0.5
"s4","s5",2.81492858606691,9,20,0.5
"s4","s5",4.12357507720287,9,20,0.5
"s4","s5",2.94419866066661,9,20,0.5
"s4","s5",3.6345939550882,9,20,0.5
"s4","s5",3.7720478978766,9,20,0.5
"s4","s5",3.12215855140522,9,20,0.5
"s4","s5",3.67223024073366,9,20,0.5
"s4","s5",2.53202454358619,9,20,0.5
"s4","s5",3.91316876541606,9,20,0.5
"s4","s5",4.18779317197784,9,20,0.5
"s4","s5",3.33043847936673,9,20,0.5
"s4","s5",3.43301813576657,9,20,0.5
"s4","s5",3.65124245392642,9,20,0.5
"s4","s5",3.65982377051195,9,20,0.5
"s4","s5",3.29388589385817,9,20,0.5
"s4","s5",3.78429118952158,9,20,0.5
"s4","s5",3.15531354797308,9,20,0.5
"s4","s5",3.57717000849598,9,20,0.5
"s4","s5",3.74726365832589,9,20,0.5
"s4","s5",4.52666172077615,9,20,0.5
"s4","s5",3.65077258201469,9,20,0.5
"s4","s5",3.03091112956056,9,20,0.5
"s4","s5",3.81508866097459,9,20,0.5
"s4","s5",3.21994604290817,9,20,0.5
"s4","s5",3.73324267667727,9,20,0.5
"s4","s5",2.80289287552638,9,20,0.5
"s4","s5",4.11295897864709,9,20,0.5
"s4","s5",3.64701747170244,9,20,0.5
"s4","s5",3.22456312774595,9,20,0.5
"s4","s5",2.36467747105339,9,20,0.5
"s4","s5",4.70841657742184,9,20,0.5
"s4","s5",4.15553303141686,9,20,0.5
"s4","s5",3.46165996440735,9,20,0.5
"s4","s5",3.762467683687,9,20,0.5
"s4","s5",3.52176804387823,9,20,0.5
"s4","s5",2.48994519499704,9,20,0.5
"s4","s5",3.79243973429771,9,20,0.5
"s4","s5",4.20612658478091,9,20,0.5
"s4","s5",3.9248280930005,9,20,0.5
"s4","s5",3.69050500008345,9,20,0.5
"s4","s5",3.73127644898002,9,20,0.5
"s4","s5",4.00092991362256,9,20,0.5
"s4","s5",3.65124245392642,9,20,0.5
"s4","s5",3.65395548138386,9,20,0.5
"s4","s5",3.15828312748176,9,20,0.5
"s4","s5",4.39148759000365,9,20,0.5
"s4","s5",3.69050500008345,9,20,0.5
"s4","s5",3.69050500008345,9,20,0.5
"s4","s5",3.77598035327109,9,20,0.5
"s4","s5",3.68112099610168,9,20,0.5
"s4","s5",3.55005296598556,9,20,0.5
"s4","s5",3.42394442243058,9,20,0.5
"s4","s5",3.15828312748176,9,20,0.5
"s4","s5",4.03859986432582,9,20,0.5
"s4","s5",4.0077592788062,9,20,0.5
"s4","s5",3.56808926221334,9,20,0.5
"s4","s5",3.69050500008345,9,20,0.5
"s4","s5",4.1396998472283,9,20,0.5
"s4","s5",4.04542088756684,9,20,0.5
"s4","s5",3.44357352565292,9,20,0.5
"s4","s5",3.62240405036308,9,20,0.5
"s4","s5",2.82190924818284,9,20,0.5
"s4","s5",3.0180338963359,9,20,0.5
"s4","s5",3.96767129001136,9,20,0.5
"s4","s5",3.37510513930019,9,20,0.5
"s4","s5",4.32576815629083,9,20,0.5
"s4","s5",3.42031290211313,9,20,0.5
"s4","s5",4.62640540073852,9,20,0.5
"s4","s5",3.40431531920824,9,20,0.5
"s4","s5",3.19576477321208,9,20,0.5
"s4","s5",3.35222714210623,9,20,0.5
"s4","s5",3.38583940701018,9,20,0.5
"s4","s5",3.27050510394938,9,20,0.5
"s4","s5",2.87429273769385,9,20,0.5
"s4","s5",4.79273575018188,9,20,0.5
"s4","s5",2.4204816660361,9,20,0.5
"s4","s5",3.61444679752577,9,20,0.5
"s4","s5",3.23274914022491,9,20,0.5
"s4","s5",4.00198445418066,9,20,0.5
"s4","s5",2.92464487454144,9,20,0.5
"s4","s5",3.79536638141114,9,20,0.5
"s4","s5",3.55870312645751,9,20,0.5
"s4","s5",3.46165996440735,9,20,0.5
"s4","s5",3.92628876827672,9,20,0.5
"s4","s5",3.51842999053463,9,20,0.5
"s4","s5",4.9084961205131,9,20,0.5
"s4","s5",5.60641197096015,9,20,0.5
"s4","s5",3.29330661815473,9,20,0.5
"s4","s5",4.61896030834731,9,20,0.5
"s4","s5",2.83256648937907,9,20,0.5
"s4","s5",3.67223024073366,9,20,0.5
"s4","s5",3.72701245126807,9,20,0.5
"s4","s5",4.18779317197784,9,20,0.5
"s4","s5",3.16533326905069,9,20,0.5
"s4","s5",3.84484789354034,9,20,0.5
"s4","s5",3.64701747170244,9,20,0.5
"s4","s5",4.04238017511683,9,20,0.5
"s4","s5",3.44357352565292,9,20,0.5
"s4","s5",2.89697593676656,9,20,0.5
"s4","s5",5.27595755463328,9,20,0.5
"s4","s5",3.71909914971772,9,20,0.5
"s4","s5",4.197547257104,9,20,0.5
"s4","s5",3.59914623883015,9,20,0.5
"s4","s5",4.42105481625127,9,20,0.5
"s4","s5",3.75997204243018,9,20,0.5
"s4","s5",4.2870069352483,9,20,0.5
"s4","s5",3.69050500008345,9,20,0.5
"s4","s5",3.80381333045779,9,20,0.5
"s4","s5",3.60286029907998,9,20,0.5
"s4","s5",4.49114414568433,9,20,0.5
"s4","s5",4.01526599239343,9,20,0.5
"s4","s5",3.73296934248051,9,20,0.5
"s4","s5",5.58262614243485,9,20,0.5
"s4","s5",3.05975478025482,9,20,0.5
"s4","s5",3.47579974107274,9,20,0.5
"s4","s5",3.66144446423498,9,20,0.5
"s4","s5",3.83497703568408,9,20,0.5
"s4","s5",3.11212858190589,9,20,0.5
"s4","s5",3.91712166083212,9,20,0.5
"s4","s5",3.35623339517675,9,20,0.5
"s4","s5",3.4329876418078,9,20,0.5
"s4","s5",3.38930907157638,9,20,0.5
"s4","s5",3.77772281960882,9,20,0.5
"s4","s5",3.54164699396317,9,20,0.5
"s4","s5",3.37073893858928,9,20,0.5
"s4","s5",4.10433835783458,9,20,0.5
"s4","s5",2.95266366660541,9,20,0.5
"s4","s5",3.42246274588023,9,20,0.5
"s4","s5",2.69788037268708,9,20,0.5
"s4","s5",4.23725969389218,9,20,0.5
"s4","s5",3.41074334502539,9,20,0.5
"s4","s5",3.73324267667727,9,20,0.5
"s4","s5",4.87408166675833,9,20,0.5
"s4","s5",3.53697013132122,9,20,0.5
"s4","s5",2.95266366660541,9,20,0.5
"s4","s5",4.25469503488377,9,20,0.5
"s4","s5",3.67250357493042,9,20,0.5
"s4","s5",3.49477808497911,9,20,0.5
"s4","s5",2.81492858606691,9,20,0.5
"s4","s5",2.66219011061931,9,20,0.5
"s4","s5",3.85870203192511,9,20,0.5
"s4","s5",4.25469503488377,9,20,0.5
"s4","s5",3.77543368487756,9,20,0.5
"s4","s5",4.1396998472283,9,20,0.5
"s4","s5",3.74769329935198,9,20,0.5
"s4","s5",2.88291374276868,9,20,0.5
"s4","s5",3.57879985642147,9,20,0.5
"s4","s5",4.49462608192973,9,20,0.5
"s4","s5",3.762467683687,9,20,0.5
"s4","s5",6.1146647596016,9,20,0.5
"s4","s5",3.5543387180549,9,20,0.5
"s4","s5",3.71300168963023,9,20,0.5
"s4","s5",3.66876123589295,9,20,0.5
"s4","s5",3.9137154338096,9,20,0.5
"s4","s5",3.64289469528483,9,20,0.5
"s4","s5",2.31121390400053,9,20,0.5
"s4","s5",5.07159148932703,9,20,0.5
"s4","s5",2.97135584831205,9,20,0.5
"s4","s5",2.54938360032296,9,20,0.5
"s4","s5",2.33796040159617,9,20,0.5
"s4","s5",3.41074334502539,9,20,0.5
"s4","s5",5.14729841421009,9,20,0.5
"s4","s5",3.86796294382514,9,20,0.5
"s4","s5",2.11844828478941,9,20,0.5
"s4","s5",3.66876123589295,9,20,0.5
"s4","s5",3.21994604290817,9,20,0.5
"s4","s5",4.61635825564898,9,20,0.5
"s4","s5",4.03818065234803,9,20,0.5
"s4","s5",4.22671917362235,9,20,0.5
"s4","s5",3.28635453422099,9,20,0.5
"s4","s5",2.92594309684852,9,20,0.5
"s4","s5",4.0975965467388,9,20,0.5
"s4","s5",4.31346390827787,9,20,0.5
"s4","s5",3.54085613712008,9,20,0.5
"s4","s5",3.67250357493042,9,20,0.5
"s4","s5",3.51510330855409,9,20,0.5
"s4","s5",4.42050814785773,9,20,0.5
"s4","s5",4.197547257104,9,20,0.5
"s4","s5",4.06423463517894,9,20,0.5
"s4","s5",2.9742797383737,9,20,0.5
"s4","s5",4.48872293910084,9,20,0.5
"s4","s5",3.41916017219877,9,20,0.5
"s4","s5",3.74072391949649,9,20,0.5
"s4","s5",3.46000304904709,9,20,0.5
"s4","s5",2.71149167152769,9,20,0.5
"s4","s5",4.61096854756256,9,20,0.5
"s4","s5",3.05973447836915,9,20,0.5
"s4","s5",3.7659913964211,9,20,0.5
"s4","s5",2.54341053422958,9,20,0.5
"s4","s5",3.10538645172856,9,20,0.5
"s4","s5",3.27085919502038,9,20,0.5
"s4","s5",3.5998165988354,9,20,0.5
"s4","s5",4.52652221998387,9,20,0.5
"s4","s5",3.65395548138386,9,20,0.5
"s4","s5",3.65797330700619,9,20,0.5
"s4","s5",2.79284573043685,9,20,0.5
"s4","s5",3.46165996440735,9,20,0.5
"s4","s5",3.40431531920824,9,20,0.5
"s4","s5",2.80289287552638,9,20,0.5
"s4","s5",3.41074334502539,9,20,0.5
"s4","s5",4.06423463517894,9,20,0.5
"s4","s5",3.68204066262079,9,20,0.5
"s4","s5",3.5299964079014,9,20,0.5
"s4","s5",2.82190924818284,9,20,0.5
"s4","s5",3.39829137601779,9,20,0.5
"s4","s5",3.62460406327048,9,20,0.5
"s4","s5",4.14478296734064,9,20,0.5
"s4","s5",3.60286029907998,9,20,0.5
"s4","s5",4.73657867661912,9,20,0.5
"s4","s5",3.13201117255222,9,20,0.5
"s4","s5",4.0077592788062,9,20,0.5
"s4","s5",3.38148524356581,9,20,0.5
"s4","s5",3.64701747170244,9,20,0.5
"s4","s5",3.41074334502539,9,20,0.5
"s4","s5",4.26564517526687,9,20,0.5
"s4","s5",3.35222714210623,9,20,0.5
"s4","s5",3.57583548582517,9,20,0.5
"s4","s5",4.44698275194951,9,20,0.5
"s4","s5",3.62914254094045,9,20,0.5
"s4","s5",4.1396998472283,9,20,0.5
"s4","s5",3.77598035327109,9,20,0.5
"s4","s5",2.73980603870516,9,20,0.5
"s4","s5",3.69050500008345,9,20,0.5
"s4","s5",3.49394962729898,9,20,0.5
"s4","s5",4.49803842613636,9,20,0.5
"s4","s5",4.17623124415146,9,20,0.5
"s4","s5",3.42246274588023,9,20,0.5
"s4","s5",3.69050500008345,9,20,0.5
"s4","s5",3.19788424275719,9,20,0.5
"s4","s5",3.59403551871147,9,20,0.5
"s4","s5",3.69050500008345,9,20,0.5
"s4","s5",3.47815685461175,9,20,0.5
"s4","s5",3.46165996440735,9,20,0.5
"s4","s5",3.33043847936673,9,20,0.5
"s4","s5",3.4922148313865,9,20,0.5
"s4","s5",4.4236749905612,9,20,0.5
"s4","s5",3.21994604290817,9,20,0.5
"s4","s5",3.44357352565292,9,20,0.5
"s4","s5",4.84863580723548,9,20,0.5
"s4","s5",3.42246274588023,9,20,0.5
"s4","s5",2.50212567436065,9,20,0.5
"s4","s5",3.69050500008345,9,20,0.5
"s4","s5",4.14478296734064,9,20,0.5
"s4","s5",4.52502129244849,9,20,0.5
"s4","s5",4.57523738587287,9,20,0.5
"s4","s5",3.40431531920824,9,20,0.5
"s4","s5",3.46086519013233,9,20,0.5
"s4","s5",5.3928637188281,9,20,0.5
"s4","s5",4.22613039994032,9,20,0.5
"s4","s5",4.44131586784399,9,20,0.5
"s4","s5",3.82781615521091,9,20,0.5
"s4","s5",2.33532265761482,9,20,0.5
"s4","s5",3.01311400234788,9,20,0.5
"s4","s5",4.17267565332795,9,20,0.5
"s4","s5",3.40431531920824,9,20,0.5
"s4","s5",2.58035103830943,9,20,0.5
"s4","s5",3.0607288094876,9,20,0.5
"s4","s5",3.80211021694653,9,20,0.5
"s4","s5",4.33454724060049,9,20,0.5
"s4","s5",3.65048647654315,9,20,0.5
"s4","s5",3.16781631174474,9,20,0.5
"s4","s5",3.55539778237547,9,20,0.5
"s4","s5",3.44357352565292,9,20,0.5
"s4","s5",4.57807291003423,9,20,0.5
"s4","s5",3.83443036729054,9,20,0.5
"s4","s5",3.68627283135212,9,20,0.5
"s4","s5",3.42246274588023,9,20,0.5
"s4","s5",4.02669433201208,9,20,0.5
"s4","s5",3.01254389826008,9,20,0.5
"s4","s5",2.91974720372125,9,20,0.5
"s4","s5",3.31711508293969,9,20,0.5
"s4","s5",4.39148759000365,9,20,0.5
"s4","s5",3.62052649520696,9,20,0.5
"s4","s5",3.25733330834962,9,20,0.5
"s4","s5",3.5188045221822,9,20,0.5
"s4","s5",3.67048422441768,9,20,0.5
"s4","s5",3.56977785312452,9,20,0.5
"s4","s5",3.80402231656834,9,20,0.5
"s4","s5",3.41916017219877,9,20,0.5
"s4","s5",3.53635803329669,9,20,0.5
"s4","s5",3.01311400234788,9,20,0.5
"s4","s5",2.96582321174925,9,20,0.5
"s4","s5",3.64701747170244,9,20,0.5
"s4","s5",3.77543368487756,9,20,0.5
"s4","s5",4.42105481625127,9,20,0.5
"s4","s5",3.5718495905505,9,20,0.5
"s4","s5",4.84899844503277,9,20,0.5
"s4","s5",3.95643893967828,9,20,0.5
"s4","s5",3.9137154338096,9,20,0.5
"s4","s5",3.21994604290817,9,20,0.5
"s4","s5",4.40504401649017,9,20,0.5
"s4","s5",3.78972800072295,9,20,0.5
"s4","s5",3.55870312645751,9,20,0.5
"s4","s5",3.75335701390199,9,20,0.5
"s4","s5",3.23894462129801,9,20,0.5
"s4","s5",3.47815685461175,9,20,0.5
"s4","s5",3.69735538552721,9,20,0.5
"s4","s5",3.96648608476781,9,20,0.5
"s4","s5",2.75742082873199,9,20,0.5
"s4","s5",3.4170813776374,9,20,0.5
"s4","s5",3.68204066262079,9,20,0.5
"s4","s5",4.61404621983933,9,20,0.5
"s4","s5",3.15338750742954,9,20,0.5
"s4","s5",2.81706326837651,9,20,0.5
"s4","s5",3.64289469528483,9,20,0.5
"s4","s5",3.40517427084715,9,20,0.5
"s4","s5",3.6583173088545,9,20,0.5
"s4","s5",4.14478296734064,9,20,0.5
"s4","s5",3.51522636713072,9,20,0.5
"s4","s5",4.56342908304609,9,20,0.5
"s4","s5",5.66075754944718,9,20,0.5
"s4","s5",3.61158902982596,9,20,0.5
"s4","s5",3.01311400234788,9,20,0.5
"s4","s5",2.87337707774538,9,20,0.5
"s4","s5",2.88096080853594,9,20,0.5
"s4","s5",3.66144446423498,9,20,0.5
"s4","s5",3.383435262559,9,20,0.5
"s4","s5",2.69345038257322,9,20,0.5
"s4","s5",4.26071024936727,9,20,0.5
"s4","s5",4.26564517526687,9,20,0.5
"s4","s5",3.90022776273884,9,20,0.5
"s4","s5",3.5543387180549,9,20,0.5
"s4","s5",3.22048192633576,9,20,0.5
"s4","s5",3.44357352565292,9,20,0.5
"s4","s5",5.05265104268456,9,20,0.5
"s4","s5",3.18458262444129,9,20,0.5
"s4","s5",2.61286774394671,9,20,0.5
"s4","s5",5.17159668296404,9,20,0.5
"s4","s5",5.16862825803769,9,20,0.5
"s4","s5",3.89570798768118,9,20,0.5
"s4","s5",3.22927556720497,9,20,0.5
"s4","s5",3.43620165471637,9,20,0.5
"s4","s5",5.19745117543532,9,20,0.5
"s4","s5",4.02217381460666,9,20,0.5
"s4","s5",4.70493110296831,9,20,0.5
"s4","s5",4.03264709816895,9,20,0.5
"s4","s5",3.67087372700493,9,20,0.5
"s4","s5",3.42374968570877,9,20,0.5
"s4","s5",3.78206956626728,9,20,0.5
"s4","s5",3.51510330855409,9,20,0.5
"s4","s5",4.78328975976612,9,20,0.5
"s4","s5",3.48727984460382,9,20,0.5
"s4","s5",5.02028763951491,9,20,0.5
"s4","s5",4.28565384253113,9,20,0.5
"s4","s5",3.54140280551362,9,20,0.5
"s4","s5",3.03600729431577,9,20,0.5
"s4","s5",3.64701747170244,9,20,0.5
"s4","s5",3.01311400234788,9,20,0.5
"s4","s5",3.64701747170244,9,20,0.5
"s4","s5",4.01996380498357,9,20,0.5
"s4","s5",4.03038864875643,9,20,0.5
"s4","s5",3.36677501604138,9,20,0.5
"s4","s5",4.40504401649017,9,20,0.5
"s4","s5",3.66876123589295,9,20,0.5
"s4","s5",3.39604922188704,9,20,0.5
"s4","s5",3.78009311855925,9,20,0.5
"s4","s5",3.07406793811083,9,20,0.5
"s4","s5",3.66799807200232,9,20,0.5
"s4","s5",3.50309756306553,9,20,0.5
"s4","s5",3.26709059742733,9,20,0.5
"s4","s5",2.90225965454672,9,20,0.5
"s4","s5",3.62089659530776,9,20,0.5
"s4","s5",3.31711508293969,9,20,0.5
"s4","s5",3.34080300365776,9,20,0.5
"s4","s5",2.95364130723046,9,20,0.5
"s4","s5",4.45501836653414,9,20,0.5
"s4","s5",3.02456064833182,9,20,0.5
"s4","s5",3.69050500008345,9,20,0.5
"s4","s5",3.65395548138386,9,20,0.5
"s4","s5",3.41660304545281,9,20,0.5
"s4","s5",3.52789620555088,9,20,0.5
"s4","s5",4.18779317197784,9,20,0.5
"s4","s5",3.64667907201838,9,20,0.5
"s4","s5",3.6666415582736,9,20,0.5
"s4","s5",3.69050500008345,9,20,0.5
"s4","s5",2.8833688086008,9,20,0.5
"s4","s5",4.38296784469087,9,20,0.5
"s4","s5",3.64701747170244,9,20,0.5
"s4","s5",3.65124245392642,9,20,0.5
"s4","s5",3.21994604290817,9,20,0.5
"s4","s5",3.51455664016055,9,20,0.5
"s4","s5",3.55689525273727,9,20,0.5
"s4","s5",4.62640540073852,9,20,0.5
"s4","s5",4.37458734493008,9,20,0.5
"s4","s5",3.83443036729054,9,20,0.5
"s4","s5",3.38583940701018,9,20,0.5
"s4","s5",2.57253097601575,9,20,0.5
"s4","s5",2.93034793674666,9,20,0.5
"s4","s5",3.90941320531942,9,20,0.5
"s4","s5",4.38296784469087,9,20,0.5
"s4","s5",2.65090484076971,9,20,0.5
"s4","s5",4.38351451308441,9,20,0.5
"s4","s5",2.90766555652966,9,20,0.5
"s4","s5",3.72482614385561,9,20,0.5
"s4","s5",3.49248816558327,9,20,0.5
"s4","s5",2.93034793674666,9,20,0.5
"s4","s5",3.38148524356581,9,20,0.5
"s4","s5",3.65395548138386,9,20,0.5
"s4","s5",3.62399550004766,9,20,0.5
"s4","s5",4.9310444295395,9,20,0.5
"s4","s5",2.66219011061931,9,20,0.5
"s4","s5",3.69050500008345,9,20,0.5
"s4","s5",4.11946846085345,9,20,0.5
"s4","s5",3.66799807200232,9,20,0.5
"s4","s5",4.09725739395361,9,20,0.5
"s4","s5",4.42050814785773,9,20,0.5
"s4","s5",3.17779324943734,9,20,0.5
"s4","s5",2.98288883447665,9,20,0.5
"s4","s5",4.49645500478462,9,20,0.5
"s4","s5",3.65124245392642,9,20,0.5
"s4","s5",2.95266366660541,9,20,0.5
"s4","s5",4.38351451308441,9,20,0.5
"s4","s5",3.95162674979855,9,20,0.5
"s4","s5",4.495576079923,9,20,0.5
"s4","s5",3.54323411046887,9,20,0.5
"s4","s5",3.33837094035686,9,20,0.5
"s4","s5",3.69050500008345,9,20,0.5
"s4","s5",4.99159441777315,9,20,0.5
"s4","s5",3.08630485475679,9,20,0.5
"s4","s5",4.40747752633781,9,20,0.5
"s4","s5",2.71640945490121,9,20,0.5
"s4","s5",5.08140007133115,9,20,0.5
"s4","s5",4.01536035997337,9,20,0.5
"s4","s5",3.16781631174474,9,20,0.5
"s4","s5",3.60195636221986,9,20,0.5
"s4","s5",4.61096854756256,9,20,0.5
"s4","s5",3.66876123589295,9,20,0.5
"s4","s5",4.88770733179959,9,20,0.5
"s4","s5",3.85859966604777,9,20,0.5
"s4","s5",2.63776265273437,9,20,0.5
"s4","s5",4.16064128949506,9,20,0.5
"s4","s5",3.6545021497774,9,20,0.5
"s4","s5",4.20980209792747,9,20,0.5
"s4","s5",3.64939972910606,9,20,0.5
"s4","s5",4.69135635037912,9,20,0.5
"s4","s5",3.41074334502539,9,20,0.5
"s4","s5",3.6612547870673,9,20,0.5
"s4","s5",2.95266366660541,9,20,0.5
"s4","s5",4.10433835783458,9,20,0.5
"s4","s5",3.04629982220069,9,20,0.5
"s4","s5",3.55870312645751,9,20,0.5
"s4","s5",3.54085613712008,9,20,0.5
"s4","s5",3.60195636221986,9,20,0.5
"s4","s5",4.22089265941663,9,20,0.5
"s4","s5",4.10433835783458,9,20,0.5
"s4","s5",3.19274203061987,9,20,0.5
"s4","s5",2.81540222857215,9,20,0.5
"s4","s5",3.81508866097459,9,20,0.5
"s4","s5",4.17633494486432,9,20,0.5
"s4","s5",4.49114414568433,9,20,0.5
"s4","s5",3.54876450351839,9,20,0.5
"s4","s5",4.79273575018188,9,20,0.5
"s4","s5",3.36677501604138,9,20,0.5
"s4","s5",2.80496150822291,9,20,0.5
"s4","s5",3.47815685461175,9,20,0.5
"s4","s5",3.88512351571122,9,20,0.5
"s4","s5",3.6545021497774,9,20,0.5
"s4","s5",3.21994604290817,9,20,0.5
"s4","s5",3.64701747170244,9,20,0.5
"s4","s5",4.0077592788062,9,20,0.5
"s4","s5",4.44211003621397,9,20,0.5
"s4","s5",3.55062417255442,9,20,0.5
"s4","s5",3.41470646633155,9,20,0.5
"s4","s5",3.80323913258357,9,20,0.5
"s4","s5",4.84744355299269,9,20,0.5
"s4","s5",3.42715843533916,9,20,0.5
"s4","s5",3.52789620555088,9,20,0.5
"s4","s5",4.68399695429898,9,20,0.5
"s4","s5",3.83443036729054,9,20,0.5
"s4","s5",3.96648608476781,9,20,0.5
"s4","s5",3.64701747170244,9,20,0.5
"s4","s5",3.92327851840383,9,20,0.5
"s4","s5",3.0180338963359,9,20,0.5
"s4","s5",3.62089659530776,9,20,0.5
"s4","s5",3.73127644898002,9,20,0.5
"s4","s5",2.66260427869585,9,20,0.5
"s4","s5",3.2386396756289,9,20,0.5
"s4","s5",3.02951387947951,9,20,0.5
"s4","s5",2.46226655298629,9,20,0.5
"s4","s5",3.95329544927888,9,20,0.5
"s4","s5",2.33532265761482,9,20,0.5
"s4","s5",3.25733330834962,9,20,0.5
"s4","s5",5.11636543472528,9,20,0.5
"s4","s5",2.98768020674536,9,20,0.5
"s4","s5",3.7472636583259,9,20,0.5
"s4","s5",3.73411390984613,9,20,0.5
"s4","s5",2.52194316844098,9,20,0.5
"s4","s5",4.16032314587694,9,20,0.5
"s4","s5",3.67173699211991,9,20,0.5
"s4","s5",3.22048192633576,9,20,0.5
"s4","s5",3.38583940701018,9,20,0.5
"s4","s5",3.67223024073366,9,20,0.5
"s4","s5",3.65287230185191,9,20,0.5
"s4","s5",3.86796294382514,9,20,0.5
"s4","s5",4.30747783254001,9,20,0.5
"s4","s5",4.4622846825651,9,20,0.5
"s4","s5",4.63147862061326,9,20,0.5
"s4","s5",3.44357352565292,9,20,0.5
"s4","s5",2.81707728600897,9,20,0.5
"s4","s5",3.19576477321208,9,20,0.5
"s4","s5",3.80211021694653,9,20,0.5
"s4","s5",3.85633940734505,9,20,0.5
"s4","s5",4.73657867661912,9,20,0.5
"s4","s5",3.55870312645751,9,20,0.5
"s4","s5",3.76183682631153,9,20,0.5
"s4","s5",2.95413966362747,9,20,0.5
"s4","s5",3.41074334502539,9,20,0.5
"s4","s5",3.09016163838961,9,20,0.5
"s4","s5",4.17633494486432,9,20,0.5
"s4","s5",3.43136684892584,9,20,0.5
"s4","s5",3.64701747170244,9,20,0.5
"s4","s5",3.56136613023459,9,20,0.5
"s4","s5",4.03382740452902,9,20,0.5
"s4","s5",3.52789620555088,9,20,0.5
"s4","s5",2.66874934008992,9,20,0.5
"s4","s5",3.69050500008345,9,20,0.5
"s4","s5",3.29768196870507,9,20,0.5
"s4","s5",4.61622732406529,9,20,0.5
"s4","s5",2.48387860137025,9,20,0.5
"s4","s5",3.73127644898003,9,20,0.5
"s4","s5",3.69050500008345,9,20,0.5
"s4","s5",3.85870203192511,9,20,0.5
"s4","s5",4.97317843672131,9,20,0.5
"s4","s5",3.16553801833157,9,20,0.5
"s4","s5",4.42105481625127,9,20,0.5
"s4","s5",5.05447060841405,9,20,0.5
"s4","s5",4.68149203867882,9,20,0.5
"s4","s5",3.62460406327048,9,20,0.5
"s4","s5",3.59440561881227,9,20,0.5
"s4","s5",3.3382467402742,9,20,0.5
"s4","s5",3.51510330855409,9,20,0.5
"s4","s5",3.9887017002975,9,20,0.5
"s4","s5",3.66876123589295,9,20,0.5
"s4","s5",3.69050500008345,9,20,0.5
"s4","s5",4.42848519268041,9,20,0.5
"s4","s5",4.02659008318652,9,20,0.5
"s4","s5",4.04542088756684,9,20,0.5
"s4","s5",3.73324267667727,9,20,0.5
"s4","s5",4.38119523385683,9,20,0.5
"s4","s5",4.46316525617666,9,20,0.5
"s4","s5",4.61635825564898,9,20,0.5
"s4","s5",3.89742167895901,9,20,0.5
"s4","s5",3.77598035327109,9,20,0.5
"s4","s5",2.57410389217534,9,20,0.5
"s4","s5",3.33175978428055,9,20,0.5
"s4","s5",3.89186981603865,9,20,0.5
"s4","s5",3.6545021497774,9,20,0.5
"s4","s5",4.21088286443688,9,20,0.5
"s4","s5",3.69050500008345,9,20,0.5
"s4","s5",3.47333554435923,9,20,0.5
"s4","s5",4.12832141055539,9,20,0.5
"s4","s5",4.48079371155932,9,20,0.5
"s4","s5",4.57240186171151,9,20,0.5
"s4","s5",3.44357352565292,9,20,0.5
"s4","s5",3.16553801833157,9,20,0.5
"s4","s5",3.41074334502539,9,20,0.5
"s4","s5",3.79536638141114,9,20,0.5
"s4","s5",3.62914254094045,9,20,0.5
"s4","s5",2.22903564262615,9,20,0.5
"s4","s5",3.37890433879971,9,20,0.5
"s4","s5",3.29330661815473,9,20,0.5
"s4","s5",3.9137154338096,9,20,0.5
"s4","s5",3.5188045221822,9,20,0.5
"s4","s5",3.45178828735,9,20,0.5
"s4","s5",3.44357352565292,9,20,0.5
"s4","s5",5.36205708266888,9,20,0.5
"s4","s5",3.19274203061987,9,20,0.5
"s4","s5",3.69050500008345,9,20,0.5
"s4","s5",3.50951890157703,9,20,0.5
"s4","s5",3.82120194313129,9,20,0.5
"s4","s5",2.97173096954727,9,20,0.5
"s4","s5",3.95643893967828,9,20,0.5
"s4","s5",3.67597473215922,9,20,0.5
"s4","s5",3.74446625853397,9,20,0.5
"s4","s5",3.07584313696463,9,20,0.5
"s4","s5",4.9826789134173,9,20,0.5
"s4","s5",3.55351026037477,9,20,0.5
"s4","s5",2.88789353904107,9,20,0.5
"s4","s5",3.22021398462197,9,20,0.5
"s4","s5",3.33043847936673,9,20,0.5
"s4","s5",5.03686680320205,9,20,0.5
"s4","s5",2.96176805548567,9,20,0.5
"s4","s5",2.73782515556463,9,20,0.5
"s4","s5",3.14431598246345,9,20,0.5
"s4","s5",3.54821638175483,9,20,0.5
"s4","s5",3.77598035327109,9,20,0.5
"s4","s5",5.1823486748971,9,20,0.5
"s4","s5",2.89824488646659,9,20,0.5
"s4","s5",2.71640945490121,9,20,0.5
"s4","s5",2.83145375371218,9,20,0.5
"s4","s5",3.51510330855409,9,20,0.5
"s4","s5",3.59477571891307,9,20,0.5
"s4","s5",4.10148951112245,9,20,0.5
"s4","s5",4.6042001087731,9,20,0.5
"s4","s5",3.66876123589295,9,20,0.5
"s4","s5",4.1396998472283,9,20,0.5
"s4","s5",3.30455577199224,9,20,0.5
"s4","s5",3.51994294298292,9,20,0.5
"s4","s5",3.1732384998766,9,20,0.5
"s4","s5",3.54887569492868,9,20,0.5
"s4","s5",3.81960616705912,9,20,0.5
"s4","s5",3.73598726257299,9,20,0.5
"s4","s5",3.41074334502539,9,20,0.5
"s4","s5",3.2860865925072,9,20,0.5
"s4","s5",3.69050500008345,9,20,0.5
"s4","s5",3.64080571339532,9,20,0.5
"s4","s5",4.13682552314478,9,20,0.5
"s4","s5",2.62120173212467,9,20,0.5
"s4","s5",4.57240186171151,9,20,0.5
"s4","s5",2.8815167113378,9,20,0.5
"s4","s5",3.51272482450101,9,20,0.5
"s4","s5",3.90022776273884,9,20,0.5
"s4","s5",3.06569099293291,9,20,0.5
"s4","s5",3.52797972283708,9,20,0.5
"s4","s5",2.72340233038964,9,20,0.5
"s4","s5",4.04542088756684,9,20,0.5
"s4","s5",3.77598035327109,9,20,0.5
"s4","s5",3.44357352565292,9,20,0.5
"s4","s5",4.32576815629083,9,20,0.5
"s4","s5",3.69050500008345,9,20,0.5
"s4","s5",1.95772937618137,9,20,0.5
"s4","s5",3.3142351519465,9,20,0.5
"s4","s5",4.51804297307753,9,20,0.5
"s4","s5",3.73296934248051,9,20,0.5
"s4","s5",3.65046344875192,9,20,0.5
"s4","s5",3.66144446423498,9,20,0.5
"s4","s5",3.39522076420691,9,20,0.5
"s4","s5",3.66144446423498,9,20,0.5
"s4","s5",2.63443269791193,9,20,0.5
"s4","s5",3.81417929605895,9,20,0.5
"s4","s5",3.91316876541606,9,20,0.5
"s4","s5",3.51455664016055,9,20,0.5
"s4","s5",3.88179779433244,9,20,0.5
"s4","s5",3.41470646633155,9,20,0.5
"s4","s5",3.20780821791569,9,20,0.5
"s4","s5",3.66452906716161,9,20,0.5
"s4","s5",2.18235796138093,9,20,0.5
"s4","s5",4.62540428282315,9,20,0.5
"s4","s5",3.36248924848594,9,20,0.5
"s4","s5",3.67173699211991,9,20,0.5
"s4","s5",3.66876123589295,9,20,0.5
"s4","s5",2.71640945490121,9,20,0.5
"s4","s5",3.40801821740357,9,20,0.5
"s4","s5",3.59477571891307,9,20,0.5
"s4","s5",1.82092104443972,9,20,0.5
"s4","s5",3.17018415548744,9,20,0.5
"s4","s5",3.44357352565292,9,20,0.5
"s4","s5",3.42679694994056,9,20,0.5
"s4","s5",2.51957663800452,9,20,0.5
"s4","s5",5.22776605774237,9,20,0.5
"s4","s5",3.27531996325218,9,20,0.5
"s4","s5",4.25469503488377,9,20,0.5
"s4","s5",3.36677501604138,9,20,0.5
"s4","s5",3.55689525273727,9,20,0.5
"s4","s5",3.51455664016055,9,20,0.5
"s4","s5",3.37890433879971,9,20,0.5
"s4","s5",3.22021398462197,9,20,0.5
"s4","s5",3.69050500008345,9,20,0.5
"s4","s5",3.64264035949826,9,20,0.5
"s4","s5",2.82190924818284,9,20,0.5
"s4","s5",3.33043847936673,9,20,0.5
"s4","s5",3.72482614385561,9,20,0.5
"s4","s5",3.43194321388303,9,20,0.5
"s4","s5",3.6545021497774,9,20,0.5
"s4","s5",3.44357352565292,9,20,0.5
"s4","s5",3.93341997247389,9,20,0.5
"s4","s5",3.66876123589295,9,20,0.5
"s4","s5",3.40431531920824,9,20,0.5
"s4","s5",2.97163787948362,9,20,0.5
"s4","s5",3.9607373563079,9,20,0.5
"s4","s5",5.37875523485212,9,20,0.5
"s4","s5",4.45427928268455,9,20,0.5
"s4","s5",3.65046344875192,9,20,0.5
"s4","s5",3.90697159827422,9,20,0.5
"s4","s5",3.60195636221986,9,20,0.5
"s4","s5",3.69050500008345,9,20,0.5
"s4","s5",2.86223757016352,9,20,0.5
"s4","s5",3.10668395389233,9,20,0.5
"s4","s5",4.91666750743605,9,20,0.5
"s4","s5",2.86705357029324,9,20,0.5
"s4","s5",4.11358967104373,9,20,0.5
"s4","s5",3.65124245392642,9,20,0.5
"s4","s5",3.95643893967828,9,20,0.5
"s4","s5",3.16781631174474,9,20,0.5
"s4","s5",5.08832789802242,9,20,0.5
"s4","s5",4.00195347852233,9,20,0.5
"s4","s5",4.16679437432643,9,20,0.5
"s4","s5",4.77808279578174,9,20,0.5
"s4","s5",4.11295897864709,9,20,0.5
"s4","s5",4.26564517526687,9,20,0.5
"s4","s5",3.54887569492868,9,20,0.5
"s4","s5",3.5536496977761,9,20,0.5
"s4","s5",4.28407947158082,9,20,0.5
"s4","s5",3.72482614385561,9,20,0.5
"s4","s5",3.21994604290817,9,20,0.5
"s4","s5",2.98317761553121,9,20,0.5
"s4","s5",3.41074334502539,9,20,0.5
"s4","s5",2.89824488646659,9,20,0.5
"s4","s5",4.30747783254001,9,20,0.5
"s4","s5",3.25881400580662,9,20,0.5
"s4","s5",3.71871240875303,9,20,0.5
"s4","s5",3.27078314290073,9,20,0.5
"s4","s5",3.65259896765514,9,20,0.5
"s4","s5",3.32012947251065,9,20,0.5
"s4","s5",3.41916017219877,9,20,0.5
"s4","s5",2.24072210996681,9,20,0.5
"s4","s5",2.57818793317646,9,20,0.5
"s4","s5",3.63808000632145,9,20,0.5
"s4","s5",4.38601201353452,9,20,0.5
"s4","s5",3.93967232186572,9,20,0.5
"s4","s5",2.73588165028643,9,20,0.5
"s4","s5",4.51694146353817,9,20,0.5
"s4","s5",3.54529549867768,9,20,0.5
"s4","s5",3.51455664016055,9,20,0.5
"s4","s5",3.64264035949826,9,20,0.5
"s4","s5",4.01033678742861,9,20,0.5
"s4","s5",4.31346390827787,9,20,0.5
"s4","s5",3.5760824822454,9,20,0.5
"s4","s5",3.0677875668731,9,20,0.5
"s4","s5",3.64701747170244,9,20,0.5
"s4","s5",4.12832141055539,9,20,0.5
"s4","s5",4.55691150497788,9,20,0.5
"s4","s5",3.3970893037922,9,20,0.5
"s4","s5",3.5818761233491,9,20,0.5
"s4","s5",5.11636543472528,9,20,0.5
"s4","s5",3.40429766698924,9,20,0.5
"s4","s5",3.63808000632145,9,20,0.5
"s4","s5",3.59477571891307,9,20,0.5
"s4","s5",4.48870982641781,9,20,0.5
"s4","s5",4.3759271975258,9,20,0.5
"s4","s5",4.62540428282315,9,20,0.5
"s4","s5",4.55691150497788,9,20,0.5
"s4","s5",3.42715843533916,9,20,0.5
"s4","s5",3.3142351519465,9,20,0.5
"s4","s5",5.10453026926892,9,20,0.5
"s4","s5",2.56172057481537,9,20,0.5
"s4","s5",4.31346390827787,9,20,0.5
"s4","s5",3.40431531920824,9,20,0.5
"s4","s5",3.86213915490936,9,20,0.5
"s4","s5",3.64912996281443,9,20,0.5
"s4","s5",2.36852873501818,9,20,0.5
"s4","s5",3.00893107829554,9,20,0.5
"s4","s5",3.41002037422821,9,20,0.5
"s4","s5",3.84794216815938,9,20,0.5
"s4","s5",3.32038428545431,9,20,0.5
"s4","s5",3.41074334502539,9,20,0.5
"s4","s5",3.83368719993166,9,20,0.5
"s4","s5",2.44328148940556,9,20,0.5
"s4","s5",5.07136109590509,9,20,0.5
"s4","s5",3.88512351571123,9,20,0.5
"s4","s5",3.61292507698186,9,20,0.5
"s4","s5",3.82781615521091,9,20,0.5
"s4","s5",3.47815685461175,9,20,0.5
"s4","s5",3.47906508290674,9,20,0.5
"s4","s5",3.91316876541606,9,20,0.5
"s4","s5",3.44357352565292,9,20,0.5
"s4","s5",4.10450880125979,9,20,0.5
"s4","s5",3.7720478978766,9,20,0.5
"s4","s5",4.61635825564898,9,20,0.5
"s4","s5",4.00092991362256,9,20,0.5
"s4","s5",3.67087372700493,9,20,0.5
"s4","s5",3.21994604290817,9,20,0.5
"s4","s5",3.2589252897812,9,20,0.5
"s4","s5",3.32038428545431,9,20,0.5
"s4","s5",3.61597264407834,9,20,0.5
"s4","s5",3.69050500008345,9,20,0.5
"s4","s5",3.69050500008345,9,20,0.5
"s4","s5",3.40506113510397,9,20,0.5
"s4","s5",3.38148524356581,9,20,0.5
"s4","s5",3.89562307218789,9,20,0.5
"s4","s5",3.6682714061991,9,20,0.5
"s4","s5",4.4959361690847,9,20,0.5
"s4","s5",4.15755813467806,9,20,0.5
"s4","s5",2.19134249891575,9,20,0.5
"s4","s5",3.68204066262079,9,20,0.5
"s4","s5",4.01212666951712,9,20,0.5
"s4","s5",3.69050500008345,9,20,0.5
"s4","s5",3.81960616705912,9,20,0.5
"s4","s5",2.90859727998554,9,20,0.5
"s4","s5",3.66876123589295,9,20,0.5
"s4","s5",3.38875918053338,9,20,0.5
"s4","s5",3.0180338963359,9,20,0.5
"s4","s5",2.66361146752898,9,20,0.5
"s4","s5",3.11961727012449,9,20,0.5
"s4","s5",3.35222714210623,9,20,0.5
"s4","s5",4.15264588922679,9,20,0.5
"s4","s5",3.78429118952158,9,20,0.5
"s4","s5",4.32576815629083,9,20,0.5
"s4","s5",4.18779317197784,9,20,0.5
"s4","s5",3.66144446423498,9,20,0.5
"s4","s5",3.86917150284567,9,20,0.5
"s4","s5",4.49842723998964,9,20,0.5
"s4","s5",4.49187415174814,9,20,0.5
"s4","s5",4.17603188630185,9,20,0.5
"s4","s5",2.73510416825046,9,20,0.5
"s4","s5",3.53366518690779,9,20,0.5
"s4","s5",2.13042149631558,9,20,0.5
"s4","s5",3.19576477321208,9,20,0.5
"s4","s5",3.16285022635664,9,20,0.5
"s4","s5",3.37844948251978,9,20,0.5
"s4","s5",3.95428682813437,9,20,0.5
"s4","s5",3.95643893967828,9,20,0.5
"s4","s5",3.77772281960882,9,20,0.5
"s4","s5",3.67173699211991,9,20,0.5
"s4","s5",2.53763939199342,9,20,0.5
"s4","s5",5.17159668296404,9,20,0.5
"s4","s5",4.0975965467388,9,20,0.5
"s4","s5",3.62426883424443,9,20,0.5
"s4","s5",4.06295863246486,9,20,0.5
"s4","s5",3.69050500008345,9,20,0.5
"s4","s5",3.6666415582736,9,20,0.5
"s4","s5",3.17506032138643,9,20,0.5
"s4","s5",3.0180338963359,9,20,0.5
"s4","s5",3.03255494045168,9,20,0.5
"s4","s5",4.17623124415146,9,20,0.5
"s4","s5",4.62540428282315,9,20,0.5
"s4","s5",3.58933439378279,9,20,0.5
"s4","s5",2.91751051306271,9,20,0.5
"s4","s5",3.69050500008345,9,20,0.5
"s4","s5",3.383435262559,9,20,0.5
"s4","s5",3.52149975705249,9,20,0.5
"s4","s5",2.8739252684799,9,20,0.5
"s4","s5",4.32576815629083,9,20,0.5
"s4","s5",3.68204066262079,9,20,0.5
"s4","s5",2.86808141932171,9,20,0.5
"s4","s5",3.41074334502539,9,20,0.5
"s4","s5",3.16285022635664,9,20,0.5
"s4","s5",4.11264505734271,9,20,0.5
"s4","s5",3.77543368487756,9,20,0.5
"s4","s5",3.43136684892584,9,20,0.5
"s4","s5",3.57546538572437,9,20,0.5
"s4","s5",3.65395548138386,9,20,0.5
"s4","s5",3.34883520725275,9,20,0.5
"s4","s5",3.77772281960882,9,20,0.5
"s4","s5",3.59403551871147,9,20,0.5
"s4","s5",4.61096854756256,9,20,0.5
"s4","s5",4.61096854756256,9,20,0.5
"s4","s5",3.64701747170244,9,20,0.5
"s4","s5",3.69050500008345,9,20,0.5
"s4","s5",3.72482614385561,9,20,0.5
"s4","s5",4.73657867661912,9,20,0.5
"s4","s5",4.47004419107322,9,20,0.5
"s4","s5",3.13522365534875,9,20,0.5
"s4","s5",3.69050500008345,9,20,0.5
"s4","s5",4.03738545665804,9,20,0.5
"s4","s5",4.28708707882257,9,20,0.5
"s4","s5",3.77585780796016,9,20,0.5
"s4","s5",3.40431531920824,9,20,0.5
"s4","s5",3.89113844596962,9,20,0.5
"s4","s5",3.9137154338096,9,20,0.5
"s4","s5",4.68643215184589,9,20,0.5
"s4","s5",3.91712166083212,9,20,0.5
"s4","s5",4.03605760978946,9,20,0.5
"s4","s5",3.38040109001413,9,20,0.5
"s4","s5",3.69050500008345,9,20,0.5
"s4","s5",3.66876123589295,9,20,0.5
"s4","s5",3.55689525273727,9,20,0.5
"s4","s5",4.04542088756684,9,20,0.5
"s4","s5",3.86455243220464,9,20,0.5
"s4","s5",3.82347196988087,9,20,0.5
"s4","s5",3.20862470715055,9,20,0.5
"s4","s5",3.0180338963359,9,20,0.5
"s5","s1",3.50591395508382,9,20,0.5
"s5","s1",2.5023953950602,9,20,0.5
"s5","s1",2.76038467405634,9,20,0.5
"s5","s1",3.4779484817199,9,20,0.5
"s5","s1",3.37728873242768,9,20,0.5
"s5","s1",4.39176045659713,9,20,0.5
"s5","s1",2.65752363444146,9,20,0.5
"s5","s1",2.27202325770875,9,20,0.5
"s5","s1",2.30519503661803,9,20,0.5
"s5","s1",2.98284799926193,9,20,0.5
"s5","s1",3.28098471647756,9,20,0.5
"s5","s1",3.3368486474313,9,20,0.5
"s5","s1",2.83139376369947,9,20,0.5
"s5","s1",2.42439579205224,9,20,0.5
"s5","s1",2.5459621689065,9,20,0.5
"s5","s1",2.11083455270558,9,20,0.5
"s5","s1",2.71525983035801,9,20,0.5
"s5","s1",2.6235621556226,9,20,0.5
"s5","s1",3.4735927483778,9,20,0.5
"s5","s1",3.13743742862484,9,20,0.5
"s5","s1",3.46356900486518,9,20,0.5
"s5","s1",2.38117204698991,9,20,0.5
"s5","s1",3.49320887330406,9,20,0.5
"s5","s1",2.52551963359426,9,20,0.5
"s5","s1",3.55896590286539,9,20,0.5
"s5","s1",4.37154540062959,9,20,0.5
"s5","s1",2.88472899910114,9,20,0.5
"s5","s1",4.49648885049306,9,20,0.5
"s5","s1",3.05938673581123,9,20,0.5
"s5","s1",2.99420498127408,9,20,0.5
"s5","s1",2.83868287391622,9,20,0.5
"s5","s1",2.45860120949005,9,20,0.5
"s5","s1",2.38117204698991,9,20,0.5
"s5","s1",2.75731199348361,9,20,0.5
"s5","s1",3.80584977776611,9,20,0.5
"s5","s1",3.7263620296057,9,20,0.5
"s5","s1",2.67645250228049,9,20,0.5
"s5","s1",2.9426449244008,9,20,0.5
"s5","s1",2.87092328757165,9,20,0.5
"s5","s1",2.74699300344224,9,20,0.5
"s5","s1",3.57479801028703,9,20,0.5
"s5","s1",2.27174763274529,9,20,0.5
"s5","s1",2.77019032024861,9,20,0.5
"s5","s1",2.63799254701543,9,20,0.5
"s5","s1",3.09071568173181,9,20,0.5
"s5","s1",3.7337333744463,9,20,0.5
"s5","s1",3.42202807231082,9,20,0.5
"s5","s1",2.6235621556226,9,20,0.5
"s5","s1",2.32780319020329,9,20,0.5
"s5","s1",3.63998332401088,9,20,0.5
"s5","s1",3.40734311712951,9,20,0.5
"s5","s1",2.52408162100047,9,20,0.5
"s5","s1",3.75210318918387,9,20,0.5
"s5","s1",2.52445739052398,9,20,0.5
"s5","s1",2.31407858804522,9,20,0.5
"s5","s1",3.82531640663413,9,20,0.5
"s5","s1",2.84642824016544,9,20,0.5
"s5","s1",2.36664827339216,9,20,0.5
"s5","s1",3.66837574260511,9,20,0.5
"s5","s1",2.90772209597737,9,20,0.5
"s5","s1",2.87239109026858,9,20,0.5
"s5","s1",2.85133106326158,9,20,0.5
"s5","s1",1.83268139861788,9,20,0.5
"s5","s1",4.0134446217866,9,20,0.5
"s5","s1",2.97783209158746,9,20,0.5
"s5","s1",3.28347762354416,9,20,0.5
"s5","s1",3.01240444687527,9,20,0.5
"s5","s1",1.98963519488563,9,20,0.5
"s5","s1",3.72763014636047,9,20,0.5
"s5","s1",2.18157105963306,9,20,0.5
"s5","s1",2.35407418800018,9,20,0.5
"s5","s1",1.87277516475924,9,20,0.5
"s5","s1",2.73403663368052,9,20,0.5
"s5","s1",2.54401512638817,9,20,0.5
"s5","s1",2.65621106948913,9,20,0.5
"s5","s1",3.56154802551645,9,20,0.5
"s5","s1",3.87175657339014,9,20,0.5
"s5","s1",2.35269595709052,9,20,0.5
"s5","s1",2.27476686416247,9,20,0.5
"s5","s1",2.52806509016587,9,20,0.5
"s5","s1",3.47655722395693,9,20,0.5
"s5","s1",2.97642508460011,9,20,0.5
"s5","s1",1.64394429186028,9,20,0.5
"s5","s1",2.70700712237119,9,20,0.5
"s5","s1",2.53720214288493,9,20,0.5
"s5","s1",3.2399962978085,9,20,0.5
"s5","s1",3.03986299685568,9,20,0.5
"s5","s1",4.58314063182622,9,20,0.5
"s5","s1",4.58340884696021,9,20,0.5
"s5","s1",3.18207292599276,9,20,0.5
"s5","s1",3.05773184373595,9,20,0.5
"s5","s1",2.55775741519536,9,20,0.5
"s5","s1",3.28347762354416,9,20,0.5
"s5","s1",2.16932000006079,9,20,0.5
"s5","s1",2.03772751291558,9,20,0.5
"s5","s1",2.3949283179565,9,20,0.5
"s5","s1",2.38356775047837,9,20,0.5
"s5","s1",3.76737352578974,9,20,0.5
"s5","s1",4.93189981450342,9,20,0.5
"s5","s1",2.54879183912805,9,20,0.5
"s5","s1",3.9186453959672,9,20,0.5
"s5","s1",3.62190723515881,9,20,0.5
"s5","s1",3.55240129221843,9,20,0.5
"s5","s1",3.26021733923558,9,20,0.5
"s5","s1",3.78453802566995,9,20,0.5
"s5","s1",2.80755216219867,9,20,0.5
"s5","s1",2.52009815183507,9,20,0.5
"s5","s1",3.41598522499779,9,20,0.5
"s5","s1",2.77657559978548,9,20,0.5
"s5","s1",3.58291762432555,9,20,0.5
"s5","s1",1.94399135134865,9,20,0.5
"s5","s1",2.69417815272074,9,20,0.5
"s5","s1",2.45084213014727,9,20,0.5
"s5","s1",3.42135692802356,9,20,0.5
"s5","s1",2.39270371155884,9,20,0.5
"s5","s1",3.3942136313976,9,20,0.5
"s5","s1",3.63998332401088,9,20,0.5
"s5","s1",2.17893713812056,9,20,0.5
"s5","s1",2.4683621821904,9,20,0.5
"s5","s1",3.40734311712951,9,20,0.5
"s5","s1",2.38117204698991,9,20,0.5
"s5","s1",2.76038467405634,9,20,0.5
"s5","s1",2.45084213014727,9,20,0.5
"s5","s1",2.65621106948913,9,20,0.5
"s5","s1",2.95508719681263,9,20,0.5
"s5","s1",2.36801783510229,9,20,0.5
"s5","s1",3.41928975203331,9,20,0.5
"s5","s1",2.39665990699868,9,20,0.5
"s5","s1",2.93966792544852,9,20,0.5
"s5","s1",2.73247502997494,9,20,0.5
"s5","s1",2.66231613136596,9,20,0.5
"s5","s1",3.5807397576545,9,20,0.5
"s5","s1",2.52806509016587,9,20,0.5
"s5","s1",3.68788676693121,9,20,0.5
"s5","s1",3.71168579595089,9,20,0.5
"s5","s1",2.78371056069787,9,20,0.5
"s5","s1",3.4735927483778,9,20,0.5
"s5","s1",1.94886751817629,9,20,0.5
"s5","s1",3.7263620296057,9,20,0.5
"s5","s1",2.57037252938613,9,20,0.5
"s5","s1",2.97642508460011,9,20,0.5
"s5","s1",3.30195183996192,9,20,0.5
"s5","s1",2.68660969342338,9,20,0.5
"s5","s1",3.44531352116891,9,20,0.5
"s5","s1",2.69918861053588,9,20,0.5
"s5","s1",2.9076351594959,9,20,0.5
"s5","s1",2.32910209752428,9,20,0.5
"s5","s1",2.71069211750499,9,20,0.5
"s5","s1",2.46175565307041,9,20,0.5
"s5","s1",2.19858947362215,9,20,0.5
"s5","s1",2.34765311793119,9,20,0.5
"s5","s1",2.41214776700746,9,20,0.5
"s5","s1",3.89991388534235,9,20,0.5
"s5","s1",2.42853628305548,9,20,0.5
"s5","s1",3.90704009511204,9,20,0.5
"s5","s1",3.68317267680829,9,20,0.5
"s5","s1",2.67645250228049,9,20,0.5
"s5","s1",2.74897320825912,9,20,0.5
"s5","s1",2.38236989873414,9,20,0.5
"s5","s1",2.57581362289423,9,20,0.5
"s5","s1",2.39381601475767,9,20,0.5
"s5","s1",1.80253454062188,9,20,0.5
"s5","s1",2.76799524643726,9,20,0.5
"s5","s1",2.53604010827702,9,20,0.5
"s5","s1",2.9076351594959,9,20,0.5
"s5","s1",2.52009815183507,9,20,0.5
"s5","s1",2.57536133957785,9,20,0.5
"s5","s1",3.10986234884576,9,20,0.5
"s5","s1",1.86686680468053,9,20,0.5
"s5","s1",3.23878643906283,9,20,0.5
"s5","s1",3.72401957771676,9,20,0.5
"s5","s1",3.77800591284669,9,20,0.5
"s5","s1",2.09176396402855,9,20,0.5
"s5","s1",3.74042303898357,9,20,0.5
"s5","s1",2.61578620453349,9,20,0.5
"s5","s1",2.924486143369,9,20,0.5
"s5","s1",2.76517316552085,9,20,0.5
"s5","s1",1.50414703201222,9,20,0.5
"s5","s1",3.58316003077586,9,20,0.5
"s5","s1",3.01589777097385,9,20,0.5
"s5","s1",2.4683621821904,9,20,0.5
"s5","s1",3.56382346753928,9,20,0.5
"s5","s1",1.92124462409321,9,20,0.5
"s5","s1",1.85590013327841,9,20,0.5
"s5","s1",2.91650048046345,9,20,0.5
"s5","s1",2.53977048150731,9,20,0.5
"s5","s1",2.65744287917213,9,20,0.5
"s5","s1",3.03053863436632,9,20,0.5
"s5","s1",2.28824968879478,9,20,0.5
"s5","s1",2.75063402874671,9,20,0.5
"s5","s1",2.47160574976954,9,20,0.5
"s5","s1",2.8180291657492,9,20,0.5
"s5","s1",2.90772209597737,9,20,0.5
"s5","s1",2.23457631201186,9,20,0.5
"s5","s1",3.23478257225451,9,20,0.5
"s5","s1",2.78271519869,9,20,0.5
"s5","s1",1.83021744492465,9,20,0.5
"s5","s1",3.01589777097385,9,20,0.5
"s5","s1",2.94558238525846,9,20,0.5
"s5","s1",4.35310589369369,9,20,0.5
"s5","s1",2.09109927603794,9,20,0.5
"s5","s1",1.50848711993853,9,20,0.5
"s5","s1",2.9610716198393,9,20,0.5
"s5","s1",3.4735927483778,9,20,0.5
"s5","s1",2.99958555655958,9,20,0.5
"s5","s1",3.03687562099609,9,20,0.5
"s5","s1",2.13166063775404,9,20,0.5
"s5","s1",3.68788676693121,9,20,0.5
"s5","s1",3.54180918007007,9,20,0.5
"s5","s1",2.76038467405634,9,20,0.5
"s5","s1",2.38703593103408,9,20,0.5
"s5","s1",2.23636626761053,9,20,0.5
"s5","s1",2.63799254701543,9,20,0.5
"s5","s1",2.67238287658185,9,20,0.5
"s5","s1",3.28256293147625,9,20,0.5
"s5","s1",3.42226075188105,9,20,0.5
"s5","s1",3.23498507975419,9,20,0.5
"s5","s1",3.28098471647756,9,20,0.5
"s5","s1",2.34855996631329,9,20,0.5
"s5","s1",2.23097964088746,9,20,0.5
"s5","s1",2.91650048046345,9,20,0.5
"s5","s1",2.32133783602685,9,20,0.5
"s5","s1",3.47102782224095,9,20,0.5
"s5","s1",3.7490344724245,9,20,0.5
"s5","s1",3.70050177196406,9,20,0.5
"s5","s1",4.66136359581415,9,20,0.5
"s5","s1",2.72304000902544,9,20,0.5
"s5","s1",3.04794208719756,9,20,0.5
"s5","s1",4.29999930707402,9,20,0.5
"s5","s1",2.53100581539436,9,20,0.5
"s5","s1",2.83139376369947,9,20,0.5
"s5","s1",2.13565153125336,9,20,0.5
"s5","s1",2.36801783510229,9,20,0.5
"s5","s1",2.36455812737001,9,20,0.5
"s5","s1",3.36912110766933,9,20,0.5
"s5","s1",2.9288009535075,9,20,0.5
"s5","s1",2.13189874841004,9,20,0.5
"s5","s1",3.03191992908571,9,20,0.5
"s5","s1",3.07890221802166,9,20,0.5
"s5","s1",2.71076639893213,9,20,0.5
"s5","s1",2.75118069714025,9,20,0.5
"s5","s1",2.72304000902544,9,20,0.5
"s5","s1",2.3949283179565,9,20,0.5
"s5","s1",2.73403663368052,9,20,0.5
"s5","s1",3.49107056370827,9,20,0.5
"s5","s1",3.28347762354416,9,20,0.5
"s5","s1",3.191338113464,9,20,0.5
"s5","s1",2.48737180529876,9,20,0.5
"s5","s1",2.56075032640461,9,20,0.5
"s5","s1",2.98267822626036,9,20,0.5
"s5","s1",2.80086986322353,9,20,0.5
"s5","s1",2.30607584393869,9,20,0.5
"s5","s1",3.23685853436687,9,20,0.5
"s5","s1",2.83139376369947,9,20,0.5
"s5","s1",2.708518275589,9,20,0.5
"s5","s1",3.51346031577904,9,20,0.5
"s5","s1",2.58748452035484,9,20,0.5
"s5","s1",3.56026878361775,9,20,0.5
"s5","s1",3.04794208719756,9,20,0.5
"s5","s1",2.83139376369947,9,20,0.5
"s5","s1",2.38703593103408,9,20,0.5
"s5","s1",3.73952966087032,9,20,0.5
"s5","s1",3.44445800013509,9,20,0.5
"s5","s1",2.67238287658185,9,20,0.5
"s5","s1",2.51389249959965,9,20,0.5
"s5","s1",1.98963519488563,9,20,0.5
"s5","s1",3.28347762354416,9,20,0.5
"s5","s1",1.92802955037404,9,20,0.5
"s5","s1",2.6235621556226,9,20,0.5
"s5","s1",2.55968823298301,9,20,0.5
"s5","s1",4.39418219888756,9,20,0.5
"s5","s1",3.81956504958994,9,20,0.5
"s5","s1",2.1751386073162,9,20,0.5
"s5","s1",2.20850066578657,9,20,0.5
"s5","s1",3.46133466959286,9,20,0.5
"s5","s1",3.42202807231082,9,20,0.5
"s5","s1",2.36801783510229,9,20,0.5
"s5","s1",3.4779484817199,9,20,0.5
"s5","s1",2.9619687258173,9,20,0.5
"s5","s1",3.0197038662788,9,20,0.5
"s5","s1",2.35447244905136,9,20,0.5
"s5","s1",4.00870352332483,9,20,0.5
"s5","s1",3.94948866299501,9,20,0.5
"s5","s1",3.03191992908571,9,20,0.5
"s5","s1",2.0488120147865,9,20,0.5
"s5","s1",3.42259427906884,9,20,0.5
"s5","s1",3.57479801028703,9,20,0.5
"s5","s1",2.72304000902544,9,20,0.5
"s5","s1",3.4779484817199,9,20,0.5
"s5","s1",3.42365054554172,9,20,0.5
"s5","s1",4.2233364257576,9,20,0.5
"s5","s1",2.19371890195356,9,20,0.5
"s5","s1",2.49491037161814,9,20,0.5
"s5","s1",2.5023953950602,9,20,0.5
"s5","s1",4.45505659606997,9,20,0.5
"s5","s1",3.36912110766933,9,20,0.5
"s5","s1",2.26254687825223,9,20,0.5
"s5","s1",2.52009815183507,9,20,0.5
"s5","s1",3.72519080366123,9,20,0.5
"s5","s1",2.50702414080034,9,20,0.5
"s5","s1",3.04794208719756,9,20,0.5
"s5","s1",2.76964365185507,9,20,0.5
"s5","s1",4.39601883142153,9,20,0.5
"s5","s1",2.13043929987097,9,20,0.5
"s5","s1",3.15904734369499,9,20,0.5
"s5","s1",3.69978628144105,9,20,0.5
"s5","s1",2.08671364660469,9,20,0.5
"s5","s1",3.19504661442063,9,20,0.5
"s5","s1",2.80368850372385,9,20,0.5
"s5","s1",2.46942832391963,9,20,0.5
"s5","s1",2.76038467405634,9,20,0.5
"s5","s1",2.3949283179565,9,20,0.5
"s5","s1",3.30195183996192,9,20,0.5
"s5","s1",3.68788676693121,9,20,0.5
"s5","s1",2.3265042828823,9,20,0.5
"s5","s1",4.35310589369369,9,20,0.5
"s5","s1",2.36455812737001,9,20,0.5
"s5","s1",2.16395081542354,9,20,0.5
"s5","s1",2.77447129600928,9,20,0.5
"s5","s1",2.0909687465357,9,20,0.5
"s5","s1",2.77019032024861,9,20,0.5
"s5","s1",2.99997786888768,9,20,0.5
"s5","s1",3.10745420981904,9,20,0.5
"s5","s1",2.70497230952187,9,20,0.5
"s5","s1",2.36902009976486,9,20,0.5
"s5","s1",2.33811653959413,9,20,0.5
"s5","s1",3.01589777097385,9,20,0.5
"s5","s1",2.36801783510229,9,20,0.5
"s5","s1",3.12646383292739,9,20,0.5
"s5","s1",2.33479278866252,9,20,0.5
"s5","s1",2.66155044887354,9,20,0.5
"s5","s1",2.4683621821904,9,20,0.5
"s5","s1",2.17291078409002,9,20,0.5
"s5","s1",2.66386284354302,9,20,0.5
"s5","s1",2.74721065386843,9,20,0.5
"s5","s1",2.52806509016587,9,20,0.5
"s5","s1",2.54987410004292,9,20,0.5
"s5","s1",2.88696424226825,9,20,0.5
"s5","s1",2.58748452035484,9,20,0.5
"s5","s1",2.59606120547311,9,20,0.5
"s5","s1",3.8506656943589,9,20,0.5
"s5","s1",3.59721875715173,9,20,0.5
"s5","s1",1.55534482599719,9,20,0.5
"s5","s1",2.85390904496083,9,20,0.5
"s5","s1",2.13189874841004,9,20,0.5
"s5","s1",4.06991726614467,9,20,0.5
"s5","s1",2.77657559978548,9,20,0.5
"s5","s1",2.52408162100047,9,20,0.5
"s5","s1",3.47681399655215,9,20,0.5
"s5","s1",2.48801451769199,9,20,0.5
"s5","s1",3.51841300378734,9,20,0.5
"s5","s1",2.67645250228049,9,20,0.5
"s5","s1",2.68438477443581,9,20,0.5
"s5","s1",3.56026878361775,9,20,0.5
"s5","s1",4.12752893009744,9,20,0.5
"s5","s1",3.2412600531322,9,20,0.5
"s5","s1",1.73035110433598,9,20,0.5
"s5","s1",2.4683621821904,9,20,0.5
"s5","s1",3.28347762354416,9,20,0.5
"s5","s1",3.0776981485083,9,20,0.5
"s5","s1",1.74618119121877,9,20,0.5
"s5","s1",2.20850066578657,9,20,0.5
"s5","s1",2.59330520868569,9,20,0.5
"s5","s1",3.23987995802339,9,20,0.5
"s5","s1",2.11252423059537,9,20,0.5
"s5","s1",2.50702414080034,9,20,0.5
"s5","s1",2.76038467405634,9,20,0.5
"s5","s1",2.90767862773663,9,20,0.5
"s5","s1",4.1073749880757,9,20,0.5
"s5","s1",3.19455122461369,9,20,0.5
"s5","s1",2.95398306291175,9,20,0.5
"s5","s1",1.98833764410793,9,20,0.5
"s5","s1",2.48628478138867,9,20,0.5
"s5","s1",2.74897320825912,9,20,0.5
"s5","s1",3.55175822761052,9,20,0.5
"s5","s1",2.05377391495781,9,20,0.5
"s5","s1",3.01589777097385,9,20,0.5
"s5","s1",3.76737352578974,9,20,0.5
"s5","s1",2.92038788755756,9,20,0.5
"s5","s1",2.78371056069787,9,20,0.5
"s5","s1",3.28223117001086,9,20,0.5
"s5","s1",2.32029143546376,9,20,0.5
"s5","s1",4.14483271000673,9,20,0.5
"s5","s1",3.48277919983424,9,20,0.5
"s5","s1",2.65682697433063,9,20,0.5
"s5","s1",2.36043178732287,9,20,0.5
"s5","s1",2.85010552058066,9,20,0.5
"s5","s1",2.18157105963306,9,20,0.5
"s5","s1",2.13565153125336,9,20,0.5
"s5","s1",2.48060080953936,9,20,0.5
"s5","s1",1.73699224205135,9,20,0.5
"s5","s1",3.42242751547495,9,20,0.5
"s5","s1",2.48801451769199,9,20,0.5
"s5","s1",2.50702414080034,9,20,0.5
"s5","s1",2.4334767612151,9,20,0.5
"s5","s1",2.7440978856043,9,20,0.5
"s5","s1",2.46612295942126,9,20,0.5
"s5","s1",2.75118069714025,9,20,0.5
"s5","s1",3.60028840083684,9,20,0.5
"s5","s1",2.37232855713123,9,20,0.5
"s5","s1",4.93189981450342,9,20,0.5
"s5","s1",2.4853787886253,9,20,0.5
"s5","s1",3.53038700474921,9,20,0.5
"s5","s1",3.10745420981904,9,20,0.5
"s5","s1",3.57636174568503,9,20,0.5
"s5","s1",2.62590692092917,9,20,0.5
"s5","s1",3.64943352853575,9,20,0.5
"s5","s1",2.49594858336101,9,20,0.5
"s5","s1",2.74773955816923,9,20,0.5
"s5","s1",3.68788676693121,9,20,0.5
"s5","s1",3.12646383292739,9,20,0.5
"s5","s1",2.74520602116552,9,20,0.5
"s5","s1",2.23097964088746,9,20,0.5
"s5","s1",2.48801451769199,9,20,0.5
"s5","s1",3.68788676693121,9,20,0.5
"s5","s1",3.0089111227767,9,20,0.5
"s5","s1",2.92518351018909,9,20,0.5
"s5","s1",2.86535763584719,9,20,0.5
"s5","s1",2.52172743263006,9,20,0.5
"s5","s1",3.58718126112062,9,20,0.5
"s5","s1",2.88814122251509,9,20,0.5
"s5","s1",2.19858947362215,9,20,0.5
"s5","s1",2.52806509016587,9,20,0.5
"s5","s1",2.43467619376718,9,20,0.5
"s5","s1",3.2308044226643,9,20,0.5
"s5","s1",2.59912589701655,9,20,0.5
"s5","s1",3.3528691877126,9,20,0.5
"s5","s1",3.59188840660826,9,20,0.5
"s5","s1",2.75790359713378,9,20,0.5
"s5","s1",3.64825501657637,9,20,0.5
"s5","s1",3.58098963570382,9,20,0.5
"s5","s1",2.36301326123793,9,20,0.5
"s5","s1",2.39270371155884,9,20,0.5
"s5","s1",3.30696619626642,9,20,0.5
"s5","s1",2.75063402874671,9,20,0.5
"s5","s1",3.23478257225451,9,20,0.5
"s5","s1",3.191338113464,9,20,0.5
"s5","s1",2.59912589701655,9,20,0.5
"s5","s1",3.27824190223716,9,20,0.5
"s5","s1",3.23196365609768,9,20,0.5
"s5","s1",3.70595317232398,9,20,0.5
"s5","s1",3.57479801028703,9,20,0.5
"s5","s1",2.52009815183507,9,20,0.5
"s5","s1",2.21051332285341,9,20,0.5
"s5","s1",3.28347762354416,9,20,0.5
"s5","s1",2.76517316552085,9,20,0.5
"s5","s1",3.26076741778768,9,20,0.5
"s5","s1",3.7337333744463,9,20,0.5
"s5","s1",3.70050177196406,9,20,0.5
"s5","s1",3.07923447468391,9,20,0.5
"s5","s1",2.54401512638817,9,20,0.5
"s5","s1",3.50946379930873,9,20,0.5
"s5","s1",4.17400589277624,9,20,0.5
"s5","s1",2.9560034643294,9,20,0.5
"s5","s1",2.45008114234972,9,20,0.5
"s5","s1",3.0732542675201,9,20,0.5
"s5","s1",3.34541037033684,9,20,0.5
"s5","s1",2.9426449244008,9,20,0.5
"s5","s1",1.55430076927014,9,20,0.5
"s5","s1",2.99146564536005,9,20,0.5
"s5","s1",4.25875823599012,9,20,0.5
"s5","s1",2.36043178732288,9,20,0.5
"s5","s1",1.79938237030626,9,20,0.5
"s5","s1",2.52172743263006,9,20,0.5
"s5","s1",2.08178956403676,9,20,0.5
"s5","s1",4.48456462155339,9,20,0.5
"s5","s1",2.47102182689552,9,20,0.5
"s5","s1",2.86840487932822,9,20,0.5
"s5","s1",2.23380429368095,9,20,0.5
"s5","s1",3.68788676693121,9,20,0.5
"s5","s1",3.59048122045423,9,20,0.5
"s5","s1",3.97612182536589,9,20,0.5
"s5","s1",3.16108874518548,9,20,0.5
"s5","s1",3.04794208719756,9,20,0.5
"s5","s1",2.39743250799877,9,20,0.5
"s5","s1",1.6807153092599,9,20,0.5
"s5","s1",4.63196135278547,9,20,0.5
"s5","s1",3.83182652779457,9,20,0.5
"s5","s1",2.9105962690516,9,20,0.5
"s5","s1",2.13565153125336,9,20,0.5
"s5","s1",3.28347762354416,9,20,0.5
"s5","s1",2.66231613136596,9,20,0.5
"s5","s1",2.58748452035484,9,20,0.5
"s5","s1",4.39176045659713,9,20,0.5
"s5","s1",3.40734311712951,9,20,0.5
"s5","s1",3.42259427906884,9,20,0.5
"s5","s1",2.76038467405634,9,20,0.5
"s5","s1",2.4683621821904,9,20,0.5
"s5","s1",2.84617513662717,9,20,0.5
"s5","s1",2.00895515575731,9,20,0.5
"s5","s1",3.39752567793613,9,20,0.5
"s5","s1",2.67238287658185,9,20,0.5
"s5","s1",2.80629212369146,9,20,0.5
"s5","s1",3.78453802566995,9,20,0.5
"s5","s1",3.35636552698721,9,20,0.5
"s5","s1",2.76038467405634,9,20,0.5
"s5","s1",2.51124677344763,9,20,0.5
"s5","s1",3.54097911689757,9,20,0.5
"s5","s1",3.26594521057829,9,20,0.5
"s5","s1",2.73091342626935,9,20,0.5
"s5","s1",2.66231613136596,9,20,0.5
"s5","s1",4.74768297944151,9,20,0.5
"s5","s1",2.78371056069787,9,20,0.5
"s5","s1",4.35310589369369,9,20,0.5
"s5","s1",2.65744287917213,9,20,0.5
"s5","s1",3.28347762354416,9,20,0.5
"s5","s1",3.42259427906884,9,20,0.5
"s5","s1",3.82814085537427,9,20,0.5
"s5","s1",2.73247502997494,9,20,0.5
"s5","s1",2.51129843181711,9,20,0.5
"s5","s1",2.4683621821904,9,20,0.5
"s5","s1",2.41214776700746,9,20,0.5
"s5","s1",3.08861670766559,9,20,0.5
"s5","s1",2.54189280394774,9,20,0.5
"s5","s1",3.64952039440608,9,20,0.5
"s5","s1",2.73756174246189,9,20,0.5
"s5","s1",3.3082042043055,9,20,0.5
"s5","s1",3.36912110766933,9,20,0.5
"s5","s1",2.43223796677574,9,20,0.5
"s5","s1",2.09122980554018,9,20,0.5
"s5","s1",2.01910178514229,9,20,0.5
"s5","s1",2.52806509016587,9,20,0.5
"s5","s1",4.01387506281663,9,20,0.5
"s5","s1",2.53168792863492,9,20,0.5
"s5","s1",2.48801451769199,9,20,0.5
"s5","s1",2.57536133957785,9,20,0.5
"s5","s1",3.4199849504697,9,20,0.5
"s5","s1",3.35275284792749,9,20,0.5
"s5","s1",3.70663410779486,9,20,0.5
"s5","s1",2.3265042828823,9,20,0.5
"s5","s1",2.51784447313107,9,20,0.5
"s5","s1",2.65722252464796,9,20,0.5
"s5","s1",3.07317427570077,9,20,0.5
"s5","s1",2.76022010549414,9,20,0.5
"s5","s1",2.53287127950912,9,20,0.5
"s5","s1",3.42226075188105,9,20,0.5
"s5","s1",3.07890221802166,9,20,0.5
"s5","s1",2.51569346584346,9,20,0.5
"s5","s1",3.03641273262133,9,20,0.5
"s5","s1",4.21294860928688,9,20,0.5
"s5","s1",2.76277891978859,9,20,0.5
"s5","s1",2.46175565307041,9,20,0.5
"s5","s1",2.4818813195715,9,20,0.5
"s5","s1",2.96324485044997,9,20,0.5
"s5","s1",2.97642508460011,9,20,0.5
"s5","s1",2.42728468652408,9,20,0.5
"s5","s1",2.87303436822759,9,20,0.5
"s5","s1",2.97642508460011,9,20,0.5
"s5","s1",3.36912110766933,9,20,0.5
"s5","s1",2.55307501890845,9,20,0.5
"s5","s1",2.74897320825912,9,20,0.5
"s5","s1",3.12244581922194,9,20,0.5
"s5","s1",2.73403663368052,9,20,0.5
"s5","s1",2.38835294718873,9,20,0.5
"s5","s1",4.33549262773521,9,20,0.5
"s5","s1",3.83005189356998,9,20,0.5
"s5","s1",2.57748552642104,9,20,0.5
"s5","s1",3.56382346753928,9,20,0.5
"s5","s1",2.9426449244008,9,20,0.5
"s5","s1",2.90772209597737,9,20,0.5
"s5","s1",2.73756174246189,9,20,0.5
"s5","s1",2.17312731092374,9,20,0.5
"s5","s1",3.68788676693121,9,20,0.5
"s5","s1",2.4748850853812,9,20,0.5
"s5","s1",2.58748452035484,9,20,0.5
"s5","s1",3.50488777009473,9,20,0.5
"s5","s1",5.06117638411777,9,20,0.5
"s5","s1",2.31647585832244,9,20,0.5
"s5","s1",2.57371030254521,9,20,0.5
"s5","s1",1.98963519488563,9,20,0.5
"s5","s1",2.48801451769199,9,20,0.5
"s5","s1",2.52866480546179,9,20,0.5
"s5","s1",3.50751207681501,9,20,0.5
"s5","s1",2.31407858804522,9,20,0.5
"s5","s1",2.42853628305548,9,20,0.5
"s5","s1",2.76999093522261,9,20,0.5
"s5","s1",4.46677376228606,9,20,0.5
"s5","s1",2.14005052649943,9,20,0.5
"s5","s1",2.39097016733332,9,20,0.5
"s5","s1",3.23678450565867,9,20,0.5
"s5","s1",5.35954088854823,9,20,0.5
"s5","s1",3.42259427906884,9,20,0.5
"s5","s1",2.36455812737001,9,20,0.5
"s5","s1",2.8237069533664,9,20,0.5
"s5","s1",2.01910178514229,9,20,0.5
"s5","s1",3.69401650109365,9,20,0.5
"s5","s1",1.76604397944619,9,20,0.5
"s5","s1",2.7741499795348,9,20,0.5
"s5","s1",2.36826125861644,9,20,0.5
"s5","s1",3.28347762354416,9,20,0.5
"s5","s1",3.36912110766933,9,20,0.5
"s5","s1",3.10986234884576,9,20,0.5
"s5","s1",3.04794208719756,9,20,0.5
"s5","s1",2.59946174760023,9,20,0.5
"s5","s1",3.01589777097385,9,20,0.5
"s5","s1",1.93109738528997,9,20,0.5
"s5","s1",2.76277891978859,9,20,0.5
"s5","s1",2.65621106948913,9,20,0.5
"s5","s1",2.34972879630596,9,20,0.5
"s5","s1",2.17877799480144,9,20,0.5
"s5","s1",3.3528691877126,9,20,0.5
"s5","s1",2.42806865131668,9,20,0.5
"s5","s1",3.33450347700325,9,20,0.5
"s5","s1",2.06981545298673,9,20,0.5
"s5","s1",3.10012461812035,9,20,0.5
"s5","s1",2.52408162100047,9,20,0.5
"s5","s1",2.84663947657376,9,20,0.5
"s5","s1",2.8237069533664,9,20,0.5
"s5","s1",3.76850110129251,9,20,0.5
"s5","s1",2.28128797571178,9,20,0.5
"s5","s1",2.708518275589,9,20,0.5
"s5","s1",2.64771771309378,9,20,0.5
"s5","s1",2.19101129883011,9,20,0.5
"s5","s1",2.73403663368052,9,20,0.5
"s5","s1",2.94811465911748,9,20,0.5
"s5","s1",2.73756174246189,9,20,0.5
"s5","s1",3.36912110766933,9,20,0.5
"s5","s1",3.1236498887353,9,20,0.5
"s5","s1",3.54729645144394,9,20,0.5
"s5","s1",2.79647649137197,9,20,0.5
"s5","s1",1.94827633651137,9,20,0.5
"s5","s1",2.71525983035801,9,20,0.5
"s5","s1",2.38703593103408,9,20,0.5
"s5","s1",2.76517316552085,9,20,0.5
"s5","s1",2.85366925543473,9,20,0.5
"s5","s1",2.07513308330018,9,20,0.5
"s5","s1",3.71711757320518,9,20,0.5
"s5","s1",2.52836494781383,9,20,0.5
"s5","s1",2.65621106948913,9,20,0.5
"s5","s1",2.58748452035484,9,20,0.5
"s5","s1",2.83212001931634,9,20,0.5
"s5","s1",3.66649919032313,9,20,0.5
"s5","s1",3.2092223282463,9,20,0.5
"s5","s1",3.23878643906283,9,20,0.5
"s5","s1",3.65093681529553,9,20,0.5
"s5","s1",3.9708369197674,9,20,0.5
"s5","s1",2.31544466444153,9,20,0.5
"s5","s1",3.45268673945154,9,20,0.5
"s5","s1",3.55663246998006,9,20,0.5
"s5","s1",1.74199408343055,9,20,0.5
"s5","s1",3.04794208719756,9,20,0.5
"s5","s1",3.49320887330406,9,20,0.5
"s5","s1",2.77019032024861,9,20,0.5
"s5","s1",3.05001726696934,9,20,0.5
"s5","s1",2.54401512638817,9,20,0.5
"s5","s1",2.63554118299832,9,20,0.5
"s5","s1",2.45727158103383,9,20,0.5
"s5","s1",2.8180291657492,9,20,0.5
"s5","s1",3.04794208719756,9,20,0.5
"s5","s1",2.67238287658185,9,20,0.5
"s5","s1",3.48990434626853,9,20,0.5
"s5","s1",2.34955801981083,9,20,0.5
"s5","s1",2.98484993266609,9,20,0.5
"s5","s1",3.1954659166816,9,20,0.5
"s5","s1",3.4779484817199,9,20,0.5
"s5","s1",1.64857943071746,9,20,0.5
"s5","s1",2.52866480546179,9,20,0.5
"s5","s1",3.28347762354416,9,20,0.5
"s5","s1",3.57479801028703,9,20,0.5
"s5","s1",2.76038467405634,9,20,0.5
"s5","s1",2.17312731092374,9,20,0.5
"s5","s1",3.84477811705111,9,20,0.5
"s5","s1",2.08951465007725,9,20,0.5
"s5","s1",2.46175565307041,9,20,0.5
"s5","s1",2.17312731092374,9,20,0.5
"s5","s1",3.4735927483778,9,20,0.5
"s5","s1",2.73091342626935,9,20,0.5
"s5","s1",2.73091342626935,9,20,0.5
"s5","s1",3.65893834008993,9,20,0.5
"s5","s1",2.08671364660469,9,20,0.5
"s5","s1",2.58748452035484,9,20,0.5
"s5","s1",2.65744287917213,9,20,0.5
"s5","s1",3.28098471647756,9,20,0.5
"s5","s1",2.77019032024861,9,20,0.5
"s5","s1",4.35880862980918,9,20,0.5
"s5","s1",2.36311317752634,9,20,0.5
"s5","s1",2.10273349212004,9,20,0.5
"s5","s1",2.13565153125336,9,20,0.5
"s5","s1",2.67645250228049,9,20,0.5
"s5","s1",2.7893478416985,9,20,0.5
"s5","s1",3.42259427906884,9,20,0.5
"s5","s1",3.42226075188105,9,20,0.5
"s5","s1",2.91650048046345,9,20,0.5
"s5","s1",2.50356495305048,9,20,0.5
"s5","s1",2.47456372918459,9,20,0.5
"s5","s1",2.67238287658185,9,20,0.5
"s5","s1",2.79208729912893,9,20,0.5
"s5","s1",3.88467182214337,9,20,0.5
"s5","s1",1.86686680468053,9,20,0.5
"s5","s1",1.5646654799654,9,20,0.5
"s5","s1",2.9076351594959,9,20,0.5
"s5","s1",3.42226075188105,9,20,0.5
"s5","s1",3.39569092977519,9,20,0.5
"s5","s1",2.73091342626935,9,20,0.5
"s5","s1",3.7337333744463,9,20,0.5
"s5","s1",3.63998332401088,9,20,0.5
"s5","s1",2.81631807704462,9,20,0.5
"s5","s1",2.73091342626935,9,20,0.5
"s5","s1",1.65302219510512,9,20,0.5
"s5","s1",2.52862222466123,9,20,0.5
"s5","s1",2.93247180627455,9,20,0.5
"s5","s1",2.29564659259049,9,20,0.5
"s5","s1",2.70368296427492,9,20,0.5
"s5","s1",2.4109940757344,9,20,0.5
"s5","s1",3.28347762354416,9,20,0.5
"s5","s1",2.28297993447802,9,20,0.5
"s5","s1",2.44664788612671,9,20,0.5
"s5","s1",2.32029143546376,9,20,0.5
"s5","s1",2.9610716198393,9,20,0.5
"s5","s1",3.63735624567193,9,20,0.5
"s5","s1",2.52339731115383,9,20,0.5
"s5","s1",3.26606155036341,9,20,0.5
"s5","s1",2.38997211383577,9,20,0.5
"s5","s1",2.88459580505737,9,20,0.5
"s5","s1",2.9426449244008,9,20,0.5
"s5","s1",2.9076351594959,9,20,0.5
"s5","s1",4.58340884696021,9,20,0.5
"s5","s1",3.08861670766559,9,20,0.5
"s5","s1",3.74768765231821,9,20,0.5
"s5","s1",3.28347762354416,9,20,0.5
"s5","s1",2.58748452035484,9,20,0.5
"s5","s1",4.54178706797499,9,20,0.5
"s5","s1",2.12992047876422,9,20,0.5
"s5","s1",2.76038467405634,9,20,0.5
"s5","s1",4.03797346064326,9,20,0.5
"s5","s1",2.55255323889904,9,20,0.5
"s5","s1",3.4426457994247,9,20,0.5
"s5","s1",3.36912110766933,9,20,0.5
"s5","s1",2.76038467405634,9,20,0.5
"s5","s1",3.49304210971016,9,20,0.5
"s5","s1",2.63992275130102,9,20,0.5
"s5","s1",3.48277919983424,9,20,0.5
"s5","s1",2.86287563086329,9,20,0.5
"s5","s1",3.04794208719756,9,20,0.5
"s5","s1",3.04794208719756,9,20,0.5
"s5","s1",3.97612182536589,9,20,0.5
"s5","s1",2.5222741010236,9,20,0.5
"s5","s1",2.75118069714025,9,20,0.5
"s5","s1",2.2260636947879,9,20,0.5
"s5","s1",3.5118791583659,9,20,0.5
"s5","s1",3.78453802566995,9,20,0.5
"s5","s1",3.00628083283885,9,20,0.5
"s5","s1",2.66174052110259,9,20,0.5
"s5","s1",4.1327352245063,9,20,0.5
"s5","s1",2.84599252305433,9,20,0.5
"s5","s1",2.73091342626935,9,20,0.5
"s5","s1",2.61829168287743,9,20,0.5
"s5","s1",2.8180291657492,9,20,0.5
"s5","s1",3.22886890766746,9,20,0.5
"s5","s1",2.76740840868796,9,20,0.5
"s5","s1",3.68753123022325,9,20,0.5
"s5","s1",3.73725623888697,9,20,0.5
"s5","s1",2.57536133957785,9,20,0.5
"s5","s1",3.82531640663413,9,20,0.5
"s5","s1",2.77724651373944,9,20,0.5
"s5","s1",2.53843026618939,9,20,0.5
"s5","s1",3.3528691877126,9,20,0.5
"s5","s1",4.34884500256974,9,20,0.5
"s5","s1",2.12437629555364,9,20,0.5
"s5","s1",2.38703593103408,9,20,0.5
"s5","s1",1.9820332997963,9,20,0.5
"s5","s1",2.91283168289826,9,20,0.5
"s5","s1",2.83844257725989,9,20,0.5
"s5","s1",1.77966968628833,9,20,0.5
"s5","s1",2.80368850372385,9,20,0.5
"s5","s1",3.73713495791465,9,20,0.5
"s5","s1",3.23878643906283,9,20,0.5
"s5","s1",2.08305091491794,9,20,0.5
"s5","s1",2.20333280628626,9,20,0.5
"s5","s1",2.44035911462541,9,20,0.5
"s5","s1",2.54960647952555,9,20,0.5
"s5","s1",1.4845771622445,9,20,0.5
"s5","s1",2.3160796488163,9,20,0.5
"s5","s1",3.12646383292739,9,20,0.5
"s5","s1",2.95398306291175,9,20,0.5
"s5","s1",2.63902588003435,9,20,0.5
"s5","s1",2.60316562887706,9,20,0.5
"s5","s1",2.34972879630596,9,20,0.5
"s5","s1",2.9426449244008,9,20,0.5
"s5","s1",2.30171449187154,9,20,0.5
"s5","s1",3.4779484817199,9,20,0.5
"s5","s1",3.64843278493035,9,20,0.5
"s5","s1",3.71168579595089,9,20,0.5
"s5","s1",1.61652830537724,9,20,0.5
"s5","s1",2.67645250228049,9,20,0.5
"s5","s1",2.44081610447888,9,20,0.5
"s5","s1",2.18157105963306,9,20,0.5
"s5","s1",3.46133466959286,9,20,0.5
"s5","s1",3.36912110766933,9,20,0.5
"s5","s1",2.97642508460011,9,20,0.5
"s5","s1",2.33057091430786,9,20,0.5
"s5","s1",3.47084879327007,9,20,0.5
"s5","s1",2.6235621556226,9,20,0.5
"s5","s1",3.70050177196406,9,20,0.5
"s5","s1",1.78720355824085,9,20,0.5
"s5","s1",3.00428483268142,9,20,0.5
"s5","s1",2.33109820451936,9,20,0.5
"s5","s1",2.08671364660469,9,20,0.5
"s5","s1",2.44081610447888,9,20,0.5
"s5","s1",3.20853159743345,9,20,0.5
"s5","s1",2.97346487854111,9,20,0.5
"s5","s1",2.53333191999308,9,20,0.5
"s5","s1",2.77019032024861,9,20,0.5
"s5","s1",2.83139376369947,9,20,0.5
"s5","s1",1.96373557328545,9,20,0.5
"s5","s1",4.02872430562014,9,20,0.5
"s5","s1",3.12646383292739,9,20,0.5
"s5","s1",2.44582911731308,9,20,0.5
"s5","s1",3.47195955897818,9,20,0.5
"s5","s1",2.08671364660469,9,20,0.5
"s5","s1",3.61629876708789,9,20,0.5
"s5","s1",2.80755216219867,9,20,0.5
"s5","s1",3.45010461680048,9,20,0.5
"s5","s1",4.61712963660642,9,20,0.5
"s5","s1",2.63196851131767,9,20,0.5
"s5","s1",2.13043929987097,9,20,0.5
"s5","s1",3.47063857371645,9,20,0.5
"s5","s1",2.55379133609495,9,20,0.5
"s5","s1",2.94646278253178,9,20,0.5
"s5","s1",3.13743742862484,9,20,0.5
"s5","s1",1.78987483696206,9,20,0.5
"s5","s1",3.12161820011644,9,20,0.5
"s5","s1",4.0134446217866,9,20,0.5
"s5","s1",3.57479801028703,9,20,0.5
"s5","s1",3.93454191764631,9,20,0.5
"s5","s1",2.73403663368052,9,20,0.5
"s5","s1",2.80539784563191,9,20,0.5
"s5","s1",3.92499283121505,9,20,0.5
"s5","s1",1.81677282432257,9,20,0.5
"s5","s1",2.78920691990277,9,20,0.5
"s5","s1",2.76744562891906,9,20,0.5
"s5","s1",2.54401512638817,9,20,0.5
"s5","s1",2.38788980961201,9,20,0.5
"s5","s1",2.19858947362215,9,20,0.5
"s5","s1",2.52009815183507,9,20,0.5
"s5","s1",3.70050177196406,9,20,0.5
"s5","s1",2.67238287658185,9,20,0.5
"s5","s1",3.55439701508914,9,20,0.5
"s5","s1",2.64885437101047,9,20,0.5
"s5","s1",2.48627570472182,9,20,0.5
"s5","s1",2.48084957798089,9,20,0.5
"s5","s1",2.5023953950602,9,20,0.5
"s5","s1",3.68753123022325,9,20,0.5
"s5","s1",2.08671364660469,9,20,0.5
"s5","s1",2.66299768416228,9,20,0.5
"s5","s1",2.1728030340123,9,20,0.5
"s5","s1",2.9426449244008,9,20,0.5
"s5","s1",3.36912110766933,9,20,0.5
"s5","s1",2.23097964088746,9,20,0.5
"s5","s1",3.46315883464304,9,20,0.5
"s5","s1",2.73756174246189,9,20,0.5
"s5","s1",2.76038467405634,9,20,0.5
"s5","s1",2.95508719681263,9,20,0.5
"s5","s1",3.47655722395693,9,20,0.5
"s5","s1",2.83844257725989,9,20,0.5
"s5","s1",2.29776888412874,9,20,0.5
"s5","s1",2.51754461548311,9,20,0.5
"s5","s1",1.77966968628833,9,20,0.5
"s5","s1",3.11816309088657,9,20,0.5
"s5","s1",2.36124514207683,9,20,0.5
"s5","s1",2.54542620721072,9,20,0.5
"s5","s1",2.22774759547048,9,20,0.5
"s5","s1",2.99816940182148,9,20,0.5
"s5","s1",2.46175565307041,9,20,0.5
"s5","s1",2.76964365185507,9,20,0.5
"s5","s1",3.92991968114284,9,20,0.5
"s5","s1",3.48277919983424,9,20,0.5
"s5","s1",3.09435340622746,9,20,0.5
"s5","s1",2.74611441814343,9,20,0.5
"s5","s1",2.41214776700746,9,20,0.5
"s5","s1",1.76604397944619,9,20,0.5
"s5","s1",3.28347762354416,9,20,0.5
"s5","s1",2.77019032024861,9,20,0.5
"s5","s1",2.64193980758342,9,20,0.5
"s5","s1",3.58922512684198,9,20,0.5
"s5","s1",3.33069035906583,9,20,0.5
"s5","s1",2.53977048150731,9,20,0.5
"s5","s1",3.88467182214337,9,20,0.5
"s5","s1",2.52866480546179,9,20,0.5
"s5","s1",4.62736327252194,9,20,0.5
"s5","s1",2.38117204698991,9,20,0.5
"s5","s1",3.12153563587212,9,20,0.5
"s5","s1",2.14693432465238,9,20,0.5
"s5","s1",3.7337333744463,9,20,0.5
"s5","s1",2.92009695112596,9,20,0.5
"s5","s1",3.10986234884576,9,20,0.5
"s5","s1",2.91650048046345,9,20,0.5
"s5","s1",2.93201278769464,9,20,0.5
"s5","s1",3.68585964339529,9,20,0.5
"s5","s1",3.68788676693121,9,20,0.5
"s5","s1",2.34083378681103,9,20,0.5
"s5","s1",2.28125244429947,9,20,0.5
"s5","s1",3.88467182214337,9,20,0.5
"s5","s1",2.25533657857867,9,20,0.5
"s5","s1",2.67238287658185,9,20,0.5
"s5","s1",2.52438147864843,9,20,0.5
"s5","s1",2.8488224858977,9,20,0.5
"s5","s1",2.77750005799144,9,20,0.5
"s5","s1",2.48801451769199,9,20,0.5
"s5","s1",3.68788676693121,9,20,0.5
"s5","s1",1.6807153092599,9,20,0.5
"s5","s1",2.42238836757762,9,20,0.5
"s5","s1",2.67238287658185,9,20,0.5
"s5","s1",2.71381659971037,9,20,0.5
"s5","s1",3.55507375940613,9,20,0.5
"s5","s1",2.14005052649943,9,20,0.5
"s5","s1",2.42853628305548,9,20,0.5
"s5","s1",2.47818834994119,9,20,0.5
"s5","s1",3.28347762354416,9,20,0.5
"s5","s1",2.67645250228049,9,20,0.5
"s5","s1",2.47461175118443,9,20,0.5
"s5","s1",1.99993226547988,9,20,0.5
"s5","s1",2.18025409887681,9,20,0.5
"s5","s1",3.30410543540766,9,20,0.5
"s5","s1",4.58548388247504,9,20,0.5
"s5","s1",3.09148947656259,9,20,0.5
"s5","s1",2.9294035139571,9,20,0.5
"s5","s1",2.25701706903184,9,20,0.5
"s5","s1",2.46120898467687,9,20,0.5
"s5","s1",2.04194938727024,9,20,0.5
"s5","s1",3.42202807231082,9,20,0.5
"s5","s1",3.47655722395693,9,20,0.5
"s5","s1",2.58748452035484,9,20,0.5
"s5","s1",4.25964469334729,9,20,0.5
"s5","s1",2.83868287391622,9,20,0.5
"s5","s1",2.11204878801334,9,20,0.5
"s5","s1",2.74946012765474,9,20,0.5
"s5","s1",2.28128797571178,9,20,0.5
"s5","s1",2.64452473975907,9,20,0.5
"s5","s1",2.7893478416985,9,20,0.5
"s5","s1",2.9610716198393,9,20,0.5
"s5","s1",2.75392313298998,9,20,0.5
"s5","s1",3.16446340183756,9,20,0.5
"s5","s1",2.47442734666125,9,20,0.5
"s5","s1",2.44081610447888,9,20,0.5
"s5","s1",2.48801451769199,9,20,0.5
"s5","s1",5.03835345252332,9,20,0.5
"s5","s1",3.26224965557725,9,20,0.5
"s5","s1",2.76038467405634,9,20,0.5
"s5","s1",3.4779484817199,9,20,0.5
"s5","s1",2.20252366729046,9,20,0.5
"s5","s1",2.08178956403676,9,20,0.5
"s5","s1",3.48277919983424,9,20,0.5
"s5","s1",2.34972879630596,9,20,0.5
"s5","s1",4.50611085697748,9,20,0.5
"s5","s1",2.93878605015137,9,20,0.5
"s5","s1",3.28164823940834,9,20,0.5
"s5","s1",2.45084213014727,9,20,0.5
"s5","s1",2.41214776700746,9,20,0.5
"s5","s1",3.32629936560674,9,20,0.5
"s5","s1",3.2351014195393,9,20,0.5
"s5","s1",2.66231613136596,9,20,0.5
"s5","s1",2.97642508460011,9,20,0.5
"s5","s1",2.32910209752428,9,20,0.5
"s5","s1",4.33549262773521,9,20,0.5
"s5","s1",2.56362750093107,9,20,0.5
"s5","s1",2.56852727932224,9,20,0.5
"s5","s1",3.04794208719756,9,20,0.5
"s5","s1",3.7863831488981,9,20,0.5
"s5","s1",3.28347762354416,9,20,0.5
"s5","s1",3.4735927483778,9,20,0.5
"s5","s1",2.50454961896441,9,20,0.5
"s5","s1",3.17232246055014,9,20,0.5
"s5","s1",3.44195017054322,9,20,0.5
"s5","s1",2.38867320651479,9,20,0.5
"s5","s1",2.08844604477333,9,20,0.5
"s5","s1",2.74611441814343,9,20,0.5
"s5","s1",2.38356775047837,9,20,0.5
"s5","s1",2.73403663368052,9,20,0.5
"s5","s1",2.73403663368052,9,20,0.5
"s5","s1",2.4683621821904,9,20,0.5
"s5","s1",2.90772209597737,9,20,0.5
"s5","s1",2.78371056069787,9,20,0.5
"s5","s1",2.52292385430572,9,20,0.5
"s5","s1",2.41214776700746,9,20,0.5
"s5","s1",2.52009815183507,9,20,0.5
"s5","s1",2.08671364660469,9,20,0.5
"s5","s1",3.05773184373595,9,20,0.5
"s5","s1",3.52419537933242,9,20,0.5
"s5","s1",2.9426449244008,9,20,0.5
"s5","s1",2.83112908720013,9,20,0.5
"s5","s1",4.71293947706889,9,20,0.5
"s5","s1",3.05713158476881,9,20,0.5
"s5","s1",2.18157105963306,9,20,0.5
"s5","s1",3.29446060204757,9,20,0.5
"s5","s1",2.91650048046345,9,20,0.5
"s5","s1",3.37853518596098,9,20,0.5
"s5","s1",3.49817605827889,9,20,0.5
"s5","s1",3.08720296006248,9,20,0.5
"s5","s1",2.66231613136596,9,20,0.5
"s5","s1",2.75869160501215,9,20,0.5
"s5","s1",2.66787300681709,9,20,0.5
"s5","s1",3.82568063158141,9,20,0.5
"s5","s1",3.2755420432438,9,20,0.5
"s5","s1",2.4683621821904,9,20,0.5
"s5","s1",2.32258839628229,9,20,0.5
"s5","s1",2.69417815272074,9,20,0.5
"s5","s1",4.33549262773521,9,20,0.5
"s5","s1",2.42769482020053,9,20,0.5
"s5","s2",3.61129131702582,9,20,0.5
"s5","s2",4.40188216612811,9,20,0.5
"s5","s2",4.25902175851284,9,20,0.5
"s5","s2",3.55206301127914,9,20,0.5
"s5","s2",3.88062245980735,9,20,0.5
"s5","s2",3.55865176096131,9,20,0.5
"s5","s2",5.35693493345232,9,20,0.5
"s5","s2",4.05812119883088,9,20,0.5
"s5","s2",3.23229888333588,9,20,0.5
"s5","s2",6.03564896691917,9,20,0.5
"s5","s2",3.92898217143598,9,20,0.5
"s5","s2",3.86688148621471,9,20,0.5
"s5","s2",3.83553820130612,9,20,0.5
"s5","s2",3.62299690447717,9,20,0.5
"s5","s2",6.40286842588831,9,20,0.5
"s5","s2",4.79144698223324,9,20,0.5
"s5","s2",3.2413931728908,9,20,0.5
"s5","s2",5.31690294460031,9,20,0.5
"s5","s2",5.50274176317678,9,20,0.5
"s5","s2",4.77549157160163,9,20,0.5
"s5","s2",3.37039816629667,9,20,0.5
"s5","s2",5.20034808281633,9,20,0.5
"s5","s2",4.72621809813713,9,20,0.5
"s5","s2",4.80689621025913,9,20,0.5
"s5","s2",3.27261424671909,9,20,0.5
"s5","s2",3.85164229910559,9,20,0.5
"s5","s2",4.32265238824584,9,20,0.5
"s5","s2",4.14485398630704,9,20,0.5
"s5","s2",4.89090720225312,9,20,0.5
"s5","s2",4.45865270252584,9,20,0.5
"s5","s2",4.35537656650187,9,20,0.5
"s5","s2",4.78479866604069,9,20,0.5
"s5","s2",4.28645351590854,9,20,0.5
"s5","s2",6.60148793500146,9,20,0.5
"s5","s2",4.31689402997341,9,20,0.5
"s5","s2",4.14485398630704,9,20,0.5
"s5","s2",3.92898217143598,9,20,0.5
"s5","s2",3.40584854605178,9,20,0.5
"s5","s2",4.84265722220452,9,20,0.5
"s5","s2",3.44327165047912,9,20,0.5
"s5","s2",4.52861655075018,9,20,0.5
"s5","s2",4.71683526444751,9,20,0.5
"s5","s2",4.27177433064412,9,20,0.5
"s5","s2",4.14125399033954,9,20,0.5
"s5","s2",3.45452137975805,9,20,0.5
"s5","s2",5.30165729504595,9,20,0.5
"s5","s2",4.25643838612561,9,20,0.5
"s5","s2",4.35537656650187,9,20,0.5
"s5","s2",5.98443023773344,9,20,0.5
"s5","s2",4.13765399437204,9,20,0.5
"s5","s2",4.57051813882632,9,20,0.5
"s5","s2",4.40409511468734,9,20,0.5
"s5","s2",4.484188849958,9,20,0.5
"s5","s2",4.78111579572056,9,20,0.5
"s5","s2",3.799153947211,9,20,0.5
"s5","s2",4.86146917910632,9,20,0.5
"s5","s2",3.69321637325709,9,20,0.5
"s5","s2",5.80699822702743,9,20,0.5
"s5","s2",4.78329089710541,9,20,0.5
"s5","s2",4.43941282020775,9,20,0.5
"s5","s2",4.05791798500091,9,20,0.5
"s5","s2",4.79664080779716,9,20,0.5
"s5","s2",4.40188216612811,9,20,0.5
"s5","s2",3.39661691867033,9,20,0.5
"s5","s2",3.50817948928304,9,20,0.5
"s5","s2",4.65056906607162,9,20,0.5
"s5","s2",5.61939998471366,9,20,0.5
"s5","s2",3.44382141713865,9,20,0.5
"s5","s2",4.04334954725552,9,20,0.5
"s5","s2",5.59413119511206,9,20,0.5
"s5","s2",4.13765399437204,9,20,0.5
"s5","s2",3.76409371294798,9,20,0.5
"s5","s2",3.34601138701859,9,20,0.5
"s5","s2",4.39113584439087,9,20,0.5
"s5","s2",3.96954860453664,9,20,0.5
"s5","s2",5.12995221398164,9,20,0.5
"s5","s2",4.37798060838431,9,20,0.5
"s5","s2",3.71257140071415,9,20,0.5
"s5","s2",5.20745032323439,9,20,0.5
"s5","s2",4.96561735843397,9,20,0.5
"s5","s2",4.30698481596729,9,20,0.5
"s5","s2",2.84811671935366,9,20,0.5
"s5","s2",3.28740971744705,9,20,0.5
"s5","s2",4.482226828599,9,20,0.5
"s5","s2",3.81932703748094,9,20,0.5
"s5","s2",4.19334172421089,9,20,0.5
"s5","s2",5.25862551370832,9,20,0.5
"s5","s2",3.660853037983,9,20,0.5
"s5","s2",4.61210574312422,9,20,0.5
"s5","s2",3.02711761694993,9,20,0.5
"s5","s2",4.65056906607162,9,20,0.5
"s5","s2",3.46354839722845,9,20,0.5
"s5","s2",3.55865176096131,9,20,0.5
"s5","s2",5.24754574278406,9,20,0.5
"s5","s2",4.91901452596674,9,20,0.5
"s5","s2",2.86295587855567,9,20,0.5
"s5","s2",3.07163196606169,9,20,0.5
"s5","s2",4.55971035327061,9,20,0.5
"s5","s2",4.38038952265364,9,20,0.5
"s5","s2",3.59865858606643,9,20,0.5
"s5","s2",4.14485398630704,9,20,0.5
"s5","s2",4.85190659600372,9,20,0.5
"s5","s2",5.28124750343054,9,20,0.5
"s5","s2",4.46603300677881,9,20,0.5
"s5","s2",4.08355333977178,9,20,0.5
"s5","s2",5.93433320962812,9,20,0.5
"s5","s2",4.86480821627767,9,20,0.5
"s5","s2",4.64976194926701,9,20,0.5
"s5","s2",4.72712221211095,9,20,0.5
"s5","s2",5.33087773232608,9,20,0.5
"s5","s2",4.77773064595367,9,20,0.5
"s5","s2",4.18726022622578,9,20,0.5
"s5","s2",3.75908217019859,9,20,0.5
"s5","s2",4.27219012727272,9,20,0.5
"s5","s2",4.11065698574742,9,20,0.5
"s5","s2",4.31759483559486,9,20,0.5
"s5","s2",3.07250477021806,9,20,0.5
"s5","s2",4.79654084933641,9,20,0.5
"s5","s2",4.21566910302163,9,20,0.5
"s5","s2",4.56021012791176,9,20,0.5
"s5","s2",4.32176015976318,9,20,0.5
"s5","s2",4.52457210077577,9,20,0.5
"s5","s2",5.67084157010703,9,20,0.5
"s5","s2",5.40722422843034,9,20,0.5
"s5","s2",5.97265947947526,9,20,0.5
"s5","s2",4.04471129576926,9,20,0.5
"s5","s2",4.14703279053403,9,20,0.5
"s5","s2",4.35537656650187,9,20,0.5
"s5","s2",4.37798060838431,9,20,0.5
"s5","s2",4.13050599123049,9,20,0.5
"s5","s2",2.94098408587649,9,20,0.5
"s5","s2",3.62150237347843,9,20,0.5
"s5","s2",5.49170000138542,9,20,0.5
"s5","s2",4.06896763616944,9,20,0.5
"s5","s2",4.63312287655537,9,20,0.5
"s5","s2",5.92288599884127,9,20,0.5
"s5","s2",3.08341107759328,9,20,0.5
"s5","s2",4.78314764859361,9,20,0.5
"s5","s2",5.43675262868108,9,20,0.5
"s5","s2",5.60241709390523,9,20,0.5
"s5","s2",4.91901452596674,9,20,0.5
"s5","s2",4.46603300677881,9,20,0.5
"s5","s2",4.7872311332822,9,20,0.5
"s5","s2",4.14485398630704,9,20,0.5
"s5","s2",3.85314051262208,9,20,0.5
"s5","s2",4.69197655577903,9,20,0.5
"s5","s2",7.6147486613219,9,20,0.5
"s5","s2",4.3405014096975,9,20,0.5
"s5","s2",5.06323242460057,9,20,0.5
"s5","s2",4.7515387717792,9,20,0.5
"s5","s2",5.35424956905869,9,20,0.5
"s5","s2",4.23991297197355,9,20,0.5
"s5","s2",4.27177433064412,9,20,0.5
"s5","s2",3.16527169302284,9,20,0.5
"s5","s2",4.38038952265364,9,20,0.5
"s5","s2",4.78111579572056,9,20,0.5
"s5","s2",4.5171346232786,9,20,0.5
"s5","s2",4.70653539984013,9,20,0.5
"s5","s2",3.56975121260643,9,20,0.5
"s5","s2",4.20589195628393,9,20,0.5
"s5","s2",4.07877544510618,9,20,0.5
"s5","s2",4.03405374526907,9,20,0.5
"s5","s2",3.78193352530861,9,20,0.5
"s5","s2",4.67500327087383,9,20,0.5
"s5","s2",4.56021012791176,9,20,0.5
"s5","s2",4.55971035327061,9,20,0.5
"s5","s2",6.23326280344918,9,20,0.5
"s5","s2",4.79144698223324,9,20,0.5
"s5","s2",3.660853037983,9,20,0.5
"s5","s2",3.13957527803892,9,20,0.5
"s5","s2",4.77066262586665,9,20,0.5
"s5","s2",4.1302342343647,9,20,0.5
"s5","s2",6.13161737910967,9,20,0.5
"s5","s2",4.91901452596674,9,20,0.5
"s5","s2",3.88062245980735,9,20,0.5
"s5","s2",3.21258268468974,9,20,0.5
"s5","s2",5.0059001598541,9,20,0.5
"s5","s2",5.54634882557247,9,20,0.5
"s5","s2",3.94601037537958,9,20,0.5
"s5","s2",5.41242378117158,9,20,0.5
"s5","s2",4.31759483559486,9,20,0.5
"s5","s2",3.50546743649185,9,20,0.5
"s5","s2",4.01269690390532,9,20,0.5
"s5","s2",3.26157143004471,9,20,0.5
"s5","s2",4.40188216612811,9,20,0.5
"s5","s2",4.46603300677881,9,20,0.5
"s5","s2",4.2365889471326,9,20,0.5
"s5","s2",4.40922848875089,9,20,0.5
"s5","s2",3.98816938415411,9,20,0.5
"s5","s2",3.95214455910364,9,20,0.5
"s5","s2",4.16605710626641,9,20,0.5
"s5","s2",3.50546743649185,9,20,0.5
"s5","s2",3.39728685590862,9,20,0.5
"s5","s2",5.21580475451379,9,20,0.5
"s5","s2",3.21418196774237,9,20,0.5
"s5","s2",5.67084157010703,9,20,0.5
"s5","s2",4.342962290375,9,20,0.5
"s5","s2",4.19334172421089,9,20,0.5
"s5","s2",4.50807691630078,9,20,0.5
"s5","s2",4.31549984489157,9,20,0.5
"s5","s2",4.43914725840088,9,20,0.5
"s5","s2",4.342962290375,9,20,0.5
"s5","s2",3.76910425891619,9,20,0.5
"s5","s2",4.6955233552462,9,20,0.5
"s5","s2",4.44279705391217,9,20,0.5
"s5","s2",5.51657032390985,9,20,0.5
"s5","s2",4.38038952265364,9,20,0.5
"s5","s2",5.094610529054,9,20,0.5
"s5","s2",4.78443995381684,9,20,0.5
"s5","s2",4.35717770799782,9,20,0.5
"s5","s2",4.39480900570226,9,20,0.5
"s5","s2",3.9750961986048,9,20,0.5
"s5","s2",5.06849913618468,9,20,0.5
"s5","s2",4.84533036228092,9,20,0.5
"s5","s2",4.6955233552462,9,20,0.5
"s5","s2",3.17820251622377,9,20,0.5
"s5","s2",4.59773473673996,9,20,0.5
"s5","s2",4.89534941294739,9,20,0.5
"s5","s2",5.99969604140798,9,20,0.5
"s5","s2",4.06896763616944,9,20,0.5
"s5","s2",3.4439347829041,9,20,0.5
"s5","s2",5.05926884412636,9,20,0.5
"s5","s2",3.86954981604569,9,20,0.5
"s5","s2",2.91559781808435,9,20,0.5
"s5","s2",4.8790235465408,9,20,0.5
"s5","s2",4.56237270927257,9,20,0.5
"s5","s2",3.69098610780259,9,20,0.5
"s5","s2",5.12995221398164,9,20,0.5
"s5","s2",3.62154436505755,9,20,0.5
"s5","s2",3.25478637018661,9,20,0.5
"s5","s2",4.49850549497028,9,20,0.5
"s5","s2",4.1377124207326,9,20,0.5
"s5","s2",4.0113982909518,9,20,0.5
"s5","s2",3.27731140977297,9,20,0.5
"s5","s2",4.67500327087383,9,20,0.5
"s5","s2",4.6347289809406,9,20,0.5
"s5","s2",3.51294709675319,9,20,0.5
"s5","s2",4.38038952265364,9,20,0.5
"s5","s2",4.93811644353739,9,20,0.5
"s5","s2",3.29803555373968,9,20,0.5
"s5","s2",4.0238795215968,9,20,0.5
"s5","s2",4.67500327087383,9,20,0.5
"s5","s2",4.91271673080069,9,20,0.5
"s5","s2",4.46603300677881,9,20,0.5
"s5","s2",4.01055609763654,9,20,0.5
"s5","s2",4.38038952265364,9,20,0.5
"s5","s2",4.03691807887151,9,20,0.5
"s5","s2",4.92144842870402,9,20,0.5
"s5","s2",4.482226828599,9,20,0.5
"s5","s2",4.15376056280275,9,20,0.5
"s5","s2",2.09908735660237,9,20,0.5
"s5","s2",4.92144842870402,9,20,0.5
"s5","s2",3.76910425891619,9,20,0.5
"s5","s2",4.40188216612811,9,20,0.5
"s5","s2",2.92021415241904,9,20,0.5
"s5","s2",4.78600874738782,9,20,0.5
"s5","s2",3.91065784363176,9,20,0.5
"s5","s2",4.2544291223449,9,20,0.5
"s5","s2",4.71683526444751,9,20,0.5
"s5","s2",4.78479866604069,9,20,0.5
"s5","s2",4.6955233552462,9,20,0.5
"s5","s2",4.38280115477727,9,20,0.5
"s5","s2",3.64268801466719,9,20,0.5
"s5","s2",4.23883314346402,9,20,0.5
"s5","s2",3.18457735559612,9,20,0.5
"s5","s2",3.25048143916788,9,20,0.5
"s5","s2",4.88226721223966,9,20,0.5
"s5","s2",4.78479866604069,9,20,0.5
"s5","s2",4.46603300677881,9,20,0.5
"s5","s2",4.69303035448806,9,20,0.5
"s5","s2",3.4664915315976,9,20,0.5
"s5","s2",5.44616385957664,9,20,0.5
"s5","s2",3.64268801466719,9,20,0.5
"s5","s2",4.79144698223324,9,20,0.5
"s5","s2",4.65345790941694,9,20,0.5
"s5","s2",4.86146917910632,9,20,0.5
"s5","s2",4.51721505002118,9,20,0.5
"s5","s2",3.53342240824019,9,20,0.5
"s5","s2",4.31759483559486,9,20,0.5
"s5","s2",4.49789380288155,9,20,0.5
"s5","s2",3.64269376083277,9,20,0.5
"s5","s2",5.30165729504595,9,20,0.5
"s5","s2",5.05926884412636,9,20,0.5
"s5","s2",3.43065697411857,9,20,0.5
"s5","s2",3.17777791267021,9,20,0.5
"s5","s2",5.10484095418879,9,20,0.5
"s5","s2",4.61539808310946,9,20,0.5
"s5","s2",5.35424956905869,9,20,0.5
"s5","s2",4.45415831011934,9,20,0.5
"s5","s2",5.27190086704311,9,20,0.5
"s5","s2",3.38393779802225,9,20,0.5
"s5","s2",4.91271673080069,9,20,0.5
"s5","s2",4.84088281205507,9,20,0.5
"s5","s2",3.799153947211,9,20,0.5
"s5","s2",4.27450959161716,9,20,0.5
"s5","s2",4.40922848875089,9,20,0.5
"s5","s2",5.25049510302475,9,20,0.5
"s5","s2",3.17450678436341,9,20,0.5
"s5","s2",5.4946227568229,9,20,0.5
"s5","s2",5.40183166910767,9,20,0.5
"s5","s2",4.79144698223324,9,20,0.5
"s5","s2",4.82645808066978,9,20,0.5
"s5","s2",3.14764859221618,9,20,0.5
"s5","s2",4.60556698851442,9,20,0.5
"s5","s2",5.44616385957664,9,20,0.5
"s5","s2",5.34683564230106,9,20,0.5
"s5","s2",4.38038952265364,9,20,0.5
"s5","s2",3.98816938415411,9,20,0.5
"s5","s2",5.44616385957664,9,20,0.5
"s5","s2",4.77066262586665,9,20,0.5
"s5","s2",4.48116787566977,9,20,0.5
"s5","s2",4.8231339225735,9,20,0.5
"s5","s2",4.7057231447888,9,20,0.5
"s5","s2",3.82394942596732,9,20,0.5
"s5","s2",4.0113982909518,9,20,0.5
"s5","s2",5.72222964551748,9,20,0.5
"s5","s2",2.86295587855567,9,20,0.5
"s5","s2",3.99309915218636,9,20,0.5
"s5","s2",4.61548170474093,9,20,0.5
"s5","s2",3.78567433243332,9,20,0.5
"s5","s2",4.68078466451913,9,20,0.5
"s5","s2",6.02823864966066,9,20,0.5
"s5","s2",4.61539808310946,9,20,0.5
"s5","s2",2.84917376958982,9,20,0.5
"s5","s2",5.28124750343054,9,20,0.5
"s5","s2",3.88062245980735,9,20,0.5
"s5","s2",4.33722429383421,9,20,0.5
"s5","s2",5.14620022982941,9,20,0.5
"s5","s2",4.05683946596935,9,20,0.5
"s5","s2",4.44828720709438,9,20,0.5
"s5","s2",4.0096122206602,9,20,0.5
"s5","s2",4.10945519071289,9,20,0.5
"s5","s2",5.17230849566585,9,20,0.5
"s5","s2",4.08355333977178,9,20,0.5
"s5","s2",4.24401323525867,9,20,0.5
"s5","s2",4.14485398630704,9,20,0.5
"s5","s2",5.00929616890369,9,20,0.5
"s5","s2",4.83409145303367,9,20,0.5
"s5","s2",3.50546743649185,9,20,0.5
"s5","s2",4.04849927270534,9,20,0.5
"s5","s2",2.7985570941597,9,20,0.5
"s5","s2",4.40188216612811,9,20,0.5
"s5","s2",4.42215532007083,9,20,0.5
"s5","s2",3.86689081324388,9,20,0.5
"s5","s2",3.39661691867033,9,20,0.5
"s5","s2",3.27962183439634,9,20,0.5
"s5","s2",3.56374514452476,9,20,0.5
"s5","s2",5.04523731605786,9,20,0.5
"s5","s2",3.98408783552204,9,20,0.5
"s5","s2",3.31481976881368,9,20,0.5
"s5","s2",5.09861122360613,9,20,0.5
"s5","s2",4.21255040921145,9,20,0.5
"s5","s2",3.47909272319169,9,20,0.5
"s5","s2",4.11401127981803,9,20,0.5
"s5","s2",5.08495013642444,9,20,0.5
"s5","s2",4.91901452596674,9,20,0.5
"s5","s2",4.65056906607162,9,20,0.5
"s5","s2",4.16940253068424,9,20,0.5
"s5","s2",3.67721645433883,9,20,0.5
"s5","s2",2.86295587855567,9,20,0.5
"s5","s2",4.28390165133498,9,20,0.5
"s5","s2",4.77743292540043,9,20,0.5
"s5","s2",3.53342240824019,9,20,0.5
"s5","s2",5.31690294460031,9,20,0.5
"s5","s2",4.99944865273381,9,20,0.5
"s5","s2",4.32229374742766,9,20,0.5
"s5","s2",4.61245609037415,9,20,0.5
"s5","s2",5.26224598669286,9,20,0.5
"s5","s2",4.61539808310946,9,20,0.5
"s5","s2",4.25016327008909,9,20,0.5
"s5","s2",3.44721862293498,9,20,0.5
"s5","s2",4.46414694892054,9,20,0.5
"s5","s2",3.21258268468974,9,20,0.5
"s5","s2",3.35109358520571,9,20,0.5
"s5","s2",6.08089506440857,9,20,0.5
"s5","s2",4.68078466451913,9,20,0.5
"s5","s2",4.66518648956863,9,20,0.5
"s5","s2",5.83132745677181,9,20,0.5
"s5","s2",4.92144842870402,9,20,0.5
"s5","s2",3.88317817989273,9,20,0.5
"s5","s2",5.20678666917554,9,20,0.5
"s5","s2",4.19334172421089,9,20,0.5
"s5","s2",4.95469097411988,9,20,0.5
"s5","s2",4.78812282413696,9,20,0.5
"s5","s2",4.45608601549406,9,20,0.5
"s5","s2",3.45495077920972,9,20,0.5
"s5","s2",6.42029481870816,9,20,0.5
"s5","s2",4.84088281205507,9,20,0.5
"s5","s2",5.2939337827793,9,20,0.5
"s5","s2",3.00118403084072,9,20,0.5
"s5","s2",4.56021012791176,9,20,0.5
"s5","s2",6.45552018803592,9,20,0.5
"s5","s2",4.5119100402074,9,20,0.5
"s5","s2",3.44242415617162,9,20,0.5
"s5","s2",5.15437362106951,9,20,0.5
"s5","s2",5.15070532121358,9,20,0.5
"s5","s2",4.30698481596729,9,20,0.5
"s5","s2",4.19072146671982,9,20,0.5
"s5","s2",4.43890248175331,9,20,0.5
"s5","s2",4.23168060010976,9,20,0.5
"s5","s2",3.9953704083932,9,20,0.5
"s5","s2",4.06896763616944,9,20,0.5
"s5","s2",4.46030078361521,9,20,0.5
"s5","s2",5.66044611370175,9,20,0.5
"s5","s2",3.5288317029831,9,20,0.5
"s5","s2",4.19589390680272,9,20,0.5
"s5","s2",6.06733402107612,9,20,0.5
"s5","s2",5.14032876759761,9,20,0.5
"s5","s2",6.07268746716538,9,20,0.5
"s5","s2",4.72096493490631,9,20,0.5
"s5","s2",4.19657609125485,9,20,0.5
"s5","s2",4.96036901161634,9,20,0.5
"s5","s2",5.6916355315858,9,20,0.5
"s5","s2",3.38393779802225,9,20,0.5
"s5","s2",5.98345799780042,9,20,0.5
"s5","s2",5.49754551226038,9,20,0.5
"s5","s2",4.4774835402093,9,20,0.5
"s5","s2",3.88062245980735,9,20,0.5
"s5","s2",4.27336807621757,9,20,0.5
"s5","s2",5.0059001598541,9,20,0.5
"s5","s2",4.28701606969304,9,20,0.5
"s5","s2",3.79106060837992,9,20,0.5
"s5","s2",4.78479866604069,9,20,0.5
"s5","s2",3.38543117439846,9,20,0.5
"s5","s2",4.92203375508353,9,20,0.5
"s5","s2",4.65535093537225,9,20,0.5
"s5","s2",4.86146917910632,9,20,0.5
"s5","s2",3.93439592198073,9,20,0.5
"s5","s2",5.21697127861852,9,20,0.5
"s5","s2",4.86735514982925,9,20,0.5
"s5","s2",5.12995221398164,9,20,0.5
"s5","s2",4.33648570104836,9,20,0.5
"s5","s2",4.33648570104836,9,20,0.5
"s5","s2",5.27207393936433,9,20,0.5
"s5","s2",5.20034808281633,9,20,0.5
"s5","s2",5.04712315266407,9,20,0.5
"s5","s2",4.46603300677881,9,20,0.5
"s5","s2",5.20101307667298,9,20,0.5
"s5","s2",4.46603300677881,9,20,0.5
"s5","s2",5.15070532121358,9,20,0.5
"s5","s2",4.66375109294257,9,20,0.5
"s5","s2",3.17849640983536,9,20,0.5
"s5","s2",5.98345799780042,9,20,0.5
"s5","s2",4.6955233552462,9,20,0.5
"s5","s2",4.92561526106751,9,20,0.5
"s5","s2",3.86954981604569,9,20,0.5
"s5","s2",4.79144698223324,9,20,0.5
"s5","s2",5.43706183903091,9,20,0.5
"s5","s2",5.38472318965174,9,20,0.5
"s5","s2",3.62150237347843,9,20,0.5
"s5","s2",4.86693671817109,9,20,0.5
"s5","s2",4.31830415444153,9,20,0.5
"s5","s2",4.61539808310946,9,20,0.5
"s5","s2",3.92871269351059,9,20,0.5
"s5","s2",4.25207894880409,9,20,0.5
"s5","s2",3.51425066347928,9,20,0.5
"s5","s2",4.25020846707509,9,20,0.5
"s5","s2",3.30991075622565,9,20,0.5
"s5","s2",3.26157143004471,9,20,0.5
"s5","s2",3.2413931728908,9,20,0.5
"s5","s2",3.95214455910364,9,20,0.5
"s5","s2",3.49154717151438,9,20,0.5
"s5","s2",4.67074674072038,9,20,0.5
"s5","s2",4.50530765042249,9,20,0.5
"s5","s2",4.37850382790131,9,20,0.5
"s5","s2",3.35109358520571,9,20,0.5
"s5","s2",5.35424956905869,9,20,0.5
"s5","s2",3.3884305511451,9,20,0.5
"s5","s2",6.24606269593984,9,20,0.5
"s5","s2",4.91901452596674,9,20,0.5
"s5","s2",5.41242378117158,9,20,0.5
"s5","s2",5.13453224463716,9,20,0.5
"s5","s2",6.68548097567769,9,20,0.5
"s5","s2",4.72007480070647,9,20,0.5
"s5","s2",4.19301008727435,9,20,0.5
"s5","s2",4.51192865109557,9,20,0.5
"s5","s2",4.72096493490631,9,20,0.5
"s5","s2",3.94047405349875,9,20,0.5
"s5","s2",6.41737536922532,9,20,0.5
"s5","s2",3.18457735559612,9,20,0.5
"s5","s2",4.46316689519701,9,20,0.5
"s5","s2",4.0096122206602,9,20,0.5
"s5","s2",4.5833651570347,9,20,0.5
"s5","s2",5.63329123791236,9,20,0.5
"s5","s2",3.85157782706452,9,20,0.5
"s5","s2",2.92954827025483,9,20,0.5
"s5","s2",4.01269690390532,9,20,0.5
"s5","s2",5.46893193048103,9,20,0.5
"s5","s2",2.3930032758446,9,20,0.5
"s5","s2",3.40002246692606,9,20,0.5
"s5","s2",4.84533036228092,9,20,0.5
"s5","s2",5.0075981643789,9,20,0.5
"s5","s2",3.71257140071415,9,20,0.5
"s5","s2",4.46603300677881,9,20,0.5
"s5","s2",4.89090720225312,9,20,0.5
"s5","s2",4.86146917910632,9,20,0.5
"s5","s2",5.41242378117158,9,20,0.5
"s5","s2",4.69076933535698,9,20,0.5
"s5","s2",4.82645808066978,9,20,0.5
"s5","s2",4.27177433064412,9,20,0.5
"s5","s2",4.42321126471622,9,20,0.5
"s5","s2",3.79844262223454,9,20,0.5
"s5","s2",3.80873731799959,9,20,0.5
"s5","s2",4.98974478436151,9,20,0.5
"s5","s2",5.17143793727065,9,20,0.5
"s5","s2",5.58332345390274,9,20,0.5
"s5","s2",4.0113982909518,9,20,0.5
"s5","s2",5.92719246634505,9,20,0.5
"s5","s2",5.43039709825904,9,20,0.5
"s5","s2",4.86693671817109,9,20,0.5
"s5","s2",3.27261424671909,9,20,0.5
"s5","s2",4.73164008456177,9,20,0.5
"s5","s2",4.342962290375,9,20,0.5
"s5","s2",4.482226828599,9,20,0.5
"s5","s2",3.22320459378097,9,20,0.5
"s5","s2",4.40409511468734,9,20,0.5
"s5","s2",4.46603300677881,9,20,0.5
"s5","s2",4.14485398630704,9,20,0.5
"s5","s2",4.40922848875089,9,20,0.5
"s5","s2",5.28569303744209,9,20,0.5
"s5","s2",3.46354839722845,9,20,0.5
"s5","s2",4.78479866604069,9,20,0.5
"s5","s2",3.4483529706855,9,20,0.5
"s5","s2",3.88062245980735,9,20,0.5
"s5","s2",4.58780410551061,9,20,0.5
"s5","s2",4.09435555015,9,20,0.5
"s5","s2",5.02843630270251,9,20,0.5
"s5","s2",3.29360046261566,9,20,0.5
"s5","s2",4.08585386982056,9,20,0.5
"s5","s2",4.82645808066978,9,20,0.5
"s5","s2",5.59305974518198,9,20,0.5
"s5","s2",4.38038952265364,9,20,0.5
"s5","s2",3.61883540467857,9,20,0.5
"s5","s2",4.38038952265364,9,20,0.5
"s5","s2",5.98345799780042,9,20,0.5
"s5","s2",5.30165729504595,9,20,0.5
"s5","s2",4.47654051128016,9,20,0.5
"s5","s2",6.30088864337259,9,20,0.5
"s5","s2",4.25031371634987,9,20,0.5
"s5","s2",3.45521315725085,9,20,0.5
"s5","s2",4.75016745964241,9,20,0.5
"s5","s2",4.84533036228092,9,20,0.5
"s5","s2",3.38393779802225,9,20,0.5
"s5","s2",5.23571136162175,9,20,0.5
"s5","s2",4.78479866604069,9,20,0.5
"s5","s2",2.91559781808435,9,20,0.5
"s5","s2",3.95180178065738,9,20,0.5
"s5","s2",3.75908217019859,9,20,0.5
"s5","s2",3.5482545993682,9,20,0.5
"s5","s2",4.20839600929633,9,20,0.5
"s5","s2",6.31998412020254,9,20,0.5
"s5","s2",5.93433320962812,9,20,0.5
"s5","s2",4.35184166544142,9,20,0.5
"s5","s2",3.88062245980735,9,20,0.5
"s5","s2",4.14485398630704,9,20,0.5
"s5","s2",4.25020846707509,9,20,0.5
"s5","s2",4.40349247634243,9,20,0.5
"s5","s2",4.04659025784228,9,20,0.5
"s5","s2",4.06896763616944,9,20,0.5
"s5","s2",4.14485398630704,9,20,0.5
"s5","s2",5.3989089136702,9,20,0.5
"s5","s2",3.45271169083043,9,20,0.5
"s5","s2",4.18726022622578,9,20,0.5
"s5","s2",4.85208185651696,9,20,0.5
"s5","s2",4.78812282413696,9,20,0.5
"s5","s2",4.56869704945489,9,20,0.5
"s5","s2",4.43054140740995,9,20,0.5
"s5","s2",5.27207393936433,9,20,0.5
"s5","s2",4.55971035327061,9,20,0.5
"s5","s2",5.4392991652006,9,20,0.5
"s5","s2",4.03405374526907,9,20,0.5
"s5","s2",4.54346246124688,9,20,0.5
"s5","s2",3.64370048090023,9,20,0.5
"s5","s2",2.83561047724803,9,20,0.5
"s5","s2",4.53627659646822,9,20,0.5
"s5","s2",4.55830103642522,9,20,0.5
"s5","s2",3.62421252845311,9,20,0.5
"s5","s2",4.08536767410847,9,20,0.5
"s5","s2",3.3559146690096,9,20,0.5
"s5","s2",4.14485398630704,9,20,0.5
"s5","s2",4.55971035327061,9,20,0.5
"s5","s2",5.19320834141766,9,20,0.5
"s5","s2",4.64019052793651,9,20,0.5
"s5","s2",4.80726894060647,9,20,0.5
"s5","s2",4.79654084933641,9,20,0.5
"s5","s2",3.97479504798839,9,20,0.5
"s5","s2",4.79654084933641,9,20,0.5
"s5","s2",3.69743656164332,9,20,0.5
"s5","s2",4.55935871528781,9,20,0.5
"s5","s2",3.51939183871505,9,20,0.5
"s5","s2",3.53342240824019,9,20,0.5
"s5","s2",3.21258268468974,9,20,0.5
"s5","s2",4.86693671817109,9,20,0.5
"s5","s2",3.881882045157,9,20,0.5
"s5","s2",4.72839319952199,9,20,0.5
"s5","s2",4.79144698223324,9,20,0.5
"s5","s2",4.68859140601214,9,20,0.5
"s5","s2",5.80002758138468,9,20,0.5
"s5","s2",4.86693671817109,9,20,0.5
"s5","s2",4.38101385235169,9,20,0.5
"s5","s2",4.60891406194098,9,20,0.5
"s5","s2",5.84414614754467,9,20,0.5
"s5","s2",5.26713121269631,9,20,0.5
"s5","s2",4.91271673080069,9,20,0.5
"s5","s2",4.27177433064412,9,20,0.5
"s5","s2",4.79144698223324,9,20,0.5
"s5","s2",4.61735681207222,9,20,0.5
"s5","s2",3.90457100355462,9,20,0.5
"s5","s2",4.38038952265364,9,20,0.5
"s5","s2",3.38511243793695,9,20,0.5
"s5","s2",5.12629319881693,9,20,0.5
"s5","s2",4.91901452596674,9,20,0.5
"s5","s2",4.0096122206602,9,20,0.5
"s5","s2",4.38556588244391,9,20,0.5
"s5","s2",4.14485398630704,9,20,0.5
"s5","s2",4.79144698223324,9,20,0.5
"s5","s2",4.75609535420534,9,20,0.5
"s5","s2",5.88549627526255,9,20,0.5
"s5","s2",3.4894602963561,9,20,0.5
"s5","s2",4.21379110218093,9,20,0.5
"s5","s2",2.42606036045509,9,20,0.5
"s5","s2",4.82234543828502,9,20,0.5
"s5","s2",4.0238795215968,9,20,0.5
"s5","s2",3.59920525445997,9,20,0.5
"s5","s2",2.32950519659276,9,20,0.5
"s5","s2",5.0527678450766,9,20,0.5
"s5","s2",5.98345799780042,9,20,0.5
"s5","s2",2.92021415241904,9,20,0.5
"s5","s2",3.43488044590729,9,20,0.5
"s5","s2",4.77377116821929,9,20,0.5
"s5","s2",6.2304927745379,9,20,0.5
"s5","s2",4.50807691630078,9,20,0.5
"s5","s2",5.22565148334863,9,20,0.5
"s5","s2",4.31354040745302,9,20,0.5
"s5","s2",4.34128834518611,9,20,0.5
"s5","s2",3.55128544223653,9,20,0.5
"s5","s2",4.2365889471326,9,20,0.5
"s5","s2",3.1325915164009,9,20,0.5
"s5","s2",4.84713240226372,9,20,0.5
"s5","s2",4.43054140740995,9,20,0.5
"s5","s2",5.08260119263536,9,20,0.5
"s5","s2",4.55971035327061,9,20,0.5
"s5","s2",4.58780410551061,9,20,0.5
"s5","s2",3.85314051262208,9,20,0.5
"s5","s2",4.48989682291919,9,20,0.5
"s5","s2",4.62078993716048,9,20,0.5
"s5","s2",4.0238795215968,9,20,0.5
"s5","s2",4.18726022622578,9,20,0.5
"s5","s2",4.69158073744364,9,20,0.5
"s5","s2",5.03889765254418,9,20,0.5
"s5","s2",5.90209003345159,9,20,0.5
"s5","s2",3.55491253265278,9,20,0.5
"s5","s2",4.60891406194098,9,20,0.5
"s5","s2",4.02673466732658,9,20,0.5
"s5","s2",5.11963955557177,9,20,0.5
"s5","s2",5.06388399015552,9,20,0.5
"s5","s2",4.84533036228092,9,20,0.5
"s5","s2",4.38038952265364,9,20,0.5
"s5","s2",3.17820251622377,9,20,0.5
"s5","s2",5.10485453688254,9,20,0.5
"s5","s2",4.74603210229131,9,20,0.5
"s5","s2",3.2456920806317,9,20,0.5
"s5","s2",5.29770501598289,9,20,0.5
"s5","s2",4.71683526444751,9,20,0.5
"s5","s2",4.78479866604069,9,20,0.5
"s5","s2",4.46603300677881,9,20,0.5
"s5","s2",5.10485453688254,9,20,0.5
"s5","s2",5.10485453688254,9,20,0.5
"s5","s2",4.51000556844291,9,20,0.5
"s5","s2",4.74899119103669,9,20,0.5
"s5","s2",4.18726022622578,9,20,0.5
"s5","s2",3.12211928791597,9,20,0.5
"s5","s2",4.93762278192856,9,20,0.5
"s5","s2",4.86146917910632,9,20,0.5
"s5","s2",4.28701606969304,9,20,0.5
"s5","s2",5.18408726144918,9,20,0.5
"s5","s2",5.98443023773344,9,20,0.5
"s5","s2",4.77377116821929,9,20,0.5
"s5","s2",3.26157143004471,9,20,0.5
"s5","s2",3.02077343160568,9,20,0.5
"s5","s2",4.73479847625945,9,20,0.5
"s5","s2",6.49073879173932,9,20,0.5
"s5","s2",4.70653539984013,9,20,0.5
"s5","s2",5.10485453688254,9,20,0.5
"s5","s2",6.1542325417545,9,20,0.5
"s5","s2",4.73865324170817,9,20,0.5
"s5","s2",5.25094664311763,9,20,0.5
"s5","s2",5.23571136162175,9,20,0.5
"s5","s2",3.51425066347928,9,20,0.5
"s5","s2",4.40188216612811,9,20,0.5
"s5","s2",4.61539808310946,9,20,0.5
"s5","s2",5.87066571832777,9,20,0.5
"s5","s2",4.31759483559486,9,20,0.5
"s5","s2",5.27207393936433,9,20,0.5
"s5","s2",4.77096999452246,9,20,0.5
"s5","s2",3.25700370980494,9,20,0.5
"s5","s2",6.24606269593984,9,20,0.5
"s5","s2",3.34601138701859,9,20,0.5
"s5","s2",5.12887707172625,9,20,0.5
"s5","s2",3.799153947211,9,20,0.5
"s5","s2",2.86295587855567,9,20,0.5
"s5","s2",3.89925351617752,9,20,0.5
"s5","s2",3.13989113873783,9,20,0.5
"s5","s2",3.02711761694993,9,20,0.5
"s5","s2",4.79144698223324,9,20,0.5
"s5","s2",4.85523075409999,9,20,0.5
"s5","s2",3.04018839028212,9,20,0.5
"s5","s2",5.10485453688254,9,20,0.5
"s5","s2",4.40922848875089,9,20,0.5
"s5","s2",4.60891406194098,9,20,0.5
"s5","s2",3.35656833166207,9,20,0.5
"s5","s2",4.69641550425495,9,20,0.5
"s5","s2",3.70805060327333,9,20,0.5
"s5","s2",3.43155422513397,9,20,0.5
"s5","s2",3.14433549255936,9,20,0.5
"s5","s2",3.78193352530861,9,20,0.5
"s5","s2",4.56957510989719,9,20,0.5
"s5","s2",4.8231339225735,9,20,0.5
"s5","s2",4.18726022622578,9,20,0.5
"s5","s2",5.42374521426778,9,20,0.5
"s5","s2",4.68078466451913,9,20,0.5
"s5","s2",5.16420995239178,9,20,0.5
"s5","s2",4.38038952265364,9,20,0.5
"s5","s2",3.59498279468994,9,20,0.5
"s5","s2",4.52296650318269,9,20,0.5
"s5","s2",4.28648421973621,9,20,0.5
"s5","s2",5.82901981747501,9,20,0.5
"s5","s2",4.31759483559486,9,20,0.5
"s5","s2",5.41673133650582,9,20,0.5
"s5","s2",4.33158703038152,9,20,0.5
"s5","s2",4.8150645141608,9,20,0.5
"s5","s2",5.36466336288595,9,20,0.5
"s5","s2",5.23571136162175,9,20,0.5
"s5","s2",6.2824226912296,9,20,0.5
"s5","s2",3.81218359582717,9,20,0.5
"s5","s2",3.22109647041457,9,20,0.5
"s5","s2",3.2413931728908,9,20,0.5
"s5","s2",3.30716739603023,9,20,0.5
"s5","s2",4.4099011714307,9,20,0.5
"s5","s2",5.862726685086,9,20,0.5
"s5","s2",3.7786509649185,9,20,0.5
"s5","s2",3.9901668394898,9,20,0.5
"s5","s2",4.66818150900789,9,20,0.5
"s5","s2",4.60891406194098,9,20,0.5
"s5","s2",5.32409167591899,9,20,0.5
"s5","s2",4.18726022622578,9,20,0.5
"s5","s2",5.12995221398164,9,20,0.5
"s5","s2",5.46872897343469,9,20,0.5
"s5","s2",3.92898217143598,9,20,0.5
"s5","s2",5.30165729504595,9,20,0.5
"s5","s2",4.8080504421377,9,20,0.5
"s5","s2",4.84088281205507,9,20,0.5
"s5","s2",3.73257250433886,9,20,0.5
"s5","s2",4.88051502406983,9,20,0.5
"s5","s2",5.83132745677181,9,20,0.5
"s5","s2",5.62274620121434,9,20,0.5
"s5","s2",4.50807691630078,9,20,0.5
"s5","s2",3.27726574842159,9,20,0.5
"s5","s2",4.32971847791299,9,20,0.5
"s5","s2",4.78105480404994,9,20,0.5
"s5","s2",4.54071554494413,9,20,0.5
"s5","s2",5.68602551876644,9,20,0.5
"s5","s2",4.74415926400513,9,20,0.5
"s5","s2",4.20589195628393,9,20,0.5
"s5","s2",3.17820251622377,9,20,0.5
"s5","s2",5.43052772458168,9,20,0.5
"s5","s2",4.63686636984023,9,20,0.5
"s5","s2",4.38106421889574,9,20,0.5
"s5","s2",3.62150237347843,9,20,0.5
"s5","s2",5.98443023773344,9,20,0.5
"s5","s2",4.6857467186574,9,20,0.5
"s5","s2",3.76910425891619,9,20,0.5
"s5","s2",4.4741299176889,9,20,0.5
"s5","s2",5.16420995239178,9,20,0.5
"s5","s2",6.02305747591829,9,20,0.5
"s5","s2",3.55865176096131,9,20,0.5
"s5","s2",3.98343852904528,9,20,0.5
"s5","s2",4.44651459416356,9,20,0.5
"s5","s2",3.47763433981582,9,20,0.5
"s5","s2",4.78443995381684,9,20,0.5
"s5","s2",5.94942638943053,9,20,0.5
"s5","s2",4.77743292540043,9,20,0.5
"s5","s2",5.36202800649136,9,20,0.5
"s5","s2",5.08495013642444,9,20,0.5
"s5","s2",4.1915868695754,9,20,0.5
"s5","s2",4.77743292540043,9,20,0.5
"s5","s2",5.18583013781308,9,20,0.5
"s5","s2",2.86295587855567,9,20,0.5
"s5","s2",4.19961684024741,9,20,0.5
"s5","s2",4.79443180853479,9,20,0.5
"s5","s2",5.49055549508325,9,20,0.5
"s5","s2",6.50587417874462,9,20,0.5
"s5","s2",3.49154717151438,9,20,0.5
"s5","s2",3.25455520667526,9,20,0.5
"s5","s2",6.2296448436804,9,20,0.5
"s5","s2",3.7559587952129,9,20,0.5
"s5","s2",5.8677429628903,9,20,0.5
"s5","s2",6.30088864337259,9,20,0.5
"s5","s2",3.15574968876564,9,20,0.5
"s5","s2",4.46603300677881,9,20,0.5
"s5","s2",3.2413931728908,9,20,0.5
"s5","s2",5.04859027036403,9,20,0.5
"s5","s2",6.53107143065364,9,20,0.5
"s5","s2",4.19072146671982,9,20,0.5
"s5","s2",5.8411418372683,9,20,0.5
"s5","s2",4.46508997784967,9,20,0.5
"s5","s2",3.93306830538526,9,20,0.5
"s5","s2",4.25459085258513,9,20,0.5
"s5","s2",4.37652603874075,9,20,0.5
"s5","s2",3.71257140071415,9,20,0.5
"s5","s2",4.65772473089056,9,20,0.5
"s5","s2",4.56021012791176,9,20,0.5
"s5","s2",4.63537450924085,9,20,0.5
"s5","s2",4.4099011714307,9,20,0.5
"s5","s2",3.21258268468974,9,20,0.5
"s5","s2",3.9029065234527,9,20,0.5
"s5","s2",4.92144842870402,9,20,0.5
"s5","s2",5.4392991652006,9,20,0.5
"s5","s2",3.98254549389948,9,20,0.5
"s5","s2",4.9569147492328,9,20,0.5
"s5","s2",5.35424956905869,9,20,0.5
"s5","s2",4.09435555015,9,20,0.5
"s5","s2",4.61539808310946,9,20,0.5
"s5","s2",4.67250439697622,9,20,0.5
"s5","s2",3.73410420105606,9,20,0.5
"s5","s2",4.482226828599,9,20,0.5
"s5","s2",8.15449476379402,9,20,0.5
"s5","s2",3.2413931728908,9,20,0.5
"s5","s2",4.86146917910632,9,20,0.5
"s5","s2",5.75493690734544,9,20,0.5
"s5","s2",3.67201288543543,9,20,0.5
"s5","s2",5.10485453688254,9,20,0.5
"s5","s2",5.50350575867398,9,20,0.5
"s5","s2",2.69774754500124,9,20,0.5
"s5","s2",4.31759483559486,9,20,0.5
"s5","s2",4.79144698223324,9,20,0.5
"s5","s2",4.97782846731251,9,20,0.5
"s5","s2",3.99624783571094,9,20,0.5
"s5","s2",3.25497322443081,9,20,0.5
"s5","s2",4.84088281205507,9,20,0.5
"s5","s2",4.55830103642522,9,20,0.5
"s5","s2",4.25020846707509,9,20,0.5
"s5","s2",4.60753064432143,9,20,0.5
"s5","s2",5.88129406806191,9,20,0.5
"s5","s2",4.43763074776485,9,20,0.5
"s5","s2",4.17177297532798,9,20,0.5
"s5","s2",4.40922848875089,9,20,0.5
"s5","s2",4.70009837457507,9,20,0.5
"s5","s2",4.30698481596729,9,20,0.5
"s5","s2",4.69685636399083,9,20,0.5
"s5","s2",4.79654084933641,9,20,0.5
"s5","s2",3.29116118086114,9,20,0.5
"s5","s2",3.06053944634996,9,20,0.5
"s5","s2",3.14986593183451,9,20,0.5
"s5","s2",4.09435555015,9,20,0.5
"s5","s2",4.65535093537225,9,20,0.5
"s5","s2",4.8231339225735,9,20,0.5
"s5","s2",3.6103538139692,9,20,0.5
"s5","s2",3.26157143004471,9,20,0.5
"s5","s2",4.04471129576926,9,20,0.5
"s5","s2",4.71400099573603,9,20,0.5
"s5","s2",3.98816938415411,9,20,0.5
"s5","s2",4.4741299176889,9,20,0.5
"s5","s2",4.77066262586665,9,20,0.5
"s5","s2",3.27261424671909,9,20,0.5
"s5","s2",4.01269690390532,9,20,0.5
"s5","s2",4.61539808310946,9,20,0.5
"s5","s2",4.52622561609986,9,20,0.5
"s5","s2",5.40154939651448,9,20,0.5
"s5","s2",3.98816938415411,9,20,0.5
"s5","s2",4.16462043197372,9,20,0.5
"s5","s2",4.78479866604069,9,20,0.5
"s5","s2",4.342962290375,9,20,0.5
"s5","s2",4.37973584059461,9,20,0.5
"s5","s2",4.81628074778156,9,20,0.5
"s5","s2",3.11559964677992,9,20,0.5
"s5","s2",4.70653539984013,9,20,0.5
"s5","s2",4.38038952265364,9,20,0.5
"s5","s2",4.55971035327061,9,20,0.5
"s5","s2",3.28644325206351,9,20,0.5
"s5","s2",4.7872311332822,9,20,0.5
"s5","s2",4.61012115156294,9,20,0.5
"s5","s2",3.29624337904826,9,20,0.5
"s5","s2",3.34126945741321,9,20,0.5
"s5","s2",3.19813796605989,9,20,0.5
"s5","s2",4.75609535420534,9,20,0.5
"s5","s2",4.54173647761379,9,20,0.5
"s5","s2",4.61539808310946,9,20,0.5
"s5","s2",3.50546743649185,9,20,0.5
"s5","s2",4.20589195628393,9,20,0.5
"s5","s2",5.10171385126888,9,20,0.5
"s5","s2",3.49154717151438,9,20,0.5
"s5","s2",5.24482888307797,9,20,0.5
"s5","s2",3.92898217143598,9,20,0.5
"s5","s2",4.01269690390532,9,20,0.5
"s5","s2",4.04385711399296,9,20,0.5
"s5","s2",5.64139367111282,9,20,0.5
"s5","s2",4.81385823593627,9,20,0.5
"s5","s2",4.75858177458561,9,20,0.5
"s5","s2",3.60028103902386,9,20,0.5
"s5","s2",3.64167746119774,9,20,0.5
"s5","s2",4.6297415640063,9,20,0.5
"s5","s2",2.70013944998863,9,20,0.5
"s5","s2",4.36167590651432,9,20,0.5
"s5","s2",5.49055549508325,9,20,0.5
"s5","s2",5.59422538095652,9,20,0.5
"s5","s2",3.95547876713876,9,20,0.5
"s5","s2",3.2795287493913,9,20,0.5
"s5","s2",4.40666180171912,9,20,0.5
"s5","s2",4.08585386982056,9,20,0.5
"s5","s2",4.06896763616944,9,20,0.5
"s5","s2",4.77165518659567,9,20,0.5
"s5","s2",5.16420995239178,9,20,0.5
"s5","s2",2.92462709179859,9,20,0.5
"s5","s2",6.05040940209219,9,20,0.5
"s5","s2",4.31759483559486,9,20,0.5
"s5","s2",4.77066262586665,9,20,0.5
"s5","s2",5.35985747891405,9,20,0.5
"s5","s2",4.77743292540043,9,20,0.5
"s5","s2",3.38682350198714,9,20,0.5
"s5","s2",4.82645808066978,9,20,0.5
"s5","s2",4.50807691630078,9,20,0.5
"s5","s2",3.38393779802225,9,20,0.5
"s5","s2",4.82234543828502,9,20,0.5
"s5","s2",3.51425066347928,9,20,0.5
"s5","s2",5.35424956905869,9,20,0.5
"s5","s2",3.69246393770691,9,20,0.5
"s5","s2",3.59865858606643,9,20,0.5
"s5","s2",3.71257140071415,9,20,0.5
"s5","s2",3.42029921367538,9,20,0.5
"s5","s2",4.91271673080069,9,20,0.5
"s5","s2",4.70653539984013,9,20,0.5
"s5","s2",3.16644929216352,9,20,0.5
"s5","s2",3.32213913975353,9,20,0.5
"s5","s2",3.5288317029831,9,20,0.5
"s5","s2",4.48094837632975,9,20,0.5
"s5","s2",4.68078466451913,9,20,0.5
"s5","s2",3.08341107759328,9,20,0.5
"s5","s2",3.15574968876564,9,20,0.5
"s5","s2",2.58703540999997,9,20,0.5
"s5","s2",5.23571136162175,9,20,0.5
"s5","s2",3.87564925315732,9,20,0.5
"s5","s2",4.78178312817014,9,20,0.5
"s5","s2",3.86870614622369,9,20,0.5
"s5","s2",4.01269690390532,9,20,0.5
"s5","s2",3.71257140071415,9,20,0.5
"s5","s2",4.31759483559486,9,20,0.5
"s5","s2",3.59920525445997,9,20,0.5
"s5","s2",4.22124045170827,9,20,0.5
"s5","s2",3.50129327193271,9,20,0.5
"s5","s2",3.47469695673769,9,20,0.5
"s5","s2",3.17942133919956,9,20,0.5
"s5","s2",4.40188216612811,9,20,0.5
"s5","s2",4.88758304415685,9,20,0.5
"s5","s2",4.79144698223324,9,20,0.5
"s5","s2",3.28310735466737,9,20,0.5
"s5","s2",4.2897756187538,9,20,0.5
"s5","s2",4.3822435516382,9,20,0.5
"s5","s2",4.30257738496113,9,20,0.5
"s5","s2",4.43941282020775,9,20,0.5
"s5","s2",4.20213452212522,9,20,0.5
"s5","s2",3.31054183923275,9,20,0.5
"s5","s2",3.2413931728908,9,20,0.5
"s5","s2",3.42693814279234,9,20,0.5
"s5","s2",6.6076503352464,9,20,0.5
"s5","s2",4.53653050543076,9,20,0.5
"s5","s2",4.35537656650187,9,20,0.5
"s5","s2",4.60842287280409,9,20,0.5
"s5","s2",4.60652018615763,9,20,0.5
"s5","s2",3.37039816629667,9,20,0.5
"s5","s2",4.19364261673245,9,20,0.5
"s5","s2",4.46482632617387,9,20,0.5
"s5","s2",6.69956580848635,9,20,0.5
"s5","s2",4.92144842870402,9,20,0.5
"s5","s2",4.02121022577361,9,20,0.5
"s5","s2",4.58311526971412,9,20,0.5
"s5","s2",5.02965253632327,9,20,0.5
"s5","s2",3.80483587881627,9,20,0.5
"s5","s2",4.00468980496386,9,20,0.5
"s5","s2",4.91901452596674,9,20,0.5
"s5","s2",4.06896763616944,9,20,0.5
"s5","s2",2.51793002377333,9,20,0.5
"s5","s2",5.28124750343054,9,20,0.5
"s5","s2",3.88062245980735,9,20,0.5
"s5","s2",2.93392646737535,9,20,0.5
"s5","s2",3.51425066347928,9,20,0.5
"s5","s2",4.7872311332822,9,20,0.5
"s5","s2",4.15690386579331,9,20,0.5
"s5","s2",4.35537656650187,9,20,0.5
"s5","s2",4.25020846707509,9,20,0.5
"s5","s2",4.32265238824584,9,20,0.5
"s5","s2",4.09060636337452,9,20,0.5
"s5","s2",5.14620022982941,9,20,0.5
"s5","s2",4.9381694503221,9,20,0.5
"s5","s2",6.23941072435785,9,20,0.5
"s5","s2",4.66096674147479,9,20,0.5
"s5","s2",5.23571136162175,9,20,0.5
"s5","s2",4.38038952265364,9,20,0.5
"s5","s2",4.18115306568206,9,20,0.5
"s5","s3",3.27816655284034,9,20,0.5
"s5","s3",3.45741954641829,9,20,0.5
"s5","s3",3.71728859927147,9,20,0.5
"s5","s3",2.58131676291655,9,20,0.5
"s5","s3",2.83967277660562,9,20,0.5
"s5","s3",3.79900544253183,9,20,0.5
"s5","s3",3.12194462316193,9,20,0.5
"s5","s3",2.16488267049728,9,20,0.5
"s5","s3",3.34310569837654,9,20,0.5
"s5","s3",3.39913601364029,9,20,0.5
"s5","s3",2.87093650732236,9,20,0.5
"s5","s3",3.59559130889721,9,20,0.5
"s5","s3",2.48873702637681,9,20,0.5
"s5","s3",3.45037247335278,9,20,0.5
"s5","s3",3.06067193241431,9,20,0.5
"s5","s3",3.55538078905145,9,20,0.5
"s5","s3",3.65326925477091,9,20,0.5
"s5","s3",3.81726472828704,9,20,0.5
"s5","s3",3.30189791094535,9,20,0.5
"s5","s3",3.04746103481293,9,20,0.5
"s5","s3",2.73872826486955,9,20,0.5
"s5","s3",3.78929840373803,9,20,0.5
"s5","s3",2.85932511210721,9,20,0.5
"s5","s3",3.5412051647152,9,20,0.5
"s5","s3",3.13953954701842,9,20,0.5
"s5","s3",4.01194552069406,9,20,0.5
"s5","s3",3.43724531850348,9,20,0.5
"s5","s3",2.98296147643942,9,20,0.5
"s5","s3",3.26130470282347,9,20,0.5
"s5","s3",3.73913301437537,9,20,0.5
"s5","s3",3.00036114270588,9,20,0.5
"s5","s3",2.69827754905725,9,20,0.5
"s5","s3",3.88220686799817,9,20,0.5
"s5","s3",2.49262646597147,9,20,0.5
"s5","s3",3.47876480423426,9,20,0.5
"s5","s3",2.63035915280426,9,20,0.5
"s5","s3",4.48081777962916,9,20,0.5
"s5","s3",2.77916156532093,9,20,0.5
"s5","s3",3.32218312933944,9,20,0.5
"s5","s3",3.81243037046569,9,20,0.5
"s5","s3",2.82811476525978,9,20,0.5
"s5","s3",4.19481139912718,9,20,0.5
"s5","s3",3.64065704860463,9,20,0.5
"s5","s3",3.63558969331423,9,20,0.5
"s5","s3",4.18177840727115,9,20,0.5
"s5","s3",3.45037247335278,9,20,0.5
"s5","s3",3.1269587030858,9,20,0.5
"s5","s3",4.01139885230052,9,20,0.5
"s5","s3",2.7159848918751,9,20,0.5
"s5","s3",2.22739127145039,9,20,0.5
"s5","s3",3.7487793412458,9,20,0.5
"s5","s3",2.82811476525978,9,20,0.5
"s5","s3",2.89049750246218,9,20,0.5
"s5","s3",4.33892027936345,9,20,0.5
"s5","s3",3.72253556802657,9,20,0.5
"s5","s3",3.97172000125979,9,20,0.5
"s5","s3",3.62532295092383,9,20,0.5
"s5","s3",4.77348405717521,9,20,0.5
"s5","s3",3.71594413030893,9,20,0.5
"s5","s3",2.59257922891318,9,20,0.5
"s5","s3",5.82516404740567,9,20,0.5
"s5","s3",3.36925058492806,9,20,0.5
"s5","s3",3.18817841231011,9,20,0.5
"s5","s3",3.06732024860686,9,20,0.5
"s5","s3",3.48405733252231,9,20,0.5
"s5","s3",3.32670065033384,9,20,0.5
"s5","s3",3.04058516998999,9,20,0.5
"s5","s3",3.05433689963587,9,20,0.5
"s5","s3",3.82015028683305,9,20,0.5
"s5","s3",3.04058516998999,9,20,0.5
"s5","s3",3.56665128678202,9,20,0.5
"s5","s3",4.18177840727115,9,20,0.5
"s5","s3",3.47797536536815,9,20,0.5
"s5","s3",2.37140275644916,9,20,0.5
"s5","s3",2.32834770241349,9,20,0.5
"s5","s3",2.50059245010983,9,20,0.5
"s5","s3",4.03098442283505,9,20,0.5
"s5","s3",3.9001424948188,9,20,0.5
"s5","s3",3.15308006763146,9,20,0.5
"s5","s3",2.81128044572415,9,20,0.5
"s5","s3",3.13825985522521,9,20,0.5
"s5","s3",3.13589167595648,9,20,0.5
"s5","s3",3.10414215860422,9,20,0.5
"s5","s3",4.40686792590905,9,20,0.5
"s5","s3",3.84321438931428,9,20,0.5
"s5","s3",4.07067437828822,9,20,0.5
"s5","s3",2.98141007133044,9,20,0.5
"s5","s3",3.45037247335278,9,20,0.5
"s5","s3",3.27410896434228,9,20,0.5
"s5","s3",3.43724531850348,9,20,0.5
"s5","s3",4.27709711489495,9,20,0.5
"s5","s3",3.34940526946114,9,20,0.5
"s5","s3",3.47876480423426,9,20,0.5
"s5","s3",2.78768146480841,9,20,0.5
"s5","s3",3.09158161198489,9,20,0.5
"s5","s3",4.42123666390084,9,20,0.5
"s5","s3",2.54903043086883,9,20,0.5
"s5","s3",3.06732024860686,9,20,0.5
"s5","s3",3.65984243635659,9,20,0.5
"s5","s3",4.08299639036612,9,20,0.5
"s5","s3",2.95682383123812,9,20,0.5
"s5","s3",2.86034033222019,9,20,0.5
"s5","s3",3.06732024860686,9,20,0.5
"s5","s3",4.02603967387843,9,20,0.5
"s5","s3",3.29023519588336,9,20,0.5
"s5","s3",3.2720903429467,9,20,0.5
"s5","s3",3.12194462316193,9,20,0.5
"s5","s3",2.59257922891318,9,20,0.5
"s5","s3",4.41450095440694,9,20,0.5
"s5","s3",3.31893295665771,9,20,0.5
"s5","s3",3.57539198565226,9,20,0.5
"s5","s3",3.32968685754841,9,20,0.5
"s5","s3",4.81813281174166,9,20,0.5
"s5","s3",3.46942115757369,9,20,0.5
"s5","s3",3.00036114270588,9,20,0.5
"s5","s3",3.75884465160455,9,20,0.5
"s5","s3",3.85701018498171,9,20,0.5
"s5","s3",2.87711824634923,9,20,0.5
"s5","s3",4.38475521620182,9,20,0.5
"s5","s3",2.91375824938495,9,20,0.5
"s5","s3",3.06067193241431,9,20,0.5
"s5","s3",2.32685345241534,9,20,0.5
"s5","s3",3.41759298300189,9,20,0.5
"s5","s3",3.71789362977215,9,20,0.5
"s5","s3",3.31422395896771,9,20,0.5
"s5","s3",4.27232663161446,9,20,0.5
"s5","s3",2.4803786147984,9,20,0.5
"s5","s3",3.66687470058084,9,20,0.5
"s5","s3",2.98501405238737,9,20,0.5
"s5","s3",2.85932511210721,9,20,0.5
"s5","s3",3.51035657059665,9,20,0.5
"s5","s3",3.70041149795174,9,20,0.5
"s5","s3",3.1367815789834,9,20,0.5
"s5","s3",5.01384153217875,9,20,0.5
"s5","s3",3.094098960674,9,20,0.5
"s5","s3",2.8386866393428,9,20,0.5
"s5","s3",3.28116276941503,9,20,0.5
"s5","s3",3.1998477180991,9,20,0.5
"s5","s3",3.71594413030893,9,20,0.5
"s5","s3",3.76883589212661,9,20,0.5
"s5","s3",3.6822279826496,9,20,0.5
"s5","s3",3.43552441554133,9,20,0.5
"s5","s3",2.59257922891318,9,20,0.5
"s5","s3",3.31405648822766,9,20,0.5
"s5","s3",4.08299639036612,9,20,0.5
"s5","s3",3.3986385415466,9,20,0.5
"s5","s3",3.71341198340834,9,20,0.5
"s5","s3",2.91375824938495,9,20,0.5
"s5","s3",3.94426344916329,9,20,0.5
"s5","s3",3.52761631331302,9,20,0.5
"s5","s3",2.94613730829255,9,20,0.5
"s5","s3",3.17312086562222,9,20,0.5
"s5","s3",3.89096321220903,9,20,0.5
"s5","s3",3.81726472828704,9,20,0.5
"s5","s3",2.86251934755455,9,20,0.5
"s5","s3",4.05460405948464,9,20,0.5
"s5","s3",3.39975793389265,9,20,0.5
"s5","s3",3.72448506748979,9,20,0.5
"s5","s3",3.67361907326743,9,20,0.5
"s5","s3",3.39539019026946,9,20,0.5
"s5","s3",3.10010573971636,9,20,0.5
"s5","s3",2.91375824938495,9,20,0.5
"s5","s3",4.17822108465275,9,20,0.5
"s5","s3",3.07424677244339,9,20,0.5
"s5","s3",3.60838364747705,9,20,0.5
"s5","s3",3.75264254542699,9,20,0.5
"s5","s3",3.06732024860686,9,20,0.5
"s5","s3",3.59559130889721,9,20,0.5
"s5","s3",3.17417786839284,9,20,0.5
"s5","s3",2.9577468409109,9,20,0.5
"s5","s3",3.42559563184646,9,20,0.5
"s5","s3",2.06545311912056,9,20,0.5
"s5","s3",2.92367111944429,9,20,0.5
"s5","s3",3.16777755032846,9,20,0.5
"s5","s3",3.41759298300189,9,20,0.5
"s5","s3",3.91820770272594,9,20,0.5
"s5","s3",3.06142621713068,9,20,0.5
"s5","s3",2.83508858004028,9,20,0.5
"s5","s3",3.39539019026946,9,20,0.5
"s5","s3",3.73882691651859,9,20,0.5
"s5","s3",5.1617641010469,9,20,0.5
"s5","s3",3.32218312933944,9,20,0.5
"s5","s3",3.58879871222689,9,20,0.5
"s5","s3",2.81218012880091,9,20,0.5
"s5","s3",3.72891278343647,9,20,0.5
"s5","s3",3.31235138161156,9,20,0.5
"s5","s3",3.79900544253183,9,20,0.5
"s5","s3",3.86665702395578,9,20,0.5
"s5","s3",2.83394930534523,9,20,0.5
"s5","s3",4.02368256269179,9,20,0.5
"s5","s3",3.26448831862611,9,20,0.5
"s5","s3",2.77071709748687,9,20,0.5
"s5","s3",3.41071537893785,9,20,0.5
"s5","s3",3.10414215860422,9,20,0.5
"s5","s3",2.68186958996551,9,20,0.5
"s5","s3",3.85590517512613,9,20,0.5
"s5","s3",3.54136197353425,9,20,0.5
"s5","s3",3.04058516998999,9,20,0.5
"s5","s3",4.08299639036612,9,20,0.5
"s5","s3",5.07810788753798,9,20,0.5
"s5","s3",2.68098196598113,9,20,0.5
"s5","s3",2.48873702637681,9,20,0.5
"s5","s3",3.36925058492806,9,20,0.5
"s5","s3",3.65029056943747,9,20,0.5
"s5","s3",3.46165638864535,9,20,0.5
"s5","s3",3.08538474565669,9,20,0.5
"s5","s3",2.91375824938495,9,20,0.5
"s5","s3",3.26085698558775,9,20,0.5
"s5","s3",4.61999311949583,9,20,0.5
"s5","s3",3.61009361497047,9,20,0.5
"s5","s3",3.06732024860686,9,20,0.5
"s5","s3",2.73586872178524,9,20,0.5
"s5","s3",4.01139885230052,9,20,0.5
"s5","s3",2.56080263609563,9,20,0.5
"s5","s3",2.9905392489959,9,20,0.5
"s5","s3",3.94744004621914,9,20,0.5
"s5","s3",3.30699310650278,9,20,0.5
"s5","s3",3.16036511389115,9,20,0.5
"s5","s3",2.92962404359263,9,20,0.5
"s5","s3",3.61009361497047,9,20,0.5
"s5","s3",3.00036114270588,9,20,0.5
"s5","s3",3.37509609580301,9,20,0.5
"s5","s3",3.45228630246485,9,20,0.5
"s5","s3",3.50307943526706,9,20,0.5
"s5","s3",2.59257922891318,9,20,0.5
"s5","s3",3.91820770272594,9,20,0.5
"s5","s3",4.274998720322,9,20,0.5
"s5","s3",2.64821320940928,9,20,0.5
"s5","s3",2.70176141836812,9,20,0.5
"s5","s3",4.29202008866337,9,20,0.5
"s5","s3",2.83967277660562,9,20,0.5
"s5","s3",3.59559130889721,9,20,0.5
"s5","s3",2.97499269435311,9,20,0.5
"s5","s3",3.06732024860686,9,20,0.5
"s5","s3",3.44945085357442,9,20,0.5
"s5","s3",2.93358398950362,9,20,0.5
"s5","s3",4.37586127720856,9,20,0.5
"s5","s3",2.90807447167266,9,20,0.5
"s5","s3",2.85482174940749,9,20,0.5
"s5","s3",3.94695573985986,9,20,0.5
"s5","s3",3.1492920603575,9,20,0.5
"s5","s3",3.62532295092383,9,20,0.5
"s5","s3",3.00036114270588,9,20,0.5
"s5","s3",3.72524141378753,9,20,0.5
"s5","s3",3.16321321049852,9,20,0.5
"s5","s3",2.75558758011882,9,20,0.5
"s5","s3",3.54926419101742,9,20,0.5
"s5","s3",2.94157113415238,9,20,0.5
"s5","s3",2.32834770241349,9,20,0.5
"s5","s3",4.20374911481245,9,20,0.5
"s5","s3",2.3050061363049,9,20,0.5
"s5","s3",5.07347438465879,9,20,0.5
"s5","s3",3.23013437762841,9,20,0.5
"s5","s3",2.98141007133044,9,20,0.5
"s5","s3",3.15477989235016,9,20,0.5
"s5","s3",4.35636288532034,9,20,0.5
"s5","s3",4.02603967387843,9,20,0.5
"s5","s3",3.71728859927147,9,20,0.5
"s5","s3",2.99278865241273,9,20,0.5
"s5","s3",2.51730625708396,9,20,0.5
"s5","s3",3.64692385507109,9,20,0.5
"s5","s3",3.18817841231011,9,20,0.5
"s5","s3",3.71984312923537,9,20,0.5
"s5","s3",3.44279212171987,9,20,0.5
"s5","s3",3.94426795875652,9,20,0.5
"s5","s3",2.74190627315243,9,20,0.5
"s5","s3",2.83340070230129,9,20,0.5
"s5","s3",2.87453649766092,9,20,0.5
"s5","s3",2.61235110024472,9,20,0.5
"s5","s3",4.17718509723763,9,20,0.5
"s5","s3",4.6208064077545,9,20,0.5
"s5","s3",3.74299998235739,9,20,0.5
"s5","s3",3.93123557594461,9,20,0.5
"s5","s3",2.99400251091417,9,20,0.5
"s5","s3",3.12194462316193,9,20,0.5
"s5","s3",2.73126341353686,9,20,0.5
"s5","s3",4.10258456180535,9,20,0.5
"s5","s3",3.54926419101742,9,20,0.5
"s5","s3",3.18249957209598,9,20,0.5
"s5","s3",4.01139885230052,9,20,0.5
"s5","s3",3.68057394654479,9,20,0.5
"s5","s3",3.74041462371882,9,20,0.5
"s5","s3",3.46165638864535,9,20,0.5
"s5","s3",4.02603967387843,9,20,0.5
"s5","s3",2.97221924747805,9,20,0.5
"s5","s3",4.37042577272712,9,20,0.5
"s5","s3",3.3837105611927,9,20,0.5
"s5","s3",4.11029178932349,9,20,0.5
"s5","s3",2.42072725268067,9,20,0.5
"s5","s3",4.46219452910964,9,20,0.5
"s5","s3",3.25266675828182,9,20,0.5
"s5","s3",3.80232627695671,9,20,0.5
"s5","s3",3.43724531850348,9,20,0.5
"s5","s3",2.54397507140884,9,20,0.5
"s5","s3",3.52281481936515,9,20,0.5
"s5","s3",3.16321321049852,9,20,0.5
"s5","s3",2.32261337698104,9,20,0.5
"s5","s3",2.98141007133044,9,20,0.5
"s5","s3",3.56839823680621,9,20,0.5
"s5","s3",3.25266675828182,9,20,0.5
"s5","s3",3.73559146028361,9,20,0.5
"s5","s3",2.95682383123812,9,20,0.5
"s5","s3",4.05258702642711,9,20,0.5
"s5","s3",4.77832576077724,9,20,0.5
"s5","s3",3.2180005556948,9,20,0.5
"s5","s3",2.95002943281333,9,20,0.5
"s5","s3",2.48605077328508,9,20,0.5
"s5","s3",3.73996369696267,9,20,0.5
"s5","s3",2.7416082691366,9,20,0.5
"s5","s3",3.34863961257123,9,20,0.5
"s5","s3",4.02560825528183,9,20,0.5
"s5","s3",4.8325904667481,9,20,0.5
"s5","s3",3.87477333817948,9,20,0.5
"s5","s3",3.39975793389265,9,20,0.5
"s5","s3",3.29547612009293,9,20,0.5
"s5","s3",3.53638861769962,9,20,0.5
"s5","s3",3.09130827778812,9,20,0.5
"s5","s3",2.35901382794582,9,20,0.5
"s5","s3",3.2720903429467,9,20,0.5
"s5","s3",3.00036114270588,9,20,0.5
"s5","s3",3.09882604792316,9,20,0.5
"s5","s3",1.6193590798258,9,20,0.5
"s5","s3",4.38475521620182,9,20,0.5
"s5","s3",3.36925058492806,9,20,0.5
"s5","s3",4.04130994949114,9,20,0.5
"s5","s3",3.62277799291238,9,20,0.5
"s5","s3",3.29547612009293,9,20,0.5
"s5","s3",3.9332438807784,9,20,0.5
"s5","s3",3.16321321049852,9,20,0.5
"s5","s3",2.62626309029732,9,20,0.5
"s5","s3",3.39539019026946,9,20,0.5
"s5","s3",3.03285660903821,9,20,0.5
"s5","s3",2.84218700552297,9,20,0.5
"s5","s3",3.33055238634566,9,20,0.5
"s5","s3",3.66134319665188,9,20,0.5
"s5","s3",3.97172000125979,9,20,0.5
"s5","s3",3.87477333817948,9,20,0.5
"s5","s3",3.10792348425484,9,20,0.5
"s5","s3",3.73996369696267,9,20,0.5
"s5","s3",4.09082274146232,9,20,0.5
"s5","s3",3.06848967695278,9,20,0.5
"s5","s3",4.01194552069406,9,20,0.5
"s5","s3",3.56225859800684,9,20,0.5
"s5","s3",3.65229630116526,9,20,0.5
"s5","s3",3.72191519561103,9,20,0.5
"s5","s3",3.9170373542182,9,20,0.5
"s5","s3",3.1479186313994,9,20,0.5
"s5","s3",3.29023519588336,9,20,0.5
"s5","s3",3.27787767465967,9,20,0.5
"s5","s3",3.80736851757108,9,20,0.5
"s5","s3",3.13060906414681,9,20,0.5
"s5","s3",2.83967277660562,9,20,0.5
"s5","s3",3.06067193241431,9,20,0.5
"s5","s3",2.81969760549196,9,20,0.5
"s5","s3",3.136980163432,9,20,0.5
"s5","s3",3.20651593608649,9,20,0.5
"s5","s3",2.540658127645,9,20,0.5
"s5","s3",2.82811476525978,9,20,0.5
"s5","s3",1.72233000819681,9,20,0.5
"s5","s3",3.53128413471365,9,20,0.5
"s5","s3",4.13868412020497,9,20,0.5
"s5","s3",3.19889496252766,9,20,0.5
"s5","s3",2.82811476525978,9,20,0.5
"s5","s3",2.87711824634923,9,20,0.5
"s5","s3",3.31893295665771,9,20,0.5
"s5","s3",3.92868857005088,9,20,0.5
"s5","s3",3.12249129155547,9,20,0.5
"s5","s3",3.40186040992906,9,20,0.5
"s5","s3",2.74724816435703,9,20,0.5
"s5","s3",3.31378892818151,9,20,0.5
"s5","s3",3.2720903429467,9,20,0.5
"s5","s3",4.72959227159299,9,20,0.5
"s5","s3",3.88229403306052,9,20,0.5
"s5","s3",2.94157113415238,9,20,0.5
"s5","s3",4.86319485867409,9,20,0.5
"s5","s3",3.87477333817948,9,20,0.5
"s5","s3",2.81128044572415,9,20,0.5
"s5","s3",4.39937806684381,9,20,0.5
"s5","s3",3.16769370143803,9,20,0.5
"s5","s3",2.95682383123812,9,20,0.5
"s5","s3",3.094098960674,9,20,0.5
"s5","s3",3.31378892818151,9,20,0.5
"s5","s3",3.87553926753472,9,20,0.5
"s5","s3",3.1492920603575,9,20,0.5
"s5","s3",3.82015028683305,9,20,0.5
"s5","s3",2.54558068034479,9,20,0.5
"s5","s3",3.38633102329748,9,20,0.5
"s5","s3",3.65771721906629,9,20,0.5
"s5","s3",2.69606575540625,9,20,0.5
"s5","s3",3.43724531850348,9,20,0.5
"s5","s3",3.71594413030893,9,20,0.5
"s5","s3",3.81726472828704,9,20,0.5
"s5","s3",3.65229630116526,9,20,0.5
"s5","s3",3.01320427353662,9,20,0.5
"s5","s3",2.97717170968747,9,20,0.5
"s5","s3",4.77348405717521,9,20,0.5
"s5","s3",3.06732024860686,9,20,0.5
"s5","s3",3.95049722922582,9,20,0.5
"s5","s3",3.07421793015494,9,20,0.5
"s5","s3",2.93358398950362,9,20,0.5
"s5","s3",3.03656176826102,9,20,0.5
"s5","s3",4.25725261724529,9,20,0.5
"s5","s3",3.82015028683305,9,20,0.5
"s5","s3",3.21488737145089,9,20,0.5
"s5","s3",3.94426344916329,9,20,0.5
"s5","s3",2.74190627315243,9,20,0.5
"s5","s3",3.36831409573326,9,20,0.5
"s5","s3",3.094098960674,9,20,0.5
"s5","s3",4.19481139912718,9,20,0.5
"s5","s3",3.16321321049852,9,20,0.5
"s5","s3",3.06134183535937,9,20,0.5
"s5","s3",2.88376309084193,9,20,0.5
"s5","s3",2.48616465542673,9,20,0.5
"s5","s3",2.95682383123812,9,20,0.5
"s5","s3",3.36925058492806,9,20,0.5
"s5","s3",3.16321321049852,9,20,0.5
"s5","s3",3.34498848470349,9,20,0.5
"s5","s3",3.25893263492926,9,20,0.5
"s5","s3",3.69281525926883,9,20,0.5
"s5","s3",3.45235397565942,9,20,0.5
"s5","s3",2.1868705196964,9,20,0.5
"s5","s3",3.04471270300083,9,20,0.5
"s5","s3",3.19219318776679,9,20,0.5
"s5","s3",4.77348405717521,9,20,0.5
"s5","s3",3.03056746886589,9,20,0.5
"s5","s3",3.10788430007602,9,20,0.5
"s5","s3",4.66091659676238,9,20,0.5
"s5","s3",2.83093278122573,9,20,0.5
"s5","s3",2.41364003996829,9,20,0.5
"s5","s3",3.07527709696733,9,20,0.5
"s5","s3",3.39539019026946,9,20,0.5
"s5","s3",1.82353195593419,9,20,0.5
"s5","s3",3.75264254542699,9,20,0.5
"s5","s3",4.01194552069406,9,20,0.5
"s5","s3",3.65229630116526,9,20,0.5
"s5","s3",3.20097940931966,9,20,0.5
"s5","s3",3.36831409573326,9,20,0.5
"s5","s3",3.30426270666103,9,20,0.5
"s5","s3",2.7547789973907,9,20,0.5
"s5","s3",2.69798328806179,9,20,0.5
"s5","s3",2.54493425338015,9,20,0.5
"s5","s3",3.62532295092383,9,20,0.5
"s5","s3",3.29285565798815,9,20,0.5
"s5","s3",3.54230686434917,9,20,0.5
"s5","s3",2.60431297118535,9,20,0.5
"s5","s3",3.82015028683305,9,20,0.5
"s5","s3",3.45530627923115,9,20,0.5
"s5","s3",3.39634453940245,9,20,0.5
"s5","s3",3.17313582543724,9,20,0.5
"s5","s3",3.76758122146481,9,20,0.5
"s5","s3",2.7477533667143,9,20,0.5
"s5","s3",2.8386866393428,9,20,0.5
"s5","s3",3.36925058492806,9,20,0.5
"s5","s3",4.88792342807978,9,20,0.5
"s5","s3",3.08538474565669,9,20,0.5
"s5","s3",3.06647653979453,9,20,0.5
"s5","s3",2.32066593380948,9,20,0.5
"s5","s3",3.20636324371941,9,20,0.5
"s5","s3",3.06732024860686,9,20,0.5
"s5","s3",3.62456451028782,9,20,0.5
"s5","s3",2.95682383123812,9,20,0.5
"s5","s3",4.4097833943858,9,20,0.5
"s5","s3",3.08946851896857,9,20,0.5
"s5","s3",2.27382399751292,9,20,0.5
"s5","s3",3.93227258857962,9,20,0.5
"s5","s3",3.40484058255382,9,20,0.5
"s5","s3",3.94722907405662,9,20,0.5
"s5","s3",3.69011611699275,9,20,0.5
"s5","s3",3.47876480423426,9,20,0.5
"s5","s3",3.72191519561103,9,20,0.5
"s5","s3",2.89624569174773,9,20,0.5
"s5","s3",3.32371444311927,9,20,0.5
"s5","s3",3.06067193241431,9,20,0.5
"s5","s3",2.65462829520603,9,20,0.5
"s5","s3",3.54804759287781,9,20,0.5
"s5","s3",3.31405648822766,9,20,0.5
"s5","s3",3.19889496252766,9,20,0.5
"s5","s3",4.70115256104752,9,20,0.5
"s5","s3",3.06732024860686,9,20,0.5
"s5","s3",3.36925058492806,9,20,0.5
"s5","s3",3.34731584450982,9,20,0.5
"s5","s3",3.06732024860686,9,20,0.5
"s5","s3",2.49472557897375,9,20,0.5
"s5","s3",3.26748297496501,9,20,0.5
"s5","s3",3.71594413030893,9,20,0.5
"s5","s3",3.9376995610768,9,20,0.5
"s5","s3",3.6886436634804,9,20,0.5
"s5","s3",2.93358398950362,9,20,0.5
"s5","s3",3.13953954701842,9,20,0.5
"s5","s3",2.95498742769372,9,20,0.5
"s5","s3",3.37319763091963,9,20,0.5
"s5","s3",3.72912700574421,9,20,0.5
"s5","s3",2.83093278122573,9,20,0.5
"s5","s3",3.32968685754841,9,20,0.5
"s5","s3",3.07078351052512,9,20,0.5
"s5","s3",4.72323110822187,9,20,0.5
"s5","s3",3.29602278848647,9,20,0.5
"s5","s3",2.60431297118535,9,20,0.5
"s5","s3",2.73898086604819,9,20,0.5
"s5","s3",3.06067193241431,9,20,0.5
"s5","s3",4.16805774978576,9,20,0.5
"s5","s3",3.12973572749373,9,20,0.5
"s5","s3",3.31405648822766,9,20,0.5
"s5","s3",3.90195013605452,9,20,0.5
"s5","s3",3.47718592650203,9,20,0.5
"s5","s3",3.33882988338096,9,20,0.5
"s5","s3",2.35944173701202,9,20,0.5
"s5","s3",4.15198280467872,9,20,0.5
"s5","s3",3.46829767749233,9,20,0.5
"s5","s3",2.94157113415238,9,20,0.5
"s5","s3",2.9491265149163,9,20,0.5
"s5","s3",3.69571465777032,9,20,0.5
"s5","s3",3.16321321049852,9,20,0.5
"s5","s3",3.56225859800684,9,20,0.5
"s5","s3",4.3993584638447,9,20,0.5
"s5","s3",2.16488267049728,9,20,0.5
"s5","s3",3.6563427029577,9,20,0.5
"s5","s3",3.04058516998999,9,20,0.5
"s5","s3",3.77786059823061,9,20,0.5
"s5","s3",3.29602278848647,9,20,0.5
"s5","s3",3.36925058492806,9,20,0.5
"s5","s3",4.01194552069406,9,20,0.5
"s5","s3",3.91433179029378,9,20,0.5
"s5","s3",3.2021588511572,9,20,0.5
"s5","s3",3.06732024860686,9,20,0.5
"s5","s3",3.30201206203244,9,20,0.5
"s5","s3",2.3695960718466,9,20,0.5
"s5","s3",4.11204759233495,9,20,0.5
"s5","s3",3.17427176310063,9,20,0.5
"s5","s3",3.32098900736639,9,20,0.5
"s5","s3",3.09191656345742,9,20,0.5
"s5","s3",3.57746740321983,9,20,0.5
"s5","s3",2.98141007133044,9,20,0.5
"s5","s3",3.00045211905524,9,20,0.5
"s5","s3",3.72191519561103,9,20,0.5
"s5","s3",4.08317476204217,9,20,0.5
"s5","s3",4.36559763181836,9,20,0.5
"s5","s3",3.01347793990454,9,20,0.5
"s5","s3",2.75097064995671,9,20,0.5
"s5","s3",4.56823009875102,9,20,0.5
"s5","s3",3.04723005168994,9,20,0.5
"s5","s3",3.36091529459096,9,20,0.5
"s5","s3",4.01114499731469,9,20,0.5
"s5","s3",2.5589568872404,9,20,0.5
"s5","s3",2.83093278122573,9,20,0.5
"s5","s3",3.26085698558775,9,20,0.5
"s5","s3",3.32218312933944,9,20,0.5
"s5","s3",3.18817841231011,9,20,0.5
"s5","s3",2.91375824938495,9,20,0.5
"s5","s3",3.36993214446156,9,20,0.5
"s5","s3",4.05460405948464,9,20,0.5
"s5","s3",2.74280287689355,9,20,0.5
"s5","s3",3.73954835566902,9,20,0.5
"s5","s3",3.27410896434228,9,20,0.5
"s5","s3",2.51188043639172,9,20,0.5
"s5","s3",2.27033117252345,9,20,0.5
"s5","s3",4.9416503512887,9,20,0.5
"s5","s3",2.71411506516908,9,20,0.5
"s5","s3",3.16238813103691,9,20,0.5
"s5","s3",3.5412051647152,9,20,0.5
"s5","s3",2.4150917233117,9,20,0.5
"s5","s3",3.70041149795174,9,20,0.5
"s5","s3",3.31405648822766,9,20,0.5
"s5","s3",4.38169844908489,9,20,0.5
"s5","s3",3.06732024860686,9,20,0.5
"s5","s3",3.64800140342447,9,20,0.5
"s5","s3",2.83967277660562,9,20,0.5
"s5","s3",3.0050877041259,9,20,0.5
"s5","s3",2.87711824634923,9,20,0.5
"s5","s3",3.73913301437537,9,20,0.5
"s5","s3",4.8925470497241,9,20,0.5
"s5","s3",2.72625414068465,9,20,0.5
"s5","s3",3.0480368610971,9,20,0.5
"s5","s3",3.82631696820505,9,20,0.5
"s5","s3",4.86319485867409,9,20,0.5
"s5","s3",3.05433689963587,9,20,0.5
"s5","s3",3.72912700574421,9,20,0.5
"s5","s3",4.35636288532034,9,20,0.5
"s5","s3",4.10169065008651,9,20,0.5
"s5","s3",2.96911695128428,9,20,0.5
"s5","s3",3.16036511389115,9,20,0.5
"s5","s3",2.34406255727757,9,20,0.5
"s5","s3",3.88251262741919,9,20,0.5
"s5","s3",2.22194523636166,9,20,0.5
"s5","s3",2.73586872178524,9,20,0.5
"s5","s3",2.82811476525978,9,20,0.5
"s5","s3",4.07067437828822,9,20,0.5
"s5","s3",3.16345676536261,9,20,0.5
"s5","s3",3.01320427353662,9,20,0.5
"s5","s3",2.44714748499384,9,20,0.5
"s5","s3",3.8145742151796,9,20,0.5
"s5","s3",3.06732024860686,9,20,0.5
"s5","s3",3.19718867724379,9,20,0.5
"s5","s3",2.33771754104322,9,20,0.5
"s5","s3",3.20228497051835,9,20,0.5
"s5","s3",3.56851418142931,9,20,0.5
"s5","s3",3.13518365280521,9,20,0.5
"s5","s3",3.88251262741919,9,20,0.5
"s5","s3",3.26397921345438,9,20,0.5
"s5","s3",2.74280287689355,9,20,0.5
"s5","s3",3.06732024860686,9,20,0.5
"s5","s3",2.77357458375469,9,20,0.5
"s5","s3",3.5412051647152,9,20,0.5
"s5","s3",3.91820770272594,9,20,0.5
"s5","s3",3.28116276941503,9,20,0.5
"s5","s3",2.42072725268067,9,20,0.5
"s5","s3",3.72862614811707,9,20,0.5
"s5","s3",2.70176141836812,9,20,0.5
"s5","s3",2.65626278902727,9,20,0.5
"s5","s3",2.59257922891318,9,20,0.5
"s5","s3",3.42844324133269,9,20,0.5
"s5","s3",4.36821903337285,9,20,0.5
"s5","s3",3.71594413030893,9,20,0.5
"s5","s3",3.738953173495,9,20,0.5
"s5","s3",3.81680899489201,9,20,0.5
"s5","s3",3.06732024860686,9,20,0.5
"s5","s3",3.62532295092383,9,20,0.5
"s5","s3",3.56839823680621,9,20,0.5
"s5","s3",3.19167413857161,9,20,0.5
"s5","s3",2.70176141836812,9,20,0.5
"s5","s3",2.14091678696075,9,20,0.5
"s5","s3",4.29202008866337,9,20,0.5
"s5","s3",3.07181383504906,9,20,0.5
"s5","s3",2.42072725268067,9,20,0.5
"s5","s3",3.06732024860686,9,20,0.5
"s5","s3",2.85482174940749,9,20,0.5
"s5","s3",2.94157113415238,9,20,0.5
"s5","s3",2.83093278122573,9,20,0.5
"s5","s3",2.15649572618098,9,20,0.5
"s5","s3",3.06067193241431,9,20,0.5
"s5","s3",2.32834770241349,9,20,0.5
"s5","s3",5.81868341081693,9,20,0.5
"s5","s3",3.26085698558775,9,20,0.5
"s5","s3",4.4301244079139,9,20,0.5
"s5","s3",2.9505073059825,9,20,0.5
"s5","s3",3.28529953312581,9,20,0.5
"s5","s3",2.68098196598113,9,20,0.5
"s5","s3",2.74190627315243,9,20,0.5
"s5","s3",2.82811476525978,9,20,0.5
"s5","s3",4.01139885230052,9,20,0.5
"s5","s3",3.15506151773602,9,20,0.5
"s5","s3",3.25002728656942,9,20,0.5
"s5","s3",3.09355229228046,9,20,0.5
"s5","s3",3.26976880308191,9,20,0.5
"s5","s3",3.95865330535866,9,20,0.5
"s5","s3",3.06732024860686,9,20,0.5
"s5","s3",2.4145875404972,9,20,0.5
"s5","s3",3.01165018551633,9,20,0.5
"s5","s3",3.10830615448218,9,20,0.5
"s5","s3",3.73913301437537,9,20,0.5
"s5","s3",3.43552441554133,9,20,0.5
"s5","s3",3.06732024860686,9,20,0.5
"s5","s3",3.72191519561103,9,20,0.5
"s5","s3",2.60575380851095,9,20,0.5
"s5","s3",3.22933220486683,9,20,0.5
"s5","s3",3.19889496252766,9,20,0.5
"s5","s3",4.99180490388284,9,20,0.5
"s5","s3",3.7487793412458,9,20,0.5
"s5","s3",3.094098960674,9,20,0.5
"s5","s3",3.19889496252766,9,20,0.5
"s5","s3",3.094483915675,9,20,0.5
"s5","s3",3.136980163432,9,20,0.5
"s5","s3",3.08043627044366,9,20,0.5
"s5","s3",1.99019476623918,9,20,0.5
"s5","s3",2.83967277660562,9,20,0.5
"s5","s3",3.72524141378753,9,20,0.5
"s5","s3",3.75264254542699,9,20,0.5
"s5","s3",3.74630312119483,9,20,0.5
"s5","s3",3.21203509804313,9,20,0.5
"s5","s3",3.15022837798914,9,20,0.5
"s5","s3",4.38169844908489,9,20,0.5
"s5","s3",2.82811476525978,9,20,0.5
"s5","s3",2.82811476525978,9,20,0.5
"s5","s3",2.92766469176867,9,20,0.5
"s5","s3",3.14213985409217,9,20,0.5
"s5","s3",2.70176141836812,9,20,0.5
"s5","s3",3.71731834140325,9,20,0.5
"s5","s3",3.45037247335278,9,20,0.5
"s5","s3",3.7894974692188,9,20,0.5
"s5","s3",4.16907014541773,9,20,0.5
"s5","s3",3.62532295092383,9,20,0.5
"s5","s3",3.50161798504324,9,20,0.5
"s5","s3",4.3609467979775,9,20,0.5
"s5","s3",3.54136197353425,9,20,0.5
"s5","s3",2.91375824938495,9,20,0.5
"s5","s3",3.2720903429467,9,20,0.5
"s5","s3",3.63119495806786,9,20,0.5
"s5","s3",3.02875347358735,9,20,0.5
"s5","s3",4.47425429442882,9,20,0.5
"s5","s3",3.3986385415466,9,20,0.5
"s5","s3",3.45037247335278,9,20,0.5
"s5","s3",2.61713663211198,9,20,0.5
"s5","s3",3.20228497051835,9,20,0.5
"s5","s3",3.27410896434228,9,20,0.5
"s5","s3",2.53937194216995,9,20,0.5
"s5","s3",4.26090567444741,9,20,0.5
"s5","s3",3.31798602876048,9,20,0.5
"s5","s3",3.2720903429467,9,20,0.5
"s5","s3",3.07630742149126,9,20,0.5
"s5","s3",3.59559130889721,9,20,0.5
"s5","s3",3.99741672126644,9,20,0.5
"s5","s3",4.10472718154599,9,20,0.5
"s5","s3",2.48616465542673,9,20,0.5
"s5","s3",3.50436607825853,9,20,0.5
"s5","s3",3.66038910475013,9,20,0.5
"s5","s3",3.24888054530564,9,20,0.5
"s5","s3",4.27694879453276,9,20,0.5
"s5","s3",4.98849112404456,9,20,0.5
"s5","s3",2.321389205541,9,20,0.5
"s5","s3",4.02603967387843,9,20,0.5
"s5","s3",3.10561346793769,9,20,0.5
"s5","s3",2.74724816435703,9,20,0.5
"s5","s3",2.94932296284543,9,20,0.5
"s5","s3",2.98141007133044,9,20,0.5
"s5","s3",3.1492920603575,9,20,0.5
"s5","s3",3.63880962604455,9,20,0.5
"s5","s3",3.72718420976587,9,20,0.5
"s5","s3",3.39295353936757,9,20,0.5
"s5","s3",3.83852617716525,9,20,0.5
"s5","s3",3.54230686434917,9,20,0.5
"s5","s3",3.32371444311927,9,20,0.5
"s5","s3",3.54136197353425,9,20,0.5
"s5","s3",3.07424677244339,9,20,0.5
"s5","s3",2.74190627315243,9,20,0.5
"s5","s3",2.65626278902727,9,20,0.5
"s5","s3",3.39893813970778,9,20,0.5
"s5","s3",2.22384769955902,9,20,0.5
"s5","s3",3.56930362029542,9,20,0.5
"s5","s3",3.47718592650203,9,20,0.5
"s5","s3",4.93570981826708,9,20,0.5
"s5","s3",2.36189919720293,9,20,0.5
"s5","s3",3.65229630116526,9,20,0.5
"s5","s3",3.32218312933944,9,20,0.5
"s5","s3",3.02689472176331,9,20,0.5
"s5","s3",3.14737668834682,9,20,0.5
"s5","s3",3.30408641504878,9,20,0.5
"s5","s3",4.19481139912718,9,20,0.5
"s5","s3",3.14737668834682,9,20,0.5
"s5","s3",2.87711824634923,9,20,0.5
"s5","s3",3.13953954701842,9,20,0.5
"s5","s3",3.06732024860686,9,20,0.5
"s5","s3",4.22560771186949,9,20,0.5
"s5","s3",4.04103661529437,9,20,0.5
"s5","s3",4.12661978090781,9,20,0.5
"s5","s3",4.38169844908489,9,20,0.5
"s5","s3",4.29202008866337,9,20,0.5
"s5","s3",2.70176141836812,9,20,0.5
"s5","s3",2.80369876933388,9,20,0.5
"s5","s3",3.59095407834055,9,20,0.5
"s5","s3",3.20636324371941,9,20,0.5
"s5","s3",4.35636288532034,9,20,0.5
"s5","s3",2.49840454243872,9,20,0.5
"s5","s3",3.16904495817074,9,20,0.5
"s5","s3",2.92169114648879,9,20,0.5
"s5","s3",5.47127938193489,9,20,0.5
"s5","s3",3.33560440708967,9,20,0.5
"s5","s3",2.82452376252807,9,20,0.5
"s5","s3",2.49840454243872,9,20,0.5
"s5","s3",4.17259178720411,9,20,0.5
"s5","s3",3.12194462316193,9,20,0.5
"s5","s3",2.85932511210721,9,20,0.5
"s5","s3",3.71984312923537,9,20,0.5
"s5","s3",3.47103239912091,9,20,0.5
"s5","s3",2.97125586148615,9,20,0.5
"s5","s3",2.91375824938495,9,20,0.5
"s5","s3",3.2720903429467,9,20,0.5
"s5","s3",3.31405648822766,9,20,0.5
"s5","s3",2.64717032364065,9,20,0.5
"s5","s3",2.27985893167698,9,20,0.5
"s5","s3",2.48684838950422,9,20,0.5
"s5","s3",3.82015028683305,9,20,0.5
"s5","s3",3.01186770535578,9,20,0.5
"s5","s3",5.00608801613902,9,20,0.5
"s5","s3",3.91820770272594,9,20,0.5
"s5","s3",3.81188370207215,9,20,0.5
"s5","s3",3.39975793389265,9,20,0.5
"s5","s3",3.47718592650203,9,20,0.5
"s5","s3",2.7335574185003,9,20,0.5
"s5","s3",4.93277518486211,9,20,0.5
"s5","s3",2.74190627315243,9,20,0.5
"s5","s3",3.56665128678202,9,20,0.5
"s5","s3",2.87622244436387,9,20,0.5
"s5","s3",3.11331672507985,9,20,0.5
"s5","s3",3.36779498454764,9,20,0.5
"s5","s3",2.5223859219679,9,20,0.5
"s5","s3",3.02875347358735,9,20,0.5
"s5","s3",3.08573120360554,9,20,0.5
"s5","s3",3.31378892818151,9,20,0.5
"s5","s3",3.75884465160455,9,20,0.5
"s5","s3",2.82811476525978,9,20,0.5
"s5","s3",3.7487793412458,9,20,0.5
"s5","s3",3.62532295092383,9,20,0.5
"s5","s3",1.88488343326765,9,20,0.5
"s5","s3",3.06732024860686,9,20,0.5
"s5","s3",3.2720903429467,9,20,0.5
"s5","s3",3.40343639202522,9,20,0.5
"s5","s3",2.81085204797334,9,20,0.5
"s5","s3",2.90128910278337,9,20,0.5
"s5","s3",3.32167977463517,9,20,0.5
"s5","s3",3.52366946673698,9,20,0.5
"s5","s3",2.5589568872404,9,20,0.5
"s5","s3",2.83093278122573,9,20,0.5
"s5","s3",4.01194552069406,9,20,0.5
"s5","s3",3.06732024860686,9,20,0.5
"s5","s3",2.9905392489959,9,20,0.5
"s5","s3",2.83093278122573,9,20,0.5
"s5","s3",2.70903919956031,9,20,0.5
"s5","s3",3.93456822046402,9,20,0.5
"s5","s3",3.81726472828704,9,20,0.5
"s5","s3",3.74234622580942,9,20,0.5
"s5","s3",2.27913663807278,9,20,0.5
"s5","s3",3.79730823370743,9,20,0.5
"s5","s3",3.21976362812043,9,20,0.5
"s5","s3",3.12194462316193,9,20,0.5
"s5","s3",3.81243037046569,9,20,0.5
"s5","s3",3.09912055963911,9,20,0.5
"s5","s3",2.62442100897023,9,20,0.5
"s5","s3",5.2740922427989,9,20,0.5
"s5","s3",4.72959227159299,9,20,0.5
"s5","s3",2.48037861479841,9,20,0.5
"s5","s3",4.45134775539876,9,20,0.5
"s5","s3",3.16321321049852,9,20,0.5
"s5","s3",3.1640886170973,9,20,0.5
"s5","s3",2.7477533667143,9,20,0.5
"s5","s3",3.07593064272561,9,20,0.5
"s5","s3",3.46165638864535,9,20,0.5
"s5","s3",4.19481139912718,9,20,0.5
"s5","s3",2.52037968906138,9,20,0.5
"s5","s3",3.26085698558775,9,20,0.5
"s5","s3",3.02875347358735,9,20,0.5
"s5","s3",3.30996102671588,9,20,0.5
"s5","s3",3.34105151195739,9,20,0.5
"s5","s3",2.890621955379,9,20,0.5
"s5","s3",3.19860194128058,9,20,0.5
"s5","s3",2.49840454243872,9,20,0.5
"s5","s3",3.04058516998999,9,20,0.5
"s5","s3",3.39724313571243,9,20,0.5
"s5","s3",3.04154518661161,9,20,0.5
"s5","s3",3.31927544283144,9,20,0.5
"s5","s3",4.45134775539876,9,20,0.5
"s5","s3",2.473567717307,9,20,0.5
"s5","s3",2.85226930686309,9,20,0.5
"s5","s3",3.75884465160455,9,20,0.5
"s5","s3",3.094098960674,9,20,0.5
"s5","s3",3.32218312933944,9,20,0.5
"s5","s3",3.27410896434228,9,20,0.5
"s5","s3",2.6166180681681,9,20,0.5
"s5","s3",5.02296250208175,9,20,0.5
"s5","s3",3.07424677244339,9,20,0.5
"s5","s3",3.06067193241431,9,20,0.5
"s5","s3",3.49681852332855,9,20,0.5
"s5","s3",2.99400251091417,9,20,0.5
"s5","s3",4.01194552069406,9,20,0.5
"s5","s3",2.59257922891318,9,20,0.5
"s5","s3",3.8058198165817,9,20,0.5
"s5","s3",3.94426344916329,9,20,0.5
"s5","s3",2.81106624684875,9,20,0.5
"s5","s3",3.32968685754841,9,20,0.5
"s5","s3",3.55901496308693,9,20,0.5
"s5","s3",2.92962404359263,9,20,0.5
"s5","s3",3.11051852315273,9,20,0.5
"s5","s3",3.08084608357398,9,20,0.5
"s5","s3",3.00138162937009,9,20,0.5
"s5","s3",2.59257922891318,9,20,0.5
"s5","s3",3.71731834140325,9,20,0.5
"s5","s3",3.71984312923537,9,20,0.5
"s5","s3",2.4087995908575,9,20,0.5
"s5","s3",3.71507844969793,9,20,0.5
"s5","s3",3.07772039801669,9,20,0.5
"s5","s3",3.74940417428361,9,20,0.5
"s5","s3",4.46705076971532,9,20,0.5
"s5","s3",3.34524861253635,9,20,0.5
"s5","s3",3.32218312933944,9,20,0.5
"s5","s3",3.31405648822766,9,20,0.5
"s5","s3",3.72524141378753,9,20,0.5
"s5","s3",2.33751766845548,9,20,0.5
"s5","s3",4.48408234393085,9,20,0.5
"s5","s3",4.17259178720411,9,20,0.5
"s5","s3",3.26085698558775,9,20,0.5
"s5","s3",2.80369876933388,9,20,0.5
"s5","s3",3.32218312933944,9,20,0.5
"s5","s3",4.47438958996172,9,20,0.5
"s5","s3",2.65626278902727,9,20,0.5
"s5","s3",3.54128356912473,9,20,0.5
"s5","s3",3.094098960674,9,20,0.5
"s5","s3",3.6886436634804,9,20,0.5
"s5","s3",3.26085698558775,9,20,0.5
"s5","s3",3.24055790659887,9,20,0.5
"s5","s3",4.24666359320529,9,20,0.5
"s5","s3",3.36117649233293,9,20,0.5
"s5","s3",2.71060200821687,9,20,0.5
"s5","s3",3.67145099535495,9,20,0.5
"s5","s3",2.88428999939622,9,20,0.5
"s5","s3",3.34731584450982,9,20,0.5
"s5","s3",2.26700184704212,9,20,0.5
"s5","s3",3.7203038740543,9,20,0.5
"s5","s3",3.61538096975602,9,20,0.5
"s5","s3",2.56630460291466,9,20,0.5
"s5","s3",3.16321321049852,9,20,0.5
"s5","s3",3.59559130889721,9,20,0.5
"s5","s3",5.08131190556962,9,20,0.5
"s5","s3",2.93358398950362,9,20,0.5
"s5","s3",4.6208064077545,9,20,0.5
"s5","s3",2.70747639090376,9,20,0.5
"s5","s3",4.8325904667481,9,20,0.5
"s5","s3",2.72469133202809,9,20,0.5
"s5","s3",4.16836981549822,9,20,0.5
"s5","s3",4.36821903337285,9,20,0.5
"s5","s3",3.32218312933944,9,20,0.5
"s5","s3",3.10846594294873,9,20,0.5
"s5","s3",3.71926784086647,9,20,0.5
"s5","s3",4.12552707007594,9,20,0.5
"s5","s3",3.26237855061426,9,20,0.5
"s5","s3",3.02875347358735,9,20,0.5
"s5","s3",3.19140080437484,9,20,0.5
"s5","s3",3.45936904588152,9,20,0.5
"s5","s3",3.21828541676746,9,20,0.5
"s5","s3",2.83340070230129,9,20,0.5
"s5","s3",3.4878217904821,9,20,0.5
"s5","s3",3.45522787482163,9,20,0.5
"s5","s3",3.03848572994174,9,20,0.5
"s5","s3",4.16822367997642,9,20,0.5
"s5","s3",4.10931387157767,9,20,0.5
"s5","s3",4.66092297070286,9,20,0.5
"s5","s3",2.81128044572415,9,20,0.5
"s5","s3",2.8437199386835,9,20,0.5
"s5","s3",3.19142753087687,9,20,0.5
"s5","s3",3.19551734586307,9,20,0.5
"s5","s3",3.73913301437537,9,20,0.5
"s5","s3",4.57341632766473,9,20,0.5
"s5","s3",3.16069312704157,9,20,0.5
"s5","s3",3.61009361497047,9,20,0.5
"s5","s3",3.97212368830219,9,20,0.5
"s5","s3",4.03217691545667,9,20,0.5
"s5","s3",4.23103170543751,9,20,0.5
"s5","s3",3.33145577875203,9,20,0.5
"s5","s3",2.74482981993336,9,20,0.5
"s5","s3",3.13953954701842,9,20,0.5
"s5","s3",3.75004814455165,9,20,0.5
"s5","s3",3.17312086562222,9,20,0.5
"s5","s3",2.49176927919513,9,20,0.5
"s5","s3",2.42979053797765,9,20,0.5
"s5","s3",4.19805551079147,9,20,0.5
"s5","s3",3.61009361497047,9,20,0.5
"s5","s3",4.14855859437289,9,20,0.5
"s5","s3",2.9136574459759,9,20,0.5
"s5","s3",3.16385897966426,9,20,0.5
"s5","s3",3.3837105611927,9,20,0.5
"s5","s3",1.89992126372631,9,20,0.5
"s5","s3",3.06390918757695,9,20,0.5
"s5","s3",2.85932511210721,9,20,0.5
"s5","s3",3.88381455042103,9,20,0.5
"s5","s3",3.06067193241431,9,20,0.5
"s5","s3",3.32218312933944,9,20,0.5
"s5","s3",3.65984243635659,9,20,0.5
"s5","s3",2.55757629057697,9,20,0.5
"s5","s3",3.31893295665771,9,20,0.5
"s5","s3",3.29023519588336,9,20,0.5
"s5","s3",3.03152515487122,9,20,0.5
"s5","s3",3.65714193069739,9,20,0.5
"s5","s3",3.38634981963532,9,20,0.5
"s5","s3",4.04866871278182,9,20,0.5
"s5","s3",3.2089837058242,9,20,0.5
"s5","s3",3.06732024860686,9,20,0.5
"s5","s3",3.05750441602509,9,20,0.5
"s5","s3",3.82015028683305,9,20,0.5
"s5","s3",3.72524141378753,9,20,0.5
"s5","s3",4.38169844908489,9,20,0.5
"s5","s3",4.02685253887891,9,20,0.5
"s5","s3",3.22120817220494,9,20,0.5
"s5","s3",2.33841416742827,9,20,0.5
"s5","s3",3.26085698558775,9,20,0.5
"s5","s3",4.86319485867409,9,20,0.5
"s5","s3",3.27824625402168,9,20,0.5
"s5","s3",3.32968685754841,9,20,0.5
"s5","s3",2.98141007133044,9,20,0.5
"s5","s3",3.91820770272594,9,20,0.5
"s5","s3",4.32232677451574,9,20,0.5
"s5","s3",2.26537976928403,9,20,0.5
"s5","s3",4.87170959563542,9,20,0.5
"s5","s3",3.34731584450982,9,20,0.5
"s5","s3",3.70927869102788,9,20,0.5
"s5","s3",3.08538474565669,9,20,0.5
"s5","s3",3.12249129155547,9,20,0.5
"s5","s3",2.91375824938495,9,20,0.5
"s5","s3",3.65229630116526,9,20,0.5
"s5","s3",4.52395998140842,9,20,0.5
"s5","s3",3.24929357693143,9,20,0.5
"s5","s3",3.094098960674,9,20,0.5
"s5","s3",4.26090567444741,9,20,0.5
"s5","s3",3.094098960674,9,20,0.5
"s5","s3",4.79567856802391,9,20,0.5
"s5","s3",4.01666261742892,9,20,0.5
"s5","s3",2.32066503706026,9,20,0.5
"s5","s3",3.26748297496501,9,20,0.5
"s5","s3",3.99234648961855,9,20,0.5
"s5","s3",3.62483784448458,9,20,0.5
"s5","s3",3.08899253538975,9,20,0.5
"s5","s3",4.28313727208216,9,20,0.5
"s5","s4",3.36217736555539,9,20,0.5
"s5","s4",3.15728666945133,9,20,0.5
"s5","s4",3.55948432303961,9,20,0.5
"s5","s4",3.50890416561403,9,20,0.5
"s5","s4",2.63932359266032,9,20,0.5
"s5","s4",3.27971003123198,9,20,0.5
"s5","s4",3.24052957169095,9,20,0.5
"s5","s4",2.60247977937396,9,20,0.5
"s5","s4",3.09997246061775,9,20,0.5
"s5","s4",3.18589960659843,9,20,0.5
"s5","s4",2.96642206006463,9,20,0.5
"s5","s4",3.5214433285504,9,20,0.5
"s5","s4",3.66949975191466,9,20,0.5
"s5","s4",2.82846755052331,9,20,0.5
"s5","s4",2.77499096562221,9,20,0.5
"s5","s4",3.75386489221196,9,20,0.5
"s5","s4",4.38421852511417,9,20,0.5
"s5","s4",3.39986292304994,9,20,0.5
"s5","s4",3.64254609502685,9,20,0.5
"s5","s4",3.14928212618127,9,20,0.5
"s5","s4",2.52598822252946,9,20,0.5
"s5","s4",2.67798254033664,9,20,0.5
"s5","s4",2.6079556710552,9,20,0.5
"s5","s4",3.53726814707337,9,20,0.5
"s5","s4",3.21153393765755,9,20,0.5
"s5","s4",3.87372546480299,9,20,0.5
"s5","s4",2.95499392437888,9,20,0.5
"s5","s4",2.50858590700697,9,20,0.5
"s5","s4",3.67388145984356,9,20,0.5
"s5","s4",2.95499392437888,9,20,0.5
"s5","s4",3.83148362321916,9,20,0.5
"s5","s4",3.37387814376605,9,20,0.5
"s5","s4",3.71862858231183,9,20,0.5
"s5","s4",2.57086485285589,9,20,0.5
"s5","s4",2.9411487197849,9,20,0.5
"s5","s4",3.77266895901005,9,20,0.5
"s5","s4",3.70818236549444,9,20,0.5
"s5","s4",3.13845188950244,9,20,0.5
"s5","s4",2.8115269012569,9,20,0.5
"s5","s4",3.46440933868746,9,20,0.5
"s5","s4",2.5736132200031,9,20,0.5
"s5","s4",3.16226956941781,9,20,0.5
"s5","s4",2.7959150685632,9,20,0.5
"s5","s4",2.81266753089538,9,20,0.5
"s5","s4",4.0116447229591,9,20,0.5
"s5","s4",3.1130215128776,9,20,0.5
"s5","s4",3.23292414671698,9,20,0.5
"s5","s4",3.16226956941781,9,20,0.5
"s5","s4",2.97624256792508,9,20,0.5
"s5","s4",2.94355877428841,9,20,0.5
"s5","s4",3.18589960659843,9,20,0.5
"s5","s4",4.31850100345028,9,20,0.5
"s5","s4",3.32979979900954,9,20,0.5
"s5","s4",2.61877936123806,9,20,0.5
"s5","s4",2.8050423332575,9,20,0.5
"s5","s4",3.61619026227735,9,20,0.5
"s5","s4",2.68707861328801,9,20,0.5
"s5","s4",3.29013108193193,9,20,0.5
"s5","s4",3.34491976230932,9,20,0.5
"s5","s4",2.78457416227159,9,20,0.5
"s5","s4",4.06167862311504,9,20,0.5
"s5","s4",3.00808128915355,9,20,0.5
"s5","s4",3.33226104601412,9,20,0.5
"s5","s4",3.31675439108698,9,20,0.5
"s5","s4",3.3120698880838,9,20,0.5
"s5","s4",4.04311542310008,9,20,0.5
"s5","s4",2.44400944789251,9,20,0.5
"s5","s4",3.08854396664455,9,20,0.5
"s5","s4",2.76901919144577,9,20,0.5
"s5","s4",2.79165362858412,9,20,0.5
"s5","s4",3.14943646284094,9,20,0.5
"s5","s4",3.62913433737529,9,20,0.5
"s5","s4",2.78794326949929,9,20,0.5
"s5","s4",2.88810858079557,9,20,0.5
"s5","s4",3.36217736555539,9,20,0.5
"s5","s4",2.73399649155034,9,20,0.5
"s5","s4",3.28906144965252,9,20,0.5
"s5","s4",3.32803385053711,9,20,0.5
"s5","s4",2.78457416227159,9,20,0.5
"s5","s4",3.40161806895071,9,20,0.5
"s5","s4",3.12384399765967,9,20,0.5
"s5","s4",3.47359277809829,9,20,0.5
"s5","s4",3.31675439108698,9,20,0.5
"s5","s4",2.52598822252946,9,20,0.5
"s5","s4",2.81142991692622,9,20,0.5
"s5","s4",3.89354165975215,9,20,0.5
"s5","s4",2.97747183018521,9,20,0.5
"s5","s4",2.75548296842627,9,20,0.5
"s5","s4",2.35015046152794,9,20,0.5
"s5","s4",2.80813289145327,9,20,0.5
"s5","s4",2.7328243903458,9,20,0.5
"s5","s4",2.65504316283415,9,20,0.5
"s5","s4",4.61589607836676,9,20,0.5
"s5","s4",3.21105452004331,9,20,0.5
"s5","s4",2.31014996862924,9,20,0.5
"s5","s4",3.44353032910525,9,20,0.5
"s5","s4",3.13874882286668,9,20,0.5
"s5","s4",4.27974778083688,9,20,0.5
"s5","s4",3.42169662607759,9,20,0.5
"s5","s4",2.93643888142209,9,20,0.5
"s5","s4",3.14407462136061,9,20,0.5
"s5","s4",4.78641624151199,9,20,0.5
"s5","s4",2.89928907833181,9,20,0.5
"s5","s4",2.81142991692622,9,20,0.5
"s5","s4",2.61877936123806,9,20,0.5
"s5","s4",3.04457349901638,9,20,0.5
"s5","s4",2.40784280670345,9,20,0.5
"s5","s4",3.44671172929208,9,20,0.5
"s5","s4",3.21793706098306,9,20,0.5
"s5","s4",3.72616902039699,9,20,0.5
"s5","s4",3.25043421146768,9,20,0.5
"s5","s4",3.53223437774879,9,20,0.5
"s5","s4",2.75607971375232,9,20,0.5
"s5","s4",2.74397944566052,9,20,0.5
"s5","s4",2.33627750357226,9,20,0.5
"s5","s4",3.59408595200752,9,20,0.5
"s5","s4",3.09001106275442,9,20,0.5
"s5","s4",3.44671172929208,9,20,0.5
"s5","s4",2.40784280670345,9,20,0.5
"s5","s4",2.7954846732641,9,20,0.5
"s5","s4",3.44671172929208,9,20,0.5
"s5","s4",2.55857380944902,9,20,0.5
"s5","s4",3.48533896747693,9,20,0.5
"s5","s4",2.91751250960507,9,20,0.5
"s5","s4",3.29191354471326,9,20,0.5
"s5","s4",3.30039479591405,9,20,0.5
"s5","s4",2.77818071684442,9,20,0.5
"s5","s4",2.62528827693228,9,20,0.5
"s5","s4",3.27318158841839,9,20,0.5
"s5","s4",3.00075972009161,9,20,0.5
"s5","s4",3.62913433737529,9,20,0.5
"s5","s4",3.68664500633742,9,20,0.5
"s5","s4",2.94571640290048,9,20,0.5
"s5","s4",3.14407462136061,9,20,0.5
"s5","s4",3.52738937323307,9,20,0.5
"s5","s4",4.55349836330865,9,20,0.5
"s5","s4",3.31960232971892,9,20,0.5
"s5","s4",3.70844078490776,9,20,0.5
"s5","s4",3.7555690672144,9,20,0.5
"s5","s4",2.91469253878512,9,20,0.5
"s5","s4",2.5464449265325,9,20,0.5
"s5","s4",2.51314444251632,9,20,0.5
"s5","s4",2.62329425989,9,20,0.5
"s5","s4",3.23781243932873,9,20,0.5
"s5","s4",4.06167862311504,9,20,0.5
"s5","s4",2.96149246115089,9,20,0.5
"s5","s4",3.27512790164176,9,20,0.5
"s5","s4",4.16018886263645,9,20,0.5
"s5","s4",2.83422042506171,9,20,0.5
"s5","s4",2.41566259761198,9,20,0.5
"s5","s4",3.59408595200752,9,20,0.5
"s5","s4",4.33307756341691,9,20,0.5
"s5","s4",2.93955062774743,9,20,0.5
"s5","s4",3.31960232971892,9,20,0.5
"s5","s4",2.87772783126454,9,20,0.5
"s5","s4",3.29013108193193,9,20,0.5
"s5","s4",2.9411487197849,9,20,0.5
"s5","s4",3.29013108193193,9,20,0.5
"s5","s4",2.82784874353873,9,20,0.5
"s5","s4",3.7578915816295,9,20,0.5
"s5","s4",3.5243219684873,9,20,0.5
"s5","s4",3.44671172929208,9,20,0.5
"s5","s4",2.33870296582498,9,20,0.5
"s5","s4",2.94443896613755,9,20,0.5
"s5","s4",4.13558781835511,9,20,0.5
"s5","s4",3.45856155360177,9,20,0.5
"s5","s4",3.87153765241923,9,20,0.5
"s5","s4",2.96370946708528,9,20,0.5
"s5","s4",4.2288480805758,9,20,0.5
"s5","s4",3.69289715804538,9,20,0.5
"s5","s4",3.34861774465759,9,20,0.5
"s5","s4",3.25444963212352,9,20,0.5
"s5","s4",2.74203166628015,9,20,0.5
"s5","s4",3.03980030464367,9,20,0.5
"s5","s4",4.23948890536539,9,20,0.5
"s5","s4",4.12286647330976,9,20,0.5
"s5","s4",3.48857662149674,9,20,0.5
"s5","s4",2.69153615147895,9,20,0.5
"s5","s4",4.8534013856398,9,20,0.5
"s5","s4",3.1227211534114,9,20,0.5
"s5","s4",2.61772119797524,9,20,0.5
"s5","s4",4.60803243959213,9,20,0.5
"s5","s4",3.51883085425921,9,20,0.5
"s5","s4",2.69419715216095,9,20,0.5
"s5","s4",2.6347191620205,9,20,0.5
"s5","s4",2.97136542267004,9,20,0.5
"s5","s4",3.64757986435144,9,20,0.5
"s5","s4",3.11879955400086,9,20,0.5
"s5","s4",2.28417166171142,9,20,0.5
"s5","s4",2.87157004465059,9,20,0.5
"s5","s4",3.48536546876473,9,20,0.5
"s5","s4",3.31960232971892,9,20,0.5
"s5","s4",3.36217736555539,9,20,0.5
"s5","s4",2.84996272057075,9,20,0.5
"s5","s4",2.93643888142209,9,20,0.5
"s5","s4",2.97136542267004,9,20,0.5
"s5","s4",3.30497043034044,9,20,0.5
"s5","s4",2.79237422300764,9,20,0.5
"s5","s4",2.76553533968726,9,20,0.5
"s5","s4",2.94096823310154,9,20,0.5
"s5","s4",3.42964862525176,9,20,0.5
"s5","s4",4.51373365715082,9,20,0.5
"s5","s4",2.6998573609852,9,20,0.5
"s5","s4",2.60572835932083,9,20,0.5
"s5","s4",3.03689673918987,9,20,0.5
"s5","s4",2.93950248537798,9,20,0.5
"s5","s4",2.72660846596533,9,20,0.5
"s5","s4",3.54834015681005,9,20,0.5
"s5","s4",2.7868228576055,9,20,0.5
"s5","s4",3.49785201047912,9,20,0.5
"s5","s4",4.2231302629184,9,20,0.5
"s5","s4",2.92909159365181,9,20,0.5
"s5","s4",2.62786044086298,9,20,0.5
"s5","s4",2.6998573609852,9,20,0.5
"s5","s4",3.47497911288038,9,20,0.5
"s5","s4",3.52720060842421,9,20,0.5
"s5","s4",3.24324670405317,9,20,0.5
"s5","s4",2.92943587880021,9,20,0.5
"s5","s4",4.26169022705502,9,20,0.5
"s5","s4",2.9411487197849,9,20,0.5
"s5","s4",2.86853189417405,9,20,0.5
"s5","s4",3.41608551938232,9,20,0.5
"s5","s4",2.93643888142209,9,20,0.5
"s5","s4",2.61023077478751,9,20,0.5
"s5","s4",3.33373053229024,9,20,0.5
"s5","s4",2.75607971375232,9,20,0.5
"s5","s4",3.38014236009611,9,20,0.5
"s5","s4",2.27602498945617,9,20,0.5
"s5","s4",3.62003595543112,9,20,0.5
"s5","s4",4.13443541335593,9,20,0.5
"s5","s4",4.30885679328695,9,20,0.5
"s5","s4",3.3958157458007,9,20,0.5
"s5","s4",2.39170317777878,9,20,0.5
"s5","s4",2.90927645649858,9,20,0.5
"s5","s4",2.48156136864593,9,20,0.5
"s5","s4",4.55730684712648,9,20,0.5
"s5","s4",2.92943587880021,9,20,0.5
"s5","s4",3.70818236549444,9,20,0.5
"s5","s4",2.74907195993875,9,20,0.5
"s5","s4",3.24528537294307,9,20,0.5
"s5","s4",2.82211446543845,9,20,0.5
"s5","s4",3.48499323280793,9,20,0.5
"s5","s4",4.31456918406296,9,20,0.5
"s5","s4",3.63067310822105,9,20,0.5
"s5","s4",2.93643888142209,9,20,0.5
"s5","s4",2.84502024107839,9,20,0.5
"s5","s4",3.45098310149505,9,20,0.5
"s5","s4",2.7191040102313,9,20,0.5
"s5","s4",3.77770916820204,9,20,0.5
"s5","s4",2.7191040102313,9,20,0.5
"s5","s4",3.53726814707337,9,20,0.5
"s5","s4",2.68707861328801,9,20,0.5
"s5","s4",3.27922001385828,9,20,0.5
"s5","s4",2.57255189690563,9,20,0.5
"s5","s4",2.69153615147895,9,20,0.5
"s5","s4",2.57316236612142,9,20,0.5
"s5","s4",2.46798778772153,9,20,0.5
"s5","s4",3.64057736108164,9,20,0.5
"s5","s4",2.76246729742104,9,20,0.5
"s5","s4",3.40161806895071,9,20,0.5
"s5","s4",4.04311542310008,9,20,0.5
"s5","s4",3.23781243932873,9,20,0.5
"s5","s4",3.68802245333732,9,20,0.5
"s5","s4",3.53777038261713,9,20,0.5
"s5","s4",2.89454127712783,9,20,0.5
"s5","s4",3.29191354471326,9,20,0.5
"s5","s4",2.95204106934034,9,20,0.5
"s5","s4",3.25444963212352,9,20,0.5
"s5","s4",3.68802245333732,9,20,0.5
"s5","s4",3.47410153993,9,20,0.5
"s5","s4",3.33924995081497,9,20,0.5
"s5","s4",3.07995084793342,9,20,0.5
"s5","s4",2.92756336027832,9,20,0.5
"s5","s4",2.40001474809764,9,20,0.5
"s5","s4",3.53726814707337,9,20,0.5
"s5","s4",2.57070269236553,9,20,0.5
"s5","s4",2.98659236494165,9,20,0.5
"s5","s4",3.13816792650524,9,20,0.5
"s5","s4",2.83874571307655,9,20,0.5
"s5","s4",2.92943587880021,9,20,0.5
"s5","s4",4.48296623853502,9,20,0.5
"s5","s4",2.9141584874551,9,20,0.5
"s5","s4",2.89902205266679,9,20,0.5
"s5","s4",2.26154929613498,9,20,0.5
"s5","s4",3.30271203480428,9,20,0.5
"s5","s4",3.18589960659843,9,20,0.5
"s5","s4",3.04521542298308,9,20,0.5
"s5","s4",4.32521392464228,9,20,0.5
"s5","s4",3.29377665719781,9,20,0.5
"s5","s4",2.97464625988047,9,20,0.5
"s5","s4",2.88810858079557,9,20,0.5
"s5","s4",3.39689565751509,9,20,0.5
"s5","s4",3.15750085855302,9,20,0.5
"s5","s4",4.30885679328695,9,20,0.5
"s5","s4",2.73938363330276,9,20,0.5
"s5","s4",2.91751250960507,9,20,0.5
"s5","s4",3.35538162927183,9,20,0.5
"s5","s4",2.78883337745209,9,20,0.5
"s5","s4",3.13404084009106,9,20,0.5
"s5","s4",3.17092709574542,9,20,0.5
"s5","s4",3.29013108193193,9,20,0.5
"s5","s4",2.95204106934034,9,20,0.5
"s5","s4",4.45553518276939,9,20,0.5
"s5","s4",3.11879955400086,9,20,0.5
"s5","s4",2.70818567744904,9,20,0.5
"s5","s4",3.71784175040023,9,20,0.5
"s5","s4",3.30039479591405,9,20,0.5
"s5","s4",4.2231302629184,9,20,0.5
"s5","s4",2.73399649155034,9,20,0.5
"s5","s4",4.86222229054704,9,20,0.5
"s5","s4",3.18589960659843,9,20,0.5
"s5","s4",4.13558781835511,9,20,0.5
"s5","s4",2.98302308617771,9,20,0.5
"s5","s4",3.23781243932873,9,20,0.5
"s5","s4",2.95735731128203,9,20,0.5
"s5","s4",2.78906467318965,9,20,0.5
"s5","s4",3.38613500589475,9,20,0.5
"s5","s4",3.1335514561236,9,20,0.5
"s5","s4",2.88810858079557,9,20,0.5
"s5","s4",3.93178295358979,9,20,0.5
"s5","s4",4.79469976609387,9,20,0.5
"s5","s4",4.22333979300502,9,20,0.5
"s5","s4",3.44353032910525,9,20,0.5
"s5","s4",2.94807132208189,9,20,0.5
"s5","s4",3.65898998818602,9,20,0.5
"s5","s4",3.1783059966648,9,20,0.5
"s5","s4",2.86821696086354,9,20,0.5
"s5","s4",2.76885488108975,9,20,0.5
"s5","s4",3.36217736555539,9,20,0.5
"s5","s4",2.90776091629716,9,20,0.5
"s5","s4",2.25099271392348,9,20,0.5
"s5","s4",2.74138451713535,9,20,0.5
"s5","s4",3.71261864199153,9,20,0.5
"s5","s4",2.77274596062059,9,20,0.5
"s5","s4",2.91979119176679,9,20,0.5
"s5","s4",3.39422504570729,9,20,0.5
"s5","s4",2.95949945776765,9,20,0.5
"s5","s4",2.73733634383379,9,20,0.5
"s5","s4",2.92943587880021,9,20,0.5
"s5","s4",2.25015499063626,9,20,0.5
"s5","s4",2.68707861328801,9,20,0.5
"s5","s4",3.39986292304994,9,20,0.5
"s5","s4",2.96607069724209,9,20,0.5
"s5","s4",2.39322898349171,9,20,0.5
"s5","s4",3.53726814707337,9,20,0.5
"s5","s4",3.29968469721642,9,20,0.5
"s5","s4",2.91469253878512,9,20,0.5
"s5","s4",4.84632383227631,9,20,0.5
"s5","s4",2.81142991692622,9,20,0.5
"s5","s4",4.33636529875536,9,20,0.5
"s5","s4",2.75607971375232,9,20,0.5
"s5","s4",3.94070886011348,9,20,0.5
"s5","s4",3.25444963212352,9,20,0.5
"s5","s4",3.44353032910525,9,20,0.5
"s5","s4",2.91469253878512,9,20,0.5
"s5","s4",3.29742223246369,9,20,0.5
"s5","s4",2.91079199670001,9,20,0.5
"s5","s4",2.57641094606829,9,20,0.5
"s5","s4",3.53726814707337,9,20,0.5
"s5","s4",2.88388561787849,9,20,0.5
"s5","s4",3.49293935638746,9,20,0.5
"s5","s4",3.08110527421034,9,20,0.5
"s5","s4",2.90140055979035,9,20,0.5
"s5","s4",2.42061797404087,9,20,0.5
"s5","s4",3.40074049600033,9,20,0.5
"s5","s4",3.40161806895071,9,20,0.5
"s5","s4",2.80460569534196,9,20,0.5
"s5","s4",4.20047185408777,9,20,0.5
"s5","s4",2.9411487197849,9,20,0.5
"s5","s4",2.69580918768364,9,20,0.5
"s5","s4",2.81266753089538,9,20,0.5
"s5","s4",2.88810858079557,9,20,0.5
"s5","s4",3.53726814707337,9,20,0.5
"s5","s4",2.87191365091549,9,20,0.5
"s5","s4",3.93293211768564,9,20,0.5
"s5","s4",3.00075972009161,9,20,0.5
"s5","s4",2.74138451713535,9,20,0.5
"s5","s4",3.79067486593529,9,20,0.5
"s5","s4",2.38381102255534,9,20,0.5
"s5","s4",2.97242500979169,9,20,0.5
"s5","s4",2.67798254033664,9,20,0.5
"s5","s4",2.96317967352446,9,20,0.5
"s5","s4",3.99606039864974,9,20,0.5
"s5","s4",3.53633233324027,9,20,0.5
"s5","s4",3.23292414671698,9,20,0.5
"s5","s4",3.52720060842421,9,20,0.5
"s5","s4",3.23781243932873,9,20,0.5
"s5","s4",3.77163190386315,9,20,0.5
"s5","s4",3.38189771725305,9,20,0.5
"s5","s4",2.62786044086298,9,20,0.5
"s5","s4",3.26239539450397,9,20,0.5
"s5","s4",3.02411771640053,9,20,0.5
"s5","s4",2.42247131481632,9,20,0.5
"s5","s4",2.65833020483505,9,20,0.5
"s5","s4",2.37552923215669,9,20,0.5
"s5","s4",2.95499392437888,9,20,0.5
"s5","s4",2.85121869296263,9,20,0.5
"s5","s4",3.27770232090406,9,20,0.5
"s5","s4",2.91079199670001,9,20,0.5
"s5","s4",3.27135380270338,9,20,0.5
"s5","s4",3.52720060842421,9,20,0.5
"s5","s4",2.81142991692622,9,20,0.5
"s5","s4",2.93625321699198,9,20,0.5
"s5","s4",2.96642206006463,9,20,0.5
"s5","s4",3.47359277809829,9,20,0.5
"s5","s4",3.64941625614368,9,20,0.5
"s5","s4",2.54166652027642,9,20,0.5
"s5","s4",2.86821696086354,9,20,0.5
"s5","s4",3.02406316112199,9,20,0.5
"s5","s4",2.97136542267004,9,20,0.5
"s5","s4",2.30999618667316,9,20,0.5
"s5","s4",3.13845188950244,9,20,0.5
"s5","s4",2.9361648823711,9,20,0.5
"s5","s4",4.28889938807804,9,20,0.5
"s5","s4",3.31475189148235,9,20,0.5
"s5","s4",3.74434341117589,9,20,0.5
"s5","s4",3.63148175316585,9,20,0.5
"s5","s4",3.30788025098259,9,20,0.5
"s5","s4",2.94120358808881,9,20,0.5
"s5","s4",3.54834015681005,9,20,0.5
"s5","s4",4.68460220580424,9,20,0.5
"s5","s4",3.51325441664721,9,20,0.5
"s5","s4",2.98044528611032,9,20,0.5
"s5","s4",2.55814026533321,9,20,0.5
"s5","s4",2.76332118035215,9,20,0.5
"s5","s4",2.88235461992176,9,20,0.5
"s5","s4",3.7578915816295,9,20,0.5
"s5","s4",3.77163190386315,9,20,0.5
"s5","s4",2.88388561787849,9,20,0.5
"s5","s4",2.18049699634011,9,20,0.5
"s5","s4",3.38189771725305,9,20,0.5
"s5","s4",2.92943587880021,9,20,0.5
"s5","s4",3.54129420532427,9,20,0.5
"s5","s4",4.90261938082966,9,20,0.5
"s5","s4",3.56177362202373,9,20,0.5
"s5","s4",2.8115269012569,9,20,0.5
"s5","s4",3.31675439108698,9,20,0.5
"s5","s4",3.21032064997552,9,20,0.5
"s5","s4",3.29755075613618,9,20,0.5
"s5","s4",3.29742223246369,9,20,0.5
"s5","s4",2.68982533939156,9,20,0.5
"s5","s4",2.41524118902662,9,20,0.5
"s5","s4",3.42843523839614,9,20,0.5
"s5","s4",3.18117329240726,9,20,0.5
"s5","s4",2.93643888142209,9,20,0.5
"s5","s4",2.51998005381467,9,20,0.5
"s5","s4",3.37849984911127,9,20,0.5
"s5","s4",4.13558781835511,9,20,0.5
"s5","s4",3.3495201507072,9,20,0.5
"s5","s4",3.11879955400086,9,20,0.5
"s5","s4",2.96317967352446,9,20,0.5
"s5","s4",4.05571594362567,9,20,0.5
"s5","s4",4.50594877786825,9,20,0.5
"s5","s4",2.8120487239108,9,20,0.5
"s5","s4",3.35877949741361,9,20,0.5
"s5","s4",3.57585634729984,9,20,0.5
"s5","s4",2.83634137153358,9,20,0.5
"s5","s4",4.13558781835511,9,20,0.5
"s5","s4",3.74809983009882,9,20,0.5
"s5","s4",2.82282517099396,9,20,0.5
"s5","s4",3.66949975191466,9,20,0.5
"s5","s4",3.25444963212352,9,20,0.5
"s5","s4",2.84137594095969,9,20,0.5
"s5","s4",2.65833020483505,9,20,0.5
"s5","s4",2.7191040102313,9,20,0.5
"s5","s4",2.63333633254422,9,20,0.5
"s5","s4",3.2524419217956,9,20,0.5
"s5","s4",3.15234958029964,9,20,0.5
"s5","s4",2.39964686683145,9,20,0.5
"s5","s4",3.15728666945133,9,20,0.5
"s5","s4",2.62392368909945,9,20,0.5
"s5","s4",3.49785201047912,9,20,0.5
"s5","s4",2.48927274953449,9,20,0.5
"s5","s4",4.18280153329934,9,20,0.5
"s5","s4",3.99376023214557,9,20,0.5
"s5","s4",3.35877949741361,9,20,0.5
"s5","s4",3.66912081365354,9,20,0.5
"s5","s4",2.9411487197849,9,20,0.5
"s5","s4",2.57316236612142,9,20,0.5
"s5","s4",3.3120698880838,9,20,0.5
"s5","s4",3.34491976230932,9,20,0.5
"s5","s4",3.69002815780338,9,20,0.5
"s5","s4",2.99445122186346,9,20,0.5
"s5","s4",3.18589960659843,9,20,0.5
"s5","s4",2.8555368190656,9,20,0.5
"s5","s4",2.97136542267004,9,20,0.5
"s5","s4",2.54472751638672,9,20,0.5
"s5","s4",2.27210764036672,9,20,0.5
"s5","s4",2.91079199670001,9,20,0.5
"s5","s4",2.74773167352754,9,20,0.5
"s5","s4",4.00482525427142,9,20,0.5
"s5","s4",3.23536829302286,9,20,0.5
"s5","s4",2.86813647644678,9,20,0.5
"s5","s4",2.26627668267062,9,20,0.5
"s5","s4",2.39170317777878,9,20,0.5
"s5","s4",2.73677200886102,9,20,0.5
"s5","s4",2.86407659401487,9,20,0.5
"s5","s4",3.35538162927183,9,20,0.5
"s5","s4",2.92765360362,9,20,0.5
"s5","s4",2.81142991692622,9,20,0.5
"s5","s4",2.71823383412079,9,20,0.5
"s5","s4",2.93643888142209,9,20,0.5
"s5","s4",4.86179930566593,9,20,0.5
"s5","s4",3.7555690672144,9,20,0.5
"s5","s4",2.83511239711969,9,20,0.5
"s5","s4",2.91469253878512,9,20,0.5
"s5","s4",3.62913433737529,9,20,0.5
"s5","s4",2.78457416227159,9,20,0.5
"s5","s4",3.33924995081497,9,20,0.5
"s5","s4",3.31675439108698,9,20,0.5
"s5","s4",3.13845188950244,9,20,0.5
"s5","s4",2.67798254033664,9,20,0.5
"s5","s4",3.2241475005512,9,20,0.5
"s5","s4",4.43288986665387,9,20,0.5
"s5","s4",2.97464625988047,9,20,0.5
"s5","s4",2.43781881000772,9,20,0.5
"s5","s4",2.36211229456296,9,20,0.5
"s5","s4",2.96149246115089,9,20,0.5
"s5","s4",2.50770756458957,9,20,0.5
"s5","s4",4.2178902274992,9,20,0.5
"s5","s4",4.02192125347706,9,20,0.5
"s5","s4",3.11879955400086,9,20,0.5
"s5","s4",2.83136202466622,9,20,0.5
"s5","s4",2.69948917028872,9,20,0.5
"s5","s4",3.29968469721642,9,20,0.5
"s5","s4",2.95499392437888,9,20,0.5
"s5","s4",2.69000170142589,9,20,0.5
"s5","s4",3.2823743249365,9,20,0.5
"s5","s4",2.57102701334625,9,20,0.5
"s5","s4",3.71862858231183,9,20,0.5
"s5","s4",3.39986292304994,9,20,0.5
"s5","s4",3.0771892777773,9,20,0.5
"s5","s4",4.08138303157039,9,20,0.5
"s5","s4",3.01587741197641,9,20,0.5
"s5","s4",3.18344599075293,9,20,0.5
"s5","s4",3.08844614064886,9,20,0.5
"s5","s4",2.87157004465059,9,20,0.5
"s5","s4",2.64506551178877,9,20,0.5
"s5","s4",3.23781243932873,9,20,0.5
"s5","s4",4.52545828461258,9,20,0.5
"s5","s4",2.88388561787849,9,20,0.5
"s5","s4",3.14407462136061,9,20,0.5
"s5","s4",3.52720060842421,9,20,0.5
"s5","s4",2.68707861328801,9,20,0.5
"s5","s4",2.61877936123806,9,20,0.5
"s5","s4",3.89354165975215,9,20,0.5
"s5","s4",3.51246837829071,9,20,0.5
"s5","s4",3.47359277809829,9,20,0.5
"s5","s4",2.33571815950425,9,20,0.5
"s5","s4",2.91274226774257,9,20,0.5
"s5","s4",3.44353032910525,9,20,0.5
"s5","s4",3.18117329240726,9,20,0.5
"s5","s4",2.40692347876629,9,20,0.5
"s5","s4",3.01165225660664,9,20,0.5
"s5","s4",3.27872874967062,9,20,0.5
"s5","s4",2.41734629726878,9,20,0.5
"s5","s4",3.05213802528008,9,20,0.5
"s5","s4",2.57316236612142,9,20,0.5
"s5","s4",2.75607971375232,9,20,0.5
"s5","s4",3.16646176119803,9,20,0.5
"s5","s4",3.12581177154141,9,20,0.5
"s5","s4",3.67482750961096,9,20,0.5
"s5","s4",3.00865711665702,9,20,0.5
"s5","s4",2.92529868443859,9,20,0.5
"s5","s4",2.97242500979169,9,20,0.5
"s5","s4",2.61877936123806,9,20,0.5
"s5","s4",2.72043684371203,9,20,0.5
"s5","s4",3.11879955400086,9,20,0.5
"s5","s4",2.18759258268304,9,20,0.5
"s5","s4",3.59634663562325,9,20,0.5
"s5","s4",3.25444963212352,9,20,0.5
"s5","s4",2.76885488108975,9,20,0.5
"s5","s4",2.90320002602901,9,20,0.5
"s5","s4",3.55456887152457,9,20,0.5
"s5","s4",2.57102701334625,9,20,0.5
"s5","s4",3.30788025098259,9,20,0.5
"s5","s4",3.45211344330292,9,20,0.5
"s5","s4",3.29013108193193,9,20,0.5
"s5","s4",4.42200082259493,9,20,0.5
"s5","s4",2.6347191620205,9,20,0.5
"s5","s4",3.29999490244206,9,20,0.5
"s5","s4",2.81142991692622,9,20,0.5
"s5","s4",2.87157004465059,9,20,0.5
"s5","s4",2.98170884224549,9,20,0.5
"s5","s4",2.81142991692622,9,20,0.5
"s5","s4",2.38595487569859,9,20,0.5
"s5","s4",2.95678686478829,9,20,0.5
"s5","s4",2.83982343889488,9,20,0.5
"s5","s4",2.57102701334625,9,20,0.5
"s5","s4",2.26477254124521,9,20,0.5
"s5","s4",2.57965952601517,9,20,0.5
"s5","s4",2.88409079593838,9,20,0.5
"s5","s4",3.26732641740931,9,20,0.5
"s5","s4",4.2231302629184,9,20,0.5
"s5","s4",3.25444963212352,9,20,0.5
"s5","s4",2.69419715216095,9,20,0.5
"s5","s4",2.60394076407096,9,20,0.5
"s5","s4",3.75295456605793,9,20,0.5
"s5","s4",2.01609337363695,9,20,0.5
"s5","s4",3.52002326543762,9,20,0.5
"s5","s4",2.51998005381467,9,20,0.5
"s5","s4",2.49050258641243,9,20,0.5
"s5","s4",2.99099267469928,9,20,0.5
"s5","s4",2.53171268237472,9,20,0.5
"s5","s4",3.66949975191466,9,20,0.5
"s5","s4",2.62392368909945,9,20,0.5
"s5","s4",2.68707861328801,9,20,0.5
"s5","s4",3.99826089091462,9,20,0.5
"s5","s4",2.77602558209907,9,20,0.5
"s5","s4",3.05489611435007,9,20,0.5
"s5","s4",2.51287096734485,9,20,0.5
"s5","s4",2.32639164148666,9,20,0.5
"s5","s4",3.39689565751509,9,20,0.5
"s5","s4",3.27922001385828,9,20,0.5
"s5","s4",2.9141584874551,9,20,0.5
"s5","s4",3.1855775212924,9,20,0.5
"s5","s4",3.28832112316099,9,20,0.5
"s5","s4",2.78883337745209,9,20,0.5
"s5","s4",2.17705917181127,9,20,0.5
"s5","s4",3.87697599013962,9,20,0.5
"s5","s4",2.84829714687462,9,20,0.5
"s5","s4",3.08672669950688,9,20,0.5
"s5","s4",2.76885488108975,9,20,0.5
"s5","s4",2.79893530499401,9,20,0.5
"s5","s4",3.26665947131552,9,20,0.5
"s5","s4",2.94221490158955,9,20,0.5
"s5","s4",3.65557043524807,9,20,0.5
"s5","s4",3.34491976230932,9,20,0.5
"s5","s4",3.59408595200752,9,20,0.5
"s5","s4",3.81025914204799,9,20,0.5
"s5","s4",3.18589960659843,9,20,0.5
"s5","s4",2.72660846596533,9,20,0.5
"s5","s4",2.95132059046789,9,20,0.5
"s5","s4",3.74415567529955,9,20,0.5
"s5","s4",4.23205665306004,9,20,0.5
"s5","s4",2.79182560172701,9,20,0.5
"s5","s4",3.16607220199483,9,20,0.5
"s5","s4",2.31176473893188,9,20,0.5
"s5","s4",3.17586185035892,9,20,0.5
"s5","s4",2.63333633254422,9,20,0.5
"s5","s4",2.88810858079557,9,20,0.5
"s5","s4",3.14928212618127,9,20,0.5
"s5","s4",3.23781243932873,9,20,0.5
"s5","s4",3.67388145984356,9,20,0.5
"s5","s4",2.88810858079557,9,20,0.5
"s5","s4",2.6317971926265,9,20,0.5
"s5","s4",3.79067486593529,9,20,0.5
"s5","s4",3.11226393820536,9,20,0.5
"s5","s4",2.97300584127525,9,20,0.5
"s5","s4",2.8415066416139,9,20,0.5
"s5","s4",2.54657120996804,9,20,0.5
"s5","s4",3.25043421146768,9,20,0.5
"s5","s4",2.64103628432466,9,20,0.5
"s5","s4",2.88810858079557,9,20,0.5
"s5","s4",2.97242500979169,9,20,0.5
"s5","s4",2.88810858079557,9,20,0.5
"s5","s4",4.58092732397353,9,20,0.5
"s5","s4",3.13845188950244,9,20,0.5
"s5","s4",3.29742223246369,9,20,0.5
"s5","s4",2.38381102255534,9,20,0.5
"s5","s4",3.01778308685783,9,20,0.5
"s5","s4",3.27971003123198,9,20,0.5
"s5","s4",3.40161806895071,9,20,0.5
"s5","s4",2.91469253878512,9,20,0.5
"s5","s4",3.50277838380187,9,20,0.5
"s5","s4",2.82852516915782,9,20,0.5
"s5","s4",2.2240793200775,9,20,0.5
"s5","s4",4.42200082259493,9,20,0.5
"s5","s4",3.22712627826085,9,20,0.5
"s5","s4",3.67376364456068,9,20,0.5
"s5","s4",2.85129476908022,9,20,0.5
"s5","s4",3.41045828743674,9,20,0.5
"s5","s4",3.28116494155306,9,20,0.5
"s5","s4",3.40247064859792,9,20,0.5
"s5","s4",2.72660846596533,9,20,0.5
"s5","s4",2.81445237607849,9,20,0.5
"s5","s4",2.73938565721627,9,20,0.5
"s5","s4",2.35190064707065,9,20,0.5
"s5","s4",3.59674296167377,9,20,0.5
"s5","s4",2.84741090181678,9,20,0.5
"s5","s4",3.07863251463424,9,20,0.5
"s5","s4",4.08985086100566,9,20,0.5
"s5","s4",2.95499392437888,9,20,0.5
"s5","s4",3.45219822637629,9,20,0.5
"s5","s4",2.75607971375232,9,20,0.5
"s5","s4",2.743716219894,9,20,0.5
"s5","s4",3.40161806895071,9,20,0.5
"s5","s4",3.30039479591405,9,20,0.5
"s5","s4",3.23781243932873,9,20,0.5
"s5","s4",2.45660451865319,9,20,0.5
"s5","s4",3.1047217782512,9,20,0.5
"s5","s4",2.26766247396384,9,20,0.5
"s5","s4",3.47359277809829,9,20,0.5
"s5","s4",3.5214433285504,9,20,0.5
"s5","s4",2.58431999096697,9,20,0.5
"s5","s4",2.32657853024661,9,20,0.5
"s5","s4",2.53969338156453,9,20,0.5
"s5","s4",2.81038460751362,9,20,0.5
"s5","s4",3.27139143483459,9,20,0.5
"s5","s4",2.76510894729372,9,20,0.5
"s5","s4",3.42964862525176,9,20,0.5
"s5","s4",3.57553517404276,9,20,0.5
"s5","s4",3.44671172929208,9,20,0.5
"s5","s4",2.90877222979789,9,20,0.5
"s5","s4",3.39986292304994,9,20,0.5
"s5","s4",3.96664368895535,9,20,0.5
"s5","s4",4.58674295843349,9,20,0.5
"s5","s4",3.23781243932873,9,20,0.5
"s5","s4",2.6317971926265,9,20,0.5
"s5","s4",3.79067486593529,9,20,0.5
"s5","s4",2.69948917028872,9,20,0.5
"s5","s4",4.52545828461258,9,20,0.5
"s5","s4",2.26528310361746,9,20,0.5
"s5","s4",3.84210826284372,9,20,0.5
"s5","s4",4.28889938807804,9,20,0.5
"s5","s4",3.22178434345562,9,20,0.5
"s5","s4",3.14407462136061,9,20,0.5
"s5","s4",2.62528827693228,9,20,0.5
"s5","s4",2.18049699634011,9,20,0.5
"s5","s4",3.31807054595845,9,20,0.5
"s5","s4",2.86131566547752,9,20,0.5
"s5","s4",2.97136542267004,9,20,0.5
"s5","s4",3.79903247257669,9,20,0.5
"s5","s4",4.42812419238226,9,20,0.5
"s5","s4",2.62392368909945,9,20,0.5
"s5","s4",2.38775710016706,9,20,0.5
"s5","s4",3.24543501846943,9,20,0.5
"s5","s4",3.59309529830512,9,20,0.5
"s5","s4",3.42964862525176,9,20,0.5
"s5","s4",4.32521392464228,9,20,0.5
"s5","s4",3.36217736555539,9,20,0.5
"s5","s4",3.44671172929208,9,20,0.5
"s5","s4",2.99099267469928,9,20,0.5
"s5","s4",2.52128098436197,9,20,0.5
"s5","s4",3.64757986435144,9,20,0.5
"s5","s4",2.99099267469928,9,20,0.5
"s5","s4",2.91943977112869,9,20,0.5
"s5","s4",2.40516195249312,9,20,0.5
"s5","s4",2.96149246115089,9,20,0.5
"s5","s4",2.31170973794024,9,20,0.5
"s5","s4",3.42257419902798,9,20,0.5
"s5","s4",3.18589960659843,9,20,0.5
"s5","s4",2.6347191620205,9,20,0.5
"s5","s4",3.0771892777773,9,20,0.5
"s5","s4",2.68484088146752,9,20,0.5
"s5","s4",2.60017394015252,9,20,0.5
"s5","s4",4.02749017739358,9,20,0.5
"s5","s4",3.74809983009882,9,20,0.5
"s5","s4",2.9141584874551,9,20,0.5
"s5","s4",2.43162817212294,9,20,0.5
"s5","s4",2.9141584874551,9,20,0.5
"s5","s4",3.25444963212352,9,20,0.5
"s5","s4",2.76885488108975,9,20,0.5
"s5","s4",2.64652468342778,9,20,0.5
"s5","s4",2.82508781500139,9,20,0.5
"s5","s4",3.0801671870789,9,20,0.5
"s5","s4",2.73019551628435,9,20,0.5
"s5","s4",3.29346437356411,9,20,0.5
"s5","s4",3.18525543598637,9,20,0.5
"s5","s4",3.23781243932873,9,20,0.5
"s5","s4",2.81266753089538,9,20,0.5
"s5","s4",2.81445237607849,9,20,0.5
"s5","s4",2.17241488809074,9,20,0.5
"s5","s4",4.2231302629184,9,20,0.5
"s5","s4",3.26239539450397,9,20,0.5
"s5","s4",2.95499392437888,9,20,0.5
"s5","s4",3.7578915816295,9,20,0.5
"s5","s4",4.50594877786825,9,20,0.5
"s5","s4",3.25842251331374,9,20,0.5
"s5","s4",3.1783059966648,9,20,0.5
"s5","s4",3.28539500939768,9,20,0.5
"s5","s4",2.71304881812702,9,20,0.5
"s5","s4",2.35190064707065,9,20,0.5
"s5","s4",3.24896384174712,9,20,0.5
"s5","s4",2.91859839754868,9,20,0.5
"s5","s4",3.04672290694066,9,20,0.5
"s5","s4",3.29013108193193,9,20,0.5
"s5","s4",2.75607971375232,9,20,0.5
"s5","s4",1.87805972707649,9,20,0.5
"s5","s4",2.92943587880021,9,20,0.5
"s5","s4",2.81445237607849,9,20,0.5
"s5","s4",2.92155125258723,9,20,0.5
"s5","s4",2.94096823310154,9,20,0.5
"s5","s4",2.6998573609852,9,20,0.5
"s5","s4",2.79438726851833,9,20,0.5
"s5","s4",4.47055500150452,9,20,0.5
"s5","s4",2.87157004465059,9,20,0.5
"s5","s4",2.92792062928501,9,20,0.5
"s5","s4",2.81142991692622,9,20,0.5
"s5","s4",2.81120093371949,9,20,0.5
"s5","s4",2.94496875969838,9,20,0.5
"s5","s4",3.51769148669941,9,20,0.5
"s5","s4",3.05278354125575,9,20,0.5
"s5","s4",4.26352735320102,9,20,0.5
"s5","s4",3.08755943892753,9,20,0.5
"s5","s4",2.87605128937102,9,20,0.5
"s5","s4",4.24472121273917,9,20,0.5
"s5","s4",2.97136542267004,9,20,0.5
"s5","s4",2.99099267469928,9,20,0.5
"s5","s4",4.07812463064309,9,20,0.5
"s5","s4",3.39986292304994,9,20,0.5
"s5","s4",3.35538162927183,9,20,0.5
"s5","s4",2.92436457469935,9,20,0.5
"s5","s4",3.69327733520164,9,20,0.5
"s5","s4",3.28614842387488,9,20,0.5
"s5","s4",2.75607971375232,9,20,0.5
"s5","s4",4.30392444348364,9,20,0.5
"s5","s4",2.2488668227095,9,20,0.5
"s5","s4",3.15468949262393,9,20,0.5
"s5","s4",2.5103959570967,9,20,0.5
"s5","s4",2.83847097912383,9,20,0.5
"s5","s4",2.91469253878512,9,20,0.5
"s5","s4",3.39431324758765,9,20,0.5
"s5","s4",3.1217451050337,9,20,0.5
"s5","s4",3.69829611543173,9,20,0.5
"s5","s4",4.26368005077249,9,20,0.5
"s5","s4",2.90776091629716,9,20,0.5
"s5","s4",3.29742223246369,9,20,0.5
"s5","s4",2.68707861328801,9,20,0.5
"s5","s4",3.2145731553258,9,20,0.5
"s5","s4",2.87191365091549,9,20,0.5
"s5","s4",3.39983177078867,9,20,0.5
"s5","s4",2.93643888142209,9,20,0.5
"s5","s4",2.91095970187613,9,20,0.5
"s5","s4",3.22712627826085,9,20,0.5
"s5","s4",3.34864257775682,9,20,0.5
"s5","s4",3.24528537294307,9,20,0.5
"s5","s4",3.87845721517168,9,20,0.5
"s5","s4",2.9928492539285,9,20,0.5
"s5","s4",2.74873211544384,9,20,0.5
"s5","s4",3.85390926985383,9,20,0.5
"s5","s4",2.52899508250781,9,20,0.5
"s5","s4",2.81142991692622,9,20,0.5
"s5","s4",3.114402557014,9,20,0.5
"s5","s4",2.73724006795547,9,20,0.5
"s5","s4",3.39986292304994,9,20,0.5
"s5","s4",3.01647902072798,9,20,0.5
"s5","s4",2.68707861328801,9,20,0.5
"s5","s4",3.0771892777773,9,20,0.5
"s5","s4",3.20436976753708,9,20,0.5
"s5","s4",2.55863970664617,9,20,0.5
"s5","s4",2.81355995348693,9,20,0.5
"s5","s4",2.87157004465059,9,20,0.5
"s5","s4",3.23717624909495,9,20,0.5
"s5","s4",4.09130560425161,9,20,0.5
"s5","s4",3.37239134267963,9,20,0.5
"s5","s4",2.97464625988047,9,20,0.5
"s5","s4",3.5214433285504,9,20,0.5
"s5","s4",3.77163190386315,9,20,0.5
"s5","s4",3.39689565751509,9,20,0.5
"s5","s4",2.70968352873599,9,20,0.5
"s5","s4",3.18649174581037,9,20,0.5
"s5","s4",3.62216473397727,9,20,0.5
"s5","s4",3.7555690672144,9,20,0.5
"s5","s4",2.81266753089538,9,20,0.5
"s5","s4",3.37633269244312,9,20,0.5
"s5","s4",2.75607971375232,9,20,0.5
"s5","s4",2.51998005381467,9,20,0.5
"s5","s4",3.04457349901638,9,20,0.5
"s5","s4",3.02462194310123,9,20,0.5
"s5","s4",4.23456589823321,9,20,0.5
"s5","s4",3.63567814186188,9,20,0.5
"s5","s4",4.50594877786825,9,20,0.5
"s5","s4",3.29742223246369,9,20,0.5
"s5","s4",2.34321565760994,9,20,0.5
"s5","s4",3.23292414671698,9,20,0.5
"s5","s4",3.41231142044395,9,20,0.5
"s5","s4",4.22326847772953,9,20,0.5
"s5","s4",3.18525543598637,9,20,0.5
"s5","s4",4.23456589823321,9,20,0.5
"s5","s4",3.52403579068836,9,20,0.5
"s5","s4",3.39101790400332,9,20,0.5
"s5","s4",3.23292414671698,9,20,0.5
"s5","s4",3.31675439108698,9,20,0.5
"s5","s4",2.95499392437888,9,20,0.5
"s5","s4",3.17809126586589,9,20,0.5
"s5","s4",3.29191354471326,9,20,0.5
"s5","s4",3.14407462136061,9,20,0.5
"s5","s4",4.13558781835511,9,20,0.5
"s5","s4",2.66570498537044,9,20,0.5
"s5","s4",3.80418561225624,9,20,0.5
"s5","s4",3.25043421146768,9,20,0.5
"s5","s4",2.87157004465059,9,20,0.5
"s5","s4",3.40161806895071,9,20,0.5
"s5","s4",3.27135380270338,9,20,0.5
"s5","s4",3.89099467990627,9,20,0.5
"s5","s4",3.07676089957393,9,20,0.5
"s5","s4",4.52545828461258,9,20,0.5
"s5","s4",3.02997413689288,9,20,0.5
"s5","s4",2.94302898072758,9,20,0.5
"s5","s4",3.89354165975215,9,20,0.5
"s5","s4",3.78115338489922,9,20,0.5
"s5","s4",3.17092709574542,9,20,0.5
"s5","s4",3.0771892777773,9,20,0.5
"s5","s4",3.44671172929208,9,20,0.5
"s5","s4",3.69505173034815,9,20,0.5
"s5","s4",2.90505556787329,9,20,0.5
"s5","s4",3.13133025308618,9,20,0.5
"s5","s4",2.73328817053223,9,20,0.5
"s5","s4",3.44671172929208,9,20,0.5
"s5","s4",3.74809983009882,9,20,0.5
"s5","s4",2.78883337745209,9,20,0.5
"s5","s4",3.71862858231183,9,20,0.5
"s5","s4",3.35329424964557,9,20,0.5
"s5","s4",3.23292414671698,9,20,0.5
"s5","s4",3.14486332487314,9,20,0.5
"s5","s4",3.30831349883946,9,20,0.5
"s5","s4",2.94096823310154,9,20,0.5
"s5","s4",2.71304881812702,9,20,0.5
"s5","s4",4.2231302629184,9,20,0.5
"s5","s4",3.66912081365354,9,20,0.5
"s5","s4",3.32275635560188,9,20,0.5
"s5","s4",2.76197889778718,9,20,0.5
"s5","s4",3.89354165975215,9,20,0.5
"s5","s4",3.30039479591405,9,20,0.5
"s5","s4",2.69948917028872,9,20,0.5
"s5","s4",3.32275635560188,9,20,0.5
"s5","s4",2.99099267469928,9,20,0.5
"s5","s4",2.69948917028872,9,20,0.5
"s5","s4",2.69419715216095,9,20,0.5
"s5","s4",2.61877936123806,9,20,0.5
"s5","s4",3.21425107001977,9,20,0.5
"s5","s4",2.85121869296263,9,20,0.5
"s5","s4",4.13558781835511,9,20,0.5
"s5","s4",2.72660846596533,9,20,0.5
"s5","s4",2.7191040102313,9,20,0.5
"s5","s4",2.39322898349171,9,20,0.5
"s5","s4",2.83874571307655,9,20,0.5
"s5","s4",3.29048749718289,9,20,0.5
"s5","s4",2.92011393775011,9,20,0.5
"s5","s4",3.59674296167377,9,20,0.5
"s5","s4",3.73826008197067,9,20,0.5
"s5","s4",2.89733880728925,9,20,0.5
"s5","s4",3.55756596580666,9,20,0.5
"s5","s4",2.91079199670001,9,20,0.5
"s5","s4",3.53726814707337,9,20,0.5
"s5","s4",4.39230400961956,9,20,0.5
"s5","s4",2.72660846596533,9,20,0.5
"s5","s4",3.22382541524517,9,20,0.5
"s5","s4",2.60394076407096,9,20,0.5
"s5","s4",3.17092709574542,9,20,0.5
"s5","s4",2.86821696086354,9,20,0.5
"s5","s4",4.0457502872548,9,20,0.5
"s5","s4",3.18525543598637,9,20,0.5
"s5","s4",2.69948917028872,9,20,0.5
"s5","s4",2.93955062774743,9,20,0.5
"s5","s4",2.70508672821991,9,20,0.5
"s5","s4",2.67921380144581,9,20,0.5
"s5","s4",3.68214504618809,9,20,0.5
"s5","s4",4.33636529875536,9,20,0.5
"s5","s4",3.29742223246369,9,20,0.5
"s5","s4",2.84852397342693,9,20,0.5
"s5","s4",2.90113353412533,9,20,0.5
"s5","s4",3.44512102919867,9,20,0.5
"s5","s4",3.11879955400086,9,20,0.5
"s5","s4",3.18662459306219,9,20,0.5
"s5","s4",3.07337394856863,9,20,0.5
"s5","s4",3.30039479591405,9,20,0.5
"s5","s4",2.17705917181127,9,20,0.5
"s5","s4",3.7578915816295,9,20,0.5
"s5","s4",2.57209468973383,9,20,0.5
"s5","s4",3.22661301200387,9,20,0.5
"s5","s4",3.70818236549444,9,20,0.5
"s5","s4",3.30369944179989,9,20,0.5
"s5","s4",2.95499392437888,9,20,0.5
"s5","s4",3.01604004075263,9,20,0.5
"s5","s4",2.91485471100721,9,20,0.5
"s5","s4",3.44353032910525,9,20,0.5
"s5","s4",4.51600909025601,9,20,0.5
"s5","s4",2.82146115987002,9,20,0.5
"s5","s4",2.88810858079557,9,20,0.5
"s5","s4",4.23456589823321,9,20,0.5
"s5","s4",3.48407752892124,9,20,0.5
"s5","s4",3.97087942261512,9,20,0.5
"s5","s4",2.81718469113124,9,20,0.5
"s5","s4",2.90877222979789,9,20,0.5
"s5","s4",2.74074734453277,9,20,0.5
"s5","s4",3.52720060842421,9,20,0.5
"s5","s4",4.80986802956506,9,20,0.5
"s5","s4",3.1137731938935,9,20,0.5
"s5","s4",2.7328243903458,9,20,0.5
"s5","s4",3.02798219955376,9,20,0.5
"s5","s4",2.97464625988047,9,20,0.5
"s5","s4",4.37363675677707,9,20,0.5
"s5","s4",2.31014996862924,9,20,0.5
"s5","s4",4.9376420019975,9,20,0.5
"s5","s4",3.23292414671698,9,20,0.5
"s5","s4",3.67463339877771,9,20,0.5
"s5","s4",2.91079199670001,9,20,0.5
"s5","s4",3.30497043034044,9,20,0.5
"s5","s4",2.74493151676263,9,20,0.5
"s5","s4",3.2438407434162,9,20,0.5
"s5","s4",3.52432196848731,9,20,0.5
"s5","s4",2.88810858079557,9,20,0.5
"s5","s4",3.49556300700085,9,20,0.5
"s5","s4",3.23781243932873,9,20,0.5
"s5","s4",3.20186587915239,9,20,0.5
"s5","s4",2.83874571307655,9,20,0.5
"s5","s4",2.97464625988047,9,20,0.5
