"from","to","interval","rep","Tmax","strength"
"s1","s2",6.83337096825232,2,300,0.2
"s1","s2",6.93743603958066,2,300,0.2
"s1","s2",6.54140348006996,2,300,0.2
"s1","s2",7.06565346408775,2,300,0.2
"s1","s2",6.87858678723256,2,300,0.2
"s1","s2",7.1465751511185,2,300,0.2
"s1","s2",6.45180087022385,2,300,0.2
"s1","s2",6.8435450962622,2,300,0.2
"s1","s2",7.57723812706595,2,300,0.2
"s1","s2",6.75879071876835,2,300,0.2
"s1","s2",6.54860311026667,2,300,0.2
"s1","s2",7.17153870663347,2,300,0.2
"s1","s2",7.26569701232924,2,300,0.2
"s1","s2",6.47455748699289,2,300,0.2
"s1","s2",6.38634564775823,2,300,0.2
"s1","s2",6.50495773149367,2,300,0.2
"s1","s2",6.90715214936202,2,300,0.2
"s1","s2",6.68934017865911,2,300,0.2
"s1","s2",6.77223811551647,2,300,0.2
"s1","s2",6.8149255508589,2,300,0.2
"s1","s2",6.4531853284744,2,300,0.2
"s1","s2",7.12103709591369,2,300,0.2
"s1","s2",6.4400416175759,2,300,0.2
"s1","s2",7.02734907660631,2,300,0.2
"s1","s2",6.45180087022385,2,300,0.2
"s1","s2",6.18366843633606,2,300,0.2
"s1","s2",6.51059533378364,2,300,0.2
"s1","s2",6.49260303100333,2,300,0.2
"s1","s2",6.83851897298386,2,300,0.2
"s1","s2",6.51495549390803,2,300,0.2
"s1","s2",6.86830772245523,2,300,0.2
"s1","s2",6.68819912431675,2,300,0.2
"s1","s2",6.53007652942958,2,300,0.2
"s1","s2",6.87387523642397,2,300,0.2
"s1","s2",6.77454901689069,2,300,0.2
"s1","s2",6.44100062356674,2,300,0.2
"s1","s2",6.56462406173817,2,300,0.2
"s1","s2",6.55409025711718,2,300,0.2
"s1","s2",6.51088266654638,2,300,0.2
"s1","s2",7.71342068724051,2,300,0.2
"s1","s2",6.81756908590373,2,300,0.2
"s1","s2",6.78449847119512,2,300,0.2
"s1","s2",7.11272922535957,2,300,0.2
"s1","s2",6.59672665249131,2,300,0.2
"s1","s2",6.4226310424186,2,300,0.2
"s1","s2",6.9058737617471,2,300,0.2
"s1","s2",6.48207110760809,2,300,0.2
"s1","s2",6.79964541262012,2,300,0.2
"s1","s2",6.92188018000651,2,300,0.2
"s1","s2",6.76449830567714,2,300,0.2
"s1","s2",6.8157297719317,2,300,0.2
"s1","s2",6.73705409312265,2,300,0.2
"s1","s2",6.24171865925697,2,300,0.2
"s1","s2",6.74631241960205,2,300,0.2
"s1","s2",6.15376622637042,2,300,0.2
"s1","s2",6.75535759546762,2,300,0.2
"s1","s2",6.28314666659034,2,300,0.2
"s1","s2",6.53461616475533,2,300,0.2
"s1","s2",6.56380135848795,2,300,0.2
"s1","s2",6.86948549318919,2,300,0.2
"s1","s2",6.61232851345443,2,300,0.2
"s1","s2",6.44224521212918,2,300,0.2
"s1","s2",6.67975632930192,2,300,0.2
"s1","s2",6.9508151849981,2,300,0.2
"s1","s2",6.36987334271598,2,300,0.2
"s1","s2",6.54600445525386,2,300,0.2
"s1","s2",6.95986099164982,2,300,0.2
"s1","s2",6.56679647098009,2,300,0.2
"s1","s2",6.79827751902187,2,300,0.2
"s1","s2",7.1003979278874,2,300,0.2
"s1","s2",5.96772972696478,2,300,0.2
"s1","s2",7.6046658202709,2,300,0.2
"s1","s2",6.4056831835133,2,300,0.2
"s1","s2",7.25583697868427,2,300,0.2
"s1","s2",7.1474111514006,2,300,0.2
"s1","s2",6.68093767987148,2,300,0.2
"s1","s2",6.30226163360857,2,300,0.2
"s1","s2",7.2702622188715,2,300,0.2
"s1","s2",6.90636094500685,2,300,0.2
"s1","s2",6.69854989511033,2,300,0.2
"s1","s2",6.89662489641975,2,300,0.2
"s1","s2",6.95130457518374,2,300,0.2
"s1","s2",6.65732099642402,2,300,0.2
"s1","s2",7.05274700267341,2,300,0.2
"s1","s2",7.1757769451407,2,300,0.2
"s1","s2",6.58871274492242,2,300,0.2
"s1","s2",5.92685718308429,2,300,0.2
"s1","s2",6.52264964159153,2,300,0.2
"s1","s2",6.18205421988922,2,300,0.2
"s1","s2",6.48701391815732,2,300,0.2
"s1","s2",7.06517375210161,2,300,0.2
"s1","s2",6.77456013273381,2,300,0.2
"s1","s2",6.92555387652104,2,300,0.2
"s1","s2",6.58977492496731,2,300,0.2
"s1","s2",6.69302585886416,2,300,0.2
"s1","s2",6.4056831835133,2,300,0.2
"s1","s2",6.42413748342175,2,300,0.2
"s1","s2",6.54704318656496,2,300,0.2
"s1","s2",6.72934115101781,2,300,0.2
"s1","s2",6.77894388951881,2,300,0.2
"s1","s2",6.80598028169544,2,300,0.2
"s1","s2",6.59701417748386,2,300,0.2
"s1","s2",7.12022225945393,2,300,0.2
"s1","s2",6.71461981428199,2,300,0.2
"s1","s2",6.39042264992075,2,300,0.2
"s1","s2",7.1876681719687,2,300,0.2
"s1","s2",7.46958164408642,2,300,0.2
"s1","s2",6.9739692445382,2,300,0.2
"s1","s2",6.16504760669361,2,300,0.2
"s1","s2",6.90122912214819,2,300,0.2
"s1","s2",6.48110312710324,2,300,0.2
"s1","s2",6.37481949375046,2,300,0.2
"s1","s2",7.01418679863662,2,300,0.2
"s1","s2",7.04526289187585,2,300,0.2
"s1","s2",6.58476979331214,2,300,0.2
"s1","s2",7.23714469095302,2,300,0.2
"s1","s2",6.99176533398293,2,300,0.2
"s1","s2",7.2736431304133,2,300,0.2
"s1","s2",6.59424174035525,2,300,0.2
"s1","s2",6.40744497134858,2,300,0.2
"s1","s2",6.59039405624325,2,300,0.2
"s1","s2",6.92284506235755,2,300,0.2
"s1","s2",7.03470181013435,2,300,0.2
"s1","s2",6.21973679367634,2,300,0.2
"s1","s2",6.64979035295312,2,300,0.2
"s1","s2",7.17588893361022,2,300,0.2
"s1","s2",6.89090797049084,2,300,0.2
"s1","s2",6.7736147965485,2,300,0.2
"s1","s2",6.87900427806142,2,300,0.2
"s1","s2",5.91979135220613,2,300,0.2
"s1","s2",6.83316855150611,2,300,0.2
"s1","s2",6.7227217173279,2,300,0.2
"s1","s2",6.69195244043499,2,300,0.2
"s1","s2",6.59484950402931,2,300,0.2
"s1","s2",6.80058338847775,2,300,0.2
"s1","s2",6.48727766884532,2,300,0.2
"s1","s2",6.98441027454798,2,300,0.2
"s1","s2",6.96019516348176,2,300,0.2
"s1","s2",6.85045876445798,2,300,0.2
"s1","s2",6.96927787396995,2,300,0.2
"s1","s2",6.67454587558301,2,300,0.2
"s1","s2",7.2336412232077,2,300,0.2
"s1","s2",7.62988981358797,2,300,0.2
"s1","s2",6.5677058842067,2,300,0.2
"s1","s2",6.60361182393975,2,300,0.2
"s1","s2",6.65961450382807,2,300,0.2
"s1","s2",6.76858768194469,2,300,0.2
"s1","s2",6.86488558535976,2,300,0.2
"s1","s2",6.57759786073257,2,300,0.2
"s1","s2",7.06809980945692,2,300,0.2
"s1","s2",7.30097415231262,2,300,0.2
"s1","s2",6.75826400705104,2,300,0.2
"s1","s2",6.36904624538539,2,300,0.2
"s1","s2",6.80598028169544,2,300,0.2
"s1","s2",6.80629458170768,2,300,0.2
"s1","s2",6.82287692328394,2,300,0.2
"s1","s2",6.83109015586891,2,300,0.2
"s1","s2",6.98823737375649,2,300,0.2
"s1","s2",6.39332657780855,2,300,0.2
"s1","s2",6.42177451729732,2,300,0.2
"s1","s2",6.34031932846409,2,300,0.2
"s1","s2",7.16325150669985,2,300,0.2
"s1","s2",6.66073179252173,2,300,0.2
"s1","s2",6.5610046019319,2,300,0.2
"s1","s2",7.04098319715867,2,300,0.2
"s1","s2",6.68786865619586,2,300,0.2
"s1","s2",6.81219278743089,2,300,0.2
"s1","s2",6.87858678723256,2,300,0.2
"s1","s2",6.7475876714604,2,300,0.2
"s1","s2",6.68819912431675,2,300,0.2
"s1","s2",7.71354330525104,2,300,0.2
"s1","s2",6.60757516615607,2,300,0.2
"s1","s2",6.51950766778698,2,300,0.2
"s1","s2",6.79421767609064,2,300,0.2
"s1","s2",6.8244046570058,2,300,0.2
"s1","s2",6.74859691032644,2,300,0.2
"s1","s2",6.32064218911682,2,300,0.2
"s1","s2",6.71823046272018,2,300,0.2
"s1","s2",6.40507476970116,2,300,0.2
"s1","s2",6.59108013578195,2,300,0.2
"s1","s2",7.04712176231396,2,300,0.2
"s1","s2",6.87115510774686,2,300,0.2
"s1","s2",6.68672070828894,2,300,0.2
"s1","s2",6.66670180226618,2,300,0.2
"s1","s2",6.67481025050337,2,300,0.2
"s1","s2",6.50835037955893,2,300,0.2
"s1","s2",6.74073858448742,2,300,0.2
"s1","s2",6.46541079838893,2,300,0.2
"s1","s2",6.78477632165957,2,300,0.2
"s1","s2",7.01602681202868,2,300,0.2
"s1","s2",7.49111295602495,2,300,0.2
"s1","s2",6.6977617367734,2,300,0.2
"s1","s2",6.59955401774462,2,300,0.2
"s1","s2",6.26756942502715,2,300,0.2
"s1","s2",6.45598656723307,2,300,0.2
"s1","s2",6.57127747996266,2,300,0.2
"s1","s2",7.18880121206476,2,300,0.2
"s1","s2",7.4625284131682,2,300,0.2
"s1","s2",7.25839017794448,2,300,0.2
"s1","s2",6.49063523135926,2,300,0.2
"s1","s2",6.77324752991388,2,300,0.2
"s1","s2",6.62118140347847,2,300,0.2
"s1","s2",6.45180087022385,2,300,0.2
"s1","s2",6.71256508060486,2,300,0.2
"s1","s2",6.54929657790292,2,300,0.2
"s1","s2",6.77688214995115,2,300,0.2
"s1","s2",6.3197796880072,2,300,0.2
"s1","s2",6.62184045044339,2,300,0.2
"s1","s2",6.97236238188038,2,300,0.2
"s1","s2",6.43731373460886,2,300,0.2
"s1","s2",6.47963016798275,2,300,0.2
"s1","s2",6.65390030962232,2,300,0.2
"s1","s2",6.8361634089282,2,300,0.2
"s1","s2",6.53329046775006,2,300,0.2
"s1","s2",6.85002176730585,2,300,0.2
"s1","s2",6.71159670629429,2,300,0.2
"s1","s2",7.07577871233036,2,300,0.2
"s1","s2",6.14245059471138,2,300,0.2
"s1","s2",6.64653648116217,2,300,0.2
"s1","s2",7.27733184331113,2,300,0.2
"s1","s2",6.8010462357938,2,300,0.2
"s1","s2",6.57613243595217,2,300,0.2
"s1","s2",6.19359954531524,2,300,0.2
"s1","s2",6.96810554999168,2,300,0.2
"s1","s2",7.20990659495598,2,300,0.2
"s1","s2",7.16345420646545,2,300,0.2
"s1","s2",6.58960146114922,2,300,0.2
"s1","s2",6.70358602886182,2,300,0.2
"s1","s2",7.18444837001311,2,300,0.2
"s1","s2",7.14973544521256,2,300,0.2
"s1","s2",6.83661425481026,2,300,0.2
"s1","s2",6.41375866093364,2,300,0.2
"s1","s2",6.70674517364462,2,300,0.2
"s1","s2",6.70708329911849,2,300,0.2
"s1","s2",6.65626042824758,2,300,0.2
"s1","s2",6.55194370801797,2,300,0.2
"s1","s2",7.27477833571585,2,300,0.2
"s1","s2",6.88640730238005,2,300,0.2
"s1","s2",6.96876993335923,2,300,0.2
"s1","s2",6.40947214929268,2,300,0.2
"s1","s2",6.87417211412389,2,300,0.2
"s1","s2",6.2437859738187,2,300,0.2
"s1","s2",7.22707123017771,2,300,0.2
"s1","s2",6.5881105770632,2,300,0.2
"s1","s2",6.74472861140533,2,300,0.2
"s1","s2",6.64829347316408,2,300,0.2
"s1","s2",6.77547618770715,2,300,0.2
"s1","s2",6.46463150814932,2,300,0.2
"s1","s2",6.10732084348891,2,300,0.2
"s1","s2",6.5083507425139,2,300,0.2
"s1","s2",7.15115522583694,2,300,0.2
"s1","s2",6.36045002523777,2,300,0.2
"s1","s2",6.95834308422771,2,300,0.2
"s1","s2",7.24464028587773,2,300,0.2
"s1","s2",7.20599158186016,2,300,0.2
"s1","s2",6.69534568839404,2,300,0.2
"s1","s2",7.14538607373892,2,300,0.2
"s1","s2",7.03555599314285,2,300,0.2
"s1","s2",6.65831096560155,2,300,0.2
"s1","s2",6.67793391395064,2,300,0.2
"s1","s2",7.01602681202868,2,300,0.2
"s1","s2",6.43433321980111,2,300,0.2
"s1","s2",6.93391481924214,2,300,0.2
"s1","s2",6.88117023382577,2,300,0.2
"s1","s2",6.69673539300507,2,300,0.2
"s1","s2",6.77924351284375,2,300,0.2
"s1","s2",6.65645241118327,2,300,0.2
"s1","s2",7.25027975325116,2,300,0.2
"s1","s2",6.50714858788501,2,300,0.2
"s1","s2",6.86839986490583,2,300,0.2
"s1","s2",6.73484625994094,2,300,0.2
"s1","s2",6.70339522077219,2,300,0.2
"s1","s2",6.45138172429225,2,300,0.2
"s1","s2",6.82036731740491,2,300,0.2
"s1","s2",6.52550512931992,2,300,0.2
"s1","s2",7.19596545686721,2,300,0.2
"s1","s2",7.43534681039529,2,300,0.2
"s1","s2",6.91208470139367,2,300,0.2
"s1","s2",6.69228168974269,2,300,0.2
"s1","s2",6.44623916119647,2,300,0.2
"s1","s2",6.77196489780293,2,300,0.2
"s1","s2",6.72271886365978,2,300,0.2
"s1","s2",6.65215990877942,2,300,0.2
"s1","s2",6.79310531605479,2,300,0.2
"s1","s2",6.90699055105968,2,300,0.2
"s1","s2",6.74185740809315,2,300,0.2
"s1","s2",6.85204324980833,2,300,0.2
"s1","s2",7.22669261750081,2,300,0.2
"s1","s2",6.21928866934778,2,300,0.2
"s1","s2",6.86590299370305,2,300,0.2
"s1","s2",7.41124026298576,2,300,0.2
"s1","s2",6.2521277629231,2,300,0.2
"s1","s2",7.22318011607429,2,300,0.2
"s1","s2",6.45180087022385,2,300,0.2
"s1","s2",6.48870763525645,2,300,0.2
"s1","s2",6.79791534634288,2,300,0.2
"s1","s2",7.12353077872855,2,300,0.2
"s1","s2",7.22856353327774,2,300,0.2
"s1","s2",5.99929600392477,2,300,0.2
"s1","s2",6.29889974322536,2,300,0.2
"s1","s2",6.78859685752518,2,300,0.2
"s1","s2",7.03032913267276,2,300,0.2
"s1","s2",6.465801738063,2,300,0.2
"s1","s2",6.80536116350729,2,300,0.2
"s1","s2",6.86731419686203,2,300,0.2
"s1","s2",6.43433321980111,2,300,0.2
"s1","s2",6.93173747810294,2,300,0.2
"s1","s2",6.81113616787002,2,300,0.2
"s1","s2",6.69302228006509,2,300,0.2
"s1","s2",6.55591646771606,2,300,0.2
"s1","s2",6.52583317002559,2,300,0.2
"s1","s2",6.71714490288938,2,300,0.2
"s1","s2",6.88596773589461,2,300,0.2
"s1","s2",6.33715876762827,2,300,0.2
"s1","s2",6.61241201213934,2,300,0.2
"s1","s2",6.58514101834444,2,300,0.2
"s1","s2",6.99449616659209,2,300,0.2
"s1","s2",7.09739295896139,2,300,0.2
"s1","s2",6.86622852881824,2,300,0.2
"s1","s2",6.15983624650335,2,300,0.2
"s1","s2",6.45180087022385,2,300,0.2
"s1","s2",6.87444798505595,2,300,0.2
"s1","s2",6.70632083845854,2,300,0.2
"s1","s2",6.87758169333084,2,300,0.2
"s1","s2",6.59684758835143,2,300,0.2
"s1","s2",6.43121200208465,2,300,0.2
"s1","s2",7.15825097683637,2,300,0.2
"s1","s2",6.53045306558515,2,300,0.2
"s1","s2",6.92066695558266,2,300,0.2
"s1","s2",6.47778574030407,2,300,0.2
"s1","s2",6.01943653641484,2,300,0.2
"s1","s2",6.68510360371559,2,300,0.2
"s1","s2",6.17614494689525,2,300,0.2
"s1","s2",6.65328312208224,2,300,0.2
"s1","s2",7.05825694138429,2,300,0.2
"s1","s2",6.62118140347847,2,300,0.2
"s1","s2",6.86830772245523,2,300,0.2
"s1","s2",6.25425738864181,2,300,0.2
"s1","s2",6.88582913306527,2,300,0.2
"s1","s2",6.36496849147261,2,300,0.2
"s1","s2",6.84716785118343,2,300,0.2
"s1","s2",6.51513407007178,2,300,0.2
"s1","s2",6.89000825008694,2,300,0.2
"s1","s2",7.25262410581499,2,300,0.2
"s1","s2",6.46887890619566,2,300,0.2
"s1","s2",6.91799891229721,2,300,0.2
"s1","s2",6.79171879464013,2,300,0.2
"s1","s2",6.61238574541005,2,300,0.2
"s1","s2",5.97740229899517,2,300,0.2
"s1","s2",6.38466418712784,2,300,0.2
"s1","s2",6.97151910773863,2,300,0.2
"s1","s2",7.0008877737905,2,300,0.2
"s1","s2",6.32025548452344,2,300,0.2
"s1","s2",6.56304232167244,2,300,0.2
"s1","s2",6.36379928159003,2,300,0.2
"s1","s2",6.20426570652968,2,300,0.2
"s1","s2",6.90465729234801,2,300,0.2
"s1","s2",6.59081882937135,2,300,0.2
"s1","s2",6.88117023382577,2,300,0.2
"s1","s2",6.965114480558,2,300,0.2
"s1","s2",7.14361492880154,2,300,0.2
"s1","s2",6.63900622085156,2,300,0.2
"s1","s2",6.58645196645131,2,300,0.2
"s1","s2",6.34742467935541,2,300,0.2
"s1","s2",6.27665495811024,2,300,0.2
"s1","s2",6.36750141367557,2,300,0.2
"s1","s2",6.63795353649459,2,300,0.2
"s1","s2",6.30870278468868,2,300,0.2
"s1","s2",6.80536116350729,2,300,0.2
"s1","s2",7.29068334895728,2,300,0.2
"s1","s2",6.41978821305301,2,300,0.2
"s1","s2",6.56227070293649,2,300,0.2
"s1","s2",6.98621571519083,2,300,0.2
"s1","s2",6.8244046570058,2,300,0.2
"s1","s2",6.24984723604742,2,300,0.2
"s1","s2",7.13400561103008,2,300,0.2
"s1","s2",6.64054311421909,2,300,0.2
"s1","s2",6.70186654760542,2,300,0.2
"s1","s2",6.04690313859294,2,300,0.2
"s1","s2",7.1624322974975,2,300,0.2
"s1","s2",6.62483753817659,2,300,0.2
"s1","s2",7.11530266262234,2,300,0.2
"s1","s2",6.65585821458876,2,300,0.2
"s1","s2",6.54372472567306,2,300,0.2
"s1","s2",6.85149632300906,2,300,0.2
"s1","s2",6.91201851216411,2,300,0.2
"s1","s2",6.68648830447881,2,300,0.2
"s1","s2",7.08771622115759,2,300,0.2
"s1","s2",6.26549942863655,2,300,0.2
"s1","s2",6.86472927293425,2,300,0.2
"s1","s2",7.13181556072163,2,300,0.2
"s1","s2",6.28314666659034,2,300,0.2
"s1","s2",6.29594906904582,2,300,0.2
"s1","s2",6.79233791650881,2,300,0.2
"s1","s2",6.79589544414107,2,300,0.2
"s1","s2",6.71529558106657,2,300,0.2
"s1","s2",6.54421900106199,2,300,0.2
"s1","s2",6.57021942946687,2,300,0.2
"s1","s2",6.90699055105968,2,300,0.2
"s1","s2",6.59693078990975,2,300,0.2
"s1","s2",6.69601618903683,2,300,0.2
"s1","s2",6.85547633079158,2,300,0.2
"s1","s2",6.68541493628015,2,300,0.2
"s1","s2",6.95868114054215,2,300,0.2
"s1","s2",6.70515368198363,2,300,0.2
"s1","s2",6.75415427584338,2,300,0.2
"s1","s2",7.22922188326096,2,300,0.2
"s1","s2",6.56484900678288,2,300,0.2
"s1","s2",7.23714469095302,2,300,0.2
"s1","s2",6.45180087022385,2,300,0.2
"s1","s2",6.94425832342156,2,300,0.2
"s1","s2",6.47913949557719,2,300,0.2
"s1","s2",6.80667649929266,2,300,0.2
"s1","s2",6.44529764080545,2,300,0.2
"s1","s2",6.78552942616438,2,300,0.2
"s1","s2",6.45180087022385,2,300,0.2
"s1","s2",6.63839641001631,2,300,0.2
"s1","s2",6.70095979490832,2,300,0.2
"s1","s2",6.63254921255608,2,300,0.2
"s1","s2",6.2675221528884,2,300,0.2
"s1","s2",7.05830947818617,2,300,0.2
"s1","s2",6.63157247819485,2,300,0.2
"s1","s2",7.33108061269843,2,300,0.2
"s1","s2",6.34316935520803,2,300,0.2
"s1","s2",6.43989608767477,2,300,0.2
"s1","s2",6.4512813845399,2,300,0.2
"s1","s2",6.597971160874,2,300,0.2
"s1","s2",6.4406774521691,2,300,0.2
"s1","s2",6.63254921255608,2,300,0.2
"s1","s2",6.78302755313517,2,300,0.2
"s1","s2",7.25901903580494,2,300,0.2
"s1","s2",6.59469625048825,2,300,0.2
"s1","s2",6.47963016798275,2,300,0.2
"s1","s2",7.02978880290821,2,300,0.2
"s1","s2",6.67958690771611,2,300,0.2
"s1","s2",5.98186243033954,2,300,0.2
"s1","s2",6.96456460512658,2,300,0.2
"s1","s2",7.18814539216875,2,300,0.2
"s1","s2",6.80267692198033,2,300,0.2
"s1","s2",6.90318161771081,2,300,0.2
"s1","s2",7.58294648734739,2,300,0.2
"s1","s2",7.01418679863662,2,300,0.2
"s1","s2",7.17959573079722,2,300,0.2
"s1","s2",6.66125247749235,2,300,0.2
"s1","s2",6.74918076072633,2,300,0.2
"s1","s2",6.65932301401491,2,300,0.2
"s1","s2",6.68499524193606,2,300,0.2
"s1","s2",6.69128233808541,2,300,0.2
"s1","s2",6.374548622286,2,300,0.2
"s1","s2",6.44971206590233,2,300,0.2
"s1","s2",7.13181556072163,2,300,0.2
"s1","s2",6.86198004658503,2,300,0.2
"s1","s2",6.50336874024551,2,300,0.2
"s1","s2",5.75862895889879,2,300,0.2
"s1","s2",6.98527630996774,2,300,0.2
"s1","s2",6.86328983003789,2,300,0.2
"s1","s2",7.1927050720617,2,300,0.2
"s1","s2",6.86620275788059,2,300,0.2
"s1","s2",7.19158392534511,2,300,0.2
"s1","s2",6.41117030027849,2,300,0.2
"s1","s2",6.91350374469716,2,300,0.2
"s1","s2",6.597971160874,2,300,0.2
"s1","s2",7.16156670722567,2,300,0.2
"s1","s2",6.455346231516,2,300,0.2
"s1","s2",6.84066805247119,2,300,0.2
"s1","s2",6.32864308674448,2,300,0.2
"s1","s2",6.74542855806123,2,300,0.2
"s1","s2",6.32806373202204,2,300,0.2
"s1","s2",6.67672781196012,2,300,0.2
"s1","s2",7.22104332085542,2,300,0.2
"s1","s2",6.71961016670465,2,300,0.2
"s1","s2",6.90565573058419,2,300,0.2
"s1","s2",6.37852489639779,2,300,0.2
"s1","s2",7.10900471805182,2,300,0.2
"s1","s2",6.72742605545272,2,300,0.2
"s1","s2",6.30117954820124,2,300,0.2
"s1","s2",7.03233263270487,2,300,0.2
"s1","s2",6.55269962077801,2,300,0.2
"s1","s2",6.74693864366661,2,300,0.2
"s1","s2",6.45210531404732,2,300,0.2
"s1","s2",7.11652376165514,2,300,0.2
"s1","s2",7.21903199925157,2,300,0.2
"s1","s2",6.58450815789807,2,300,0.2
"s1","s2",6.45180087022385,2,300,0.2
"s1","s2",7.37227107590566,2,300,0.2
"s1","s2",5.91729051327357,2,300,0.2
"s1","s2",6.19289017292849,2,300,0.2
"s1","s2",6.21367982246743,2,300,0.2
"s1","s2",6.45180087022385,2,300,0.2
"s1","s2",6.49909887833887,2,300,0.2
"s1","s2",6.40804446940268,2,300,0.2
"s1","s2",7.45278469315392,2,300,0.2
"s1","s2",6.59680202556596,2,300,0.2
"s1","s2",6.84302101900862,2,300,0.2
"s1","s2",6.41345051260644,2,300,0.2
"s1","s2",6.61406943950104,2,300,0.2
"s1","s2",6.69789354745384,2,300,0.2
"s1","s2",6.44869888589236,2,300,0.2
"s1","s2",5.96624794964843,2,300,0.2
"s1","s2",6.96694414164,2,300,0.2
"s1","s2",6.24177125543549,2,300,0.2
"s1","s2",6.36612824696776,2,300,0.2
"s1","s2",6.66259111014447,2,300,0.2
"s1","s2",6.25859061639466,2,300,0.2
"s1","s2",6.61232851345443,2,300,0.2
"s1","s2",6.59571598855456,2,300,0.2
"s1","s2",7.06151985501367,2,300,0.2
"s1","s2",7.32284848770388,2,300,0.2
"s1","s2",6.58058975327475,2,300,0.2
"s1","s2",6.42830071668878,2,300,0.2
"s1","s2",6.52445321677319,2,300,0.2
"s1","s2",6.75532310160359,2,300,0.2
"s1","s2",6.59883846269345,2,300,0.2
"s1","s2",7.11708235456226,2,300,0.2
"s1","s2",6.79371665458108,2,300,0.2
"s1","s2",6.86127468716181,2,300,0.2
"s1","s2",6.12931679642172,2,300,0.2
"s1","s2",7.01418679863662,2,300,0.2
"s1","s2",6.83337096825232,2,300,0.2
"s1","s2",6.45180087022385,2,300,0.2
"s1","s2",6.60497016601681,2,300,0.2
"s1","s2",6.95986099164982,2,300,0.2
"s1","s2",6.45180087022385,2,300,0.2
"s1","s2",6.61409423099843,2,300,0.2
"s1","s2",6.66726835328567,2,300,0.2
"s1","s2",6.57425089794592,2,300,0.2
"s1","s2",6.45486000570946,2,300,0.2
"s1","s2",6.92027153120268,2,300,0.2
"s1","s2",6.53471724996181,2,300,0.2
"s1","s2",6.42752425739535,2,300,0.2
"s1","s2",6.78324646957797,2,300,0.2
"s1","s2",6.65585821458876,2,300,0.2
"s1","s2",7.01593148450018,2,300,0.2
"s1","s2",6.84982902631435,2,300,0.2
"s1","s2",6.56467843326713,2,300,0.2
"s1","s2",6.4621585790554,2,300,0.2
"s1","s2",6.16664664695945,2,300,0.2
"s1","s2",7.07226055927654,2,300,0.2
"s1","s2",7.14294431473911,2,300,0.2
"s1","s2",6.84007498190422,2,300,0.2
"s1","s2",6.59576937800219,2,300,0.2
"s1","s2",6.60583376779007,2,300,0.2
"s1","s2",6.93559999658527,2,300,0.2
"s1","s2",6.55895017167443,2,300,0.2
"s1","s2",6.74099927484599,2,300,0.2
"s1","s2",6.81529893047361,2,300,0.2
"s1","s2",6.72511306909939,2,300,0.2
"s1","s2",7.84761460815537,2,300,0.2
"s1","s2",6.96727933328485,2,300,0.2
"s1","s2",6.94717717160473,2,300,0.2
"s1","s2",6.86389852748236,2,300,0.2
"s1","s2",6.45275509275231,2,300,0.2
"s1","s2",6.42685855985398,2,300,0.2
"s1","s2",7.17195309101056,2,300,0.2
"s1","s2",6.64090507685069,2,300,0.2
"s1","s2",6.66975612193892,2,300,0.2
"s1","s2",6.62532898562784,2,300,0.2
"s1","s2",7.1764142088902,2,300,0.2
"s1","s2",7.33258353938996,2,300,0.2
"s1","s2",6.94943247522926,2,300,0.2
"s1","s2",7.10092708154138,2,300,0.2
"s1","s2",6.64846295144851,2,300,0.2
"s1","s2",6.47808739355813,2,300,0.2
"s1","s2",6.13205667248295,2,300,0.2
"s1","s2",6.76655323459268,2,300,0.2
"s1","s2",6.50502280792463,2,300,0.2
"s1","s2",6.58871274492242,2,300,0.2
"s1","s2",6.34312072997675,2,300,0.2
"s1","s2",6.45180087022385,2,300,0.2
"s1","s2",6.51528750917693,2,300,0.2
"s1","s2",6.69128233808541,2,300,0.2
"s1","s2",6.59739719897832,2,300,0.2
"s1","s2",7.31819365638583,2,300,0.2
"s1","s2",6.85287568342827,2,300,0.2
"s1","s2",6.76779580870317,2,300,0.2
"s1","s2",6.49949298693658,2,300,0.2
"s1","s2",6.44759932595056,2,300,0.2
"s1","s2",6.64380259692078,2,300,0.2
"s1","s2",6.25153189453952,2,300,0.2
"s1","s2",7.14321778002832,2,300,0.2
"s1","s2",6.83459230989021,2,300,0.2
"s1","s2",6.45822388276086,2,300,0.2
"s1","s2",6.4511288456827,2,300,0.2
"s1","s2",6.55591646771606,2,300,0.2
"s1","s2",6.31373880214963,2,300,0.2
"s1","s2",6.71229928043634,2,300,0.2
"s1","s2",7.12684720166171,2,300,0.2
"s1","s2",6.91442241672684,2,300,0.2
"s1","s2",6.73604222324843,2,300,0.2
"s1","s2",6.39303742328754,2,300,0.2
"s1","s2",6.78793155956794,2,300,0.2
"s1","s2",6.78072892742901,2,300,0.2
"s1","s2",7.59676558492819,2,300,0.2
"s1","s2",6.88798893110697,2,300,0.2
"s1","s2",6.41414608965289,2,300,0.2
"s1","s2",6.85493034000109,2,300,0.2
"s1","s2",7.00655430063818,2,300,0.2
"s1","s2",6.94093077648893,2,300,0.2
"s1","s2",6.3724560238062,2,300,0.2
"s1","s2",6.85314220059327,2,300,0.2
"s1","s2",6.57742032561034,2,300,0.2
"s1","s2",6.45944385683632,2,300,0.2
"s1","s2",6.46978940752986,2,300,0.2
"s1","s2",7.20141251057477,2,300,0.2
"s1","s2",6.54158729460743,2,300,0.2
"s1","s2",6.97480861096027,2,300,0.2
"s1","s2",6.31594537365635,2,300,0.2
"s1","s2",6.58231628031564,2,300,0.2
"s1","s2",7.41837222926924,2,300,0.2
"s1","s2",6.57759786073257,2,300,0.2
"s1","s2",6.71781853365646,2,300,0.2
"s1","s2",6.58750977459594,2,300,0.2
"s1","s2",6.50043210640124,2,300,0.2
"s1","s2",7.4240699528834,2,300,0.2
"s1","s2",6.69256959732103,2,300,0.2
"s1","s2",6.59576937800219,2,300,0.2
"s1","s2",6.85808930117279,2,300,0.2
"s1","s2",6.75031201996521,2,300,0.2
"s1","s2",6.51851568358898,2,300,0.2
"s1","s2",6.85792653235674,2,300,0.2
"s1","s2",7.24137105475653,2,300,0.2
"s1","s2",6.2555847630116,2,300,0.2
"s1","s2",6.65610109724498,2,300,0.2
"s1","s2",6.77036608464715,2,300,0.2
"s1","s2",6.88015031051043,2,300,0.2
"s1","s2",7.09442940441164,2,300,0.2
"s1","s2",6.97024594180934,2,300,0.2
"s1","s2",6.8703382569371,2,300,0.2
"s1","s2",6.40337095066355,2,300,0.2
"s1","s2",6.37685271043521,2,300,0.2
"s1","s2",6.95106581539575,2,300,0.2
"s1","s2",6.03176733575651,2,300,0.2
"s1","s2",6.63776674374121,2,300,0.2
"s1","s2",7.0572224720699,2,300,0.2
"s1","s2",6.85413754348905,2,300,0.2
"s1","s2",6.34048814944575,2,300,0.2
"s1","s2",6.76858768194469,2,300,0.2
"s1","s2",6.37892487818222,2,300,0.2
"s1","s2",6.70632083845854,2,300,0.2
"s1","s2",6.39292833582971,2,300,0.2
"s1","s2",6.53616237556355,2,300,0.2
"s1","s2",6.66826139430425,2,300,0.2
"s1","s2",6.7069216749903,2,300,0.2
"s1","s2",7.04081939658369,2,300,0.2
"s1","s2",6.92366857365093,2,300,0.2
"s1","s2",6.62645614702006,2,300,0.2
"s1","s2",6.29831213788459,2,300,0.2
"s1","s2",5.83644095072393,2,300,0.2
"s1","s2",6.80043464383505,2,300,0.2
"s1","s2",6.63581266999424,2,300,0.2
"s1","s2",6.69457933567342,2,300,0.2
"s1","s2",6.95603341083265,2,300,0.2
"s1","s2",6.65967471852645,2,300,0.2
"s1","s2",6.80420598268493,2,300,0.2
"s1","s2",6.34170345879945,2,300,0.2
"s1","s2",6.73053737784015,2,300,0.2
"s1","s2",6.56136187227804,2,300,0.2
"s1","s2",6.55594737620183,2,300,0.2
"s1","s2",6.68065083531647,2,300,0.2
"s1","s2",6.81182642302805,2,300,0.2
"s1","s2",6.81649401826323,2,300,0.2
"s1","s2",7.07210633049523,2,300,0.2
"s1","s2",6.79589544414107,2,300,0.2
"s1","s2",6.87954844429667,2,300,0.2
"s1","s2",6.75377625471933,2,300,0.2
"s1","s2",6.98511010473463,2,300,0.2
"s1","s2",6.67981789602916,2,300,0.2
"s1","s2",6.93499969942609,2,300,0.2
"s1","s2",7.24918858687226,2,300,0.2
"s1","s2",6.6906087762365,2,300,0.2
"s1","s2",7.40677047472332,2,300,0.2
"s1","s2",6.6266793014652,2,300,0.2
"s1","s2",6.74417992190717,2,300,0.2
"s1","s2",7.10245878349181,2,300,0.2
"s1","s2",7.35091237248149,2,300,0.2
"s1","s2",7.25839017794448,2,300,0.2
"s1","s2",6.58450815789807,2,300,0.2
"s1","s2",6.8369629640635,2,300,0.2
"s1","s2",6.97068576955853,2,300,0.2
"s1","s2",7.06957033209551,2,300,0.2
"s1","s2",6.67885999399458,2,300,0.2
"s1","s2",6.759336296029,2,300,0.2
"s1","s2",6.85232642437235,2,300,0.2
"s1","s2",6.88010151753432,2,300,0.2
"s1","s2",6.485002719639,2,300,0.2
"s1","s2",6.73969965792502,2,300,0.2
"s1","s2",7.0543810373271,2,300,0.2
"s1","s2",6.66654376170646,2,300,0.2
"s1","s2",6.58476511802982,2,300,0.2
"s1","s2",6.60015466377715,2,300,0.2
"s1","s2",6.31274500634545,2,300,0.2
"s1","s2",6.85301965156602,2,300,0.2
"s1","s2",6.58433579083023,2,300,0.2
"s1","s2",6.67779390297735,2,300,0.2
"s1","s2",6.58301761821082,2,300,0.2
"s1","s2",6.67476395814708,2,300,0.2
"s1","s2",6.88980210993549,2,300,0.2
"s1","s2",6.52107592303231,2,300,0.2
"s1","s2",6.6077288370422,2,300,0.2
"s1","s2",6.88199421081579,2,300,0.2
"s1","s2",7.14880279047426,2,300,0.2
"s1","s2",6.85801896516128,2,300,0.2
"s1","s2",6.35129387812348,2,300,0.2
"s1","s2",6.95106581539575,2,300,0.2
"s1","s2",6.62911275221464,2,300,0.2
"s1","s2",7.12823553846191,2,300,0.2
"s1","s2",7.1417745555939,2,300,0.2
"s1","s2",6.45180087022385,2,300,0.2
"s1","s2",6.42177097032447,2,300,0.2
"s1","s2",7.13378615500294,2,300,0.2
"s1","s2",6.28301411707227,2,300,0.2
"s1","s2",6.8729041770319,2,300,0.2
"s1","s2",6.57759786073257,2,300,0.2
"s1","s2",6.35191377027297,2,300,0.2
"s1","s2",7.01410520957747,2,300,0.2
"s1","s2",6.86328983003789,2,300,0.2
"s1","s2",6.68676224029349,2,300,0.2
"s1","s2",6.42851079080964,2,300,0.2
"s1","s2",6.24025556383839,2,300,0.2
"s1","s2",6.5812697015339,2,300,0.2
"s1","s2",7.260588112237,2,300,0.2
"s1","s2",6.2279198609064,2,300,0.2
"s1","s2",6.8032624378587,2,300,0.2
"s1","s2",6.51708590174252,2,300,0.2
"s1","s2",7.35263646939789,2,300,0.2
"s1","s2",6.69692958961149,2,300,0.2
"s1","s2",7.04478091413797,2,300,0.2
"s1","s2",7.24299875151857,2,300,0.2
"s1","s2",6.83022556282624,2,300,0.2
"s1","s2",6.67219854184481,2,300,0.2
"s1","s2",6.78510354617901,2,300,0.2
"s1","s2",6.92845914438793,2,300,0.2
"s1","s2",7.08938857519746,2,300,0.2
"s1","s2",6.70058878382568,2,300,0.2
"s1","s2",6.83286391034068,2,300,0.2
"s1","s2",6.65764611099843,2,300,0.2
"s1","s2",6.99341572257711,2,300,0.2
"s1","s2",7.15073050339675,2,300,0.2
"s1","s2",6.61504066784119,2,300,0.2
"s1","s2",6.41712549025294,2,300,0.2
"s1","s2",6.29463218461194,2,300,0.2
"s1","s2",6.24331236126466,2,300,0.2
"s1","s2",6.48656414655363,2,300,0.2
"s1","s2",6.08339809456069,2,300,0.2
"s1","s2",6.66164018521414,2,300,0.2
"s1","s2",6.10560249970386,2,300,0.2
"s1","s2",6.5428591001086,2,300,0.2
"s1","s2",7.00153906430378,2,300,0.2
"s1","s2",7.02809731989821,2,300,0.2
"s1","s2",6.75050269986154,2,300,0.2
"s1","s2",6.25925959615363,2,300,0.2
"s1","s2",6.53839920007006,2,300,0.2
"s1","s2",6.670047096668,2,300,0.2
"s1","s2",6.45180087022385,2,300,0.2
"s1","s2",6.71995391040193,2,300,0.2
"s1","s2",6.40521896189615,2,300,0.2
"s1","s2",6.93872034410271,2,300,0.2
"s1","s2",7.27020119863198,2,300,0.2
"s1","s2",6.79817902908601,2,300,0.2
"s1","s2",6.94682493038928,2,300,0.2
"s1","s2",6.8369629640635,2,300,0.2
"s1","s2",6.48870763525645,2,300,0.2
"s1","s2",6.66248208406861,2,300,0.2
"s1","s2",7.07419151616531,2,300,0.2
"s1","s2",7.38433932130307,2,300,0.2
"s1","s2",7.18814539216875,2,300,0.2
"s1","s2",6.50920163915345,2,300,0.2
"s1","s2",6.66031161364818,2,300,0.2
"s1","s2",6.14977205987225,2,300,0.2
"s1","s2",7.05437593806445,2,300,0.2
"s1","s2",6.42809682586366,2,300,0.2
"s1","s2",7.30622492305335,2,300,0.2
"s1","s2",6.68499524193606,2,300,0.2
"s1","s2",6.54860311026667,2,300,0.2
"s1","s2",6.90104164825352,2,300,0.2
"s1","s2",6.41094455575498,2,300,0.2
"s1","s2",6.59469625048825,2,300,0.2
"s1","s2",6.31022866778719,2,300,0.2
"s1","s2",7.25763656272172,2,300,0.2
"s1","s2",6.4792074036787,2,300,0.2
"s1","s2",6.68662526955659,2,300,0.2
"s1","s2",6.31472236210037,2,300,0.2
"s1","s2",6.78280276488657,2,300,0.2
"s1","s2",6.45486000570946,2,300,0.2
"s1","s2",7.1568517047222,2,300,0.2
"s1","s2",6.60700133853132,2,300,0.2
"s1","s2",6.48870763525645,2,300,0.2
"s1","s2",6.42858710293891,2,300,0.2
"s1","s2",6.85576366401244,2,300,0.2
"s1","s2",7.12103709591369,2,300,0.2
"s1","s2",6.78510586706334,2,300,0.2
"s1","s2",6.88475438886171,2,300,0.2
"s1","s2",6.90277697674249,2,300,0.2
"s1","s2",6.53007652942958,2,300,0.2
"s1","s2",6.69642125158921,2,300,0.2
"s1","s2",6.91472690261362,2,300,0.2
"s1","s2",6.81284482584759,2,300,0.2
"s1","s2",6.37130300375279,2,300,0.2
"s1","s2",7.23463316564538,2,300,0.2
"s1","s2",6.60243902813055,2,300,0.2
"s1","s2",6.5830150715957,2,300,0.2
"s1","s2",6.89184579489879,2,300,0.2
"s1","s2",6.44881302625008,2,300,0.2
"s1","s2",6.29975450458514,2,300,0.2
"s1","s2",6.59523281424522,2,300,0.2
"s1","s2",6.3754465482576,2,300,0.2
"s1","s2",6.79979600450917,2,300,0.2
"s1","s2",6.95282915994949,2,300,0.2
"s1","s2",7.2958485673439,2,300,0.2
"s1","s2",6.53970479439294,2,300,0.2
"s1","s2",6.91395273905977,2,300,0.2
"s1","s2",6.38487151287658,2,300,0.2
"s1","s2",6.46302001002947,2,300,0.2
"s1","s2",6.7125516766218,2,300,0.2
"s1","s2",6.8706969190654,2,300,0.2
"s1","s2",6.86438455239941,2,300,0.2
"s1","s2",6.86783905453464,2,300,0.2
"s1","s2",6.63727592450753,2,300,0.2
"s1","s2",6.71995391040193,2,300,0.2
"s1","s2",6.34742467935541,2,300,0.2
"s1","s2",6.69593086567814,2,300,0.2
"s1","s2",6.53313055003672,2,300,0.2
"s1","s2",6.76787847885036,2,300,0.2
"s1","s2",6.52247639140239,2,300,0.2
"s1","s2",6.61135692469721,2,300,0.2
"s1","s2",6.57425089794592,2,300,0.2
"s1","s2",6.65917011500561,2,300,0.2
"s1","s2",6.84537398554605,2,300,0.2
"s1","s2",6.61504066784119,2,300,0.2
"s1","s2",5.93079438849241,2,300,0.2
"s1","s2",6.9213694872165,2,300,0.2
"s1","s2",7.14194827380915,2,300,0.2
"s1","s2",6.36987334271598,2,300,0.2
"s1","s2",6.65720548365081,2,300,0.2
"s1","s2",6.90228873390166,2,300,0.2
"s1","s2",6.78210112768597,2,300,0.2
"s1","s2",6.61712580752692,2,300,0.2
"s1","s2",6.57630969542581,2,300,0.2
"s1","s2",6.95994450258972,2,300,0.2
"s1","s2",6.78324646957797,2,300,0.2
"s1","s2",7.22326433408642,2,300,0.2
"s1","s2",6.72549555114454,2,300,0.2
"s1","s2",6.58450815789807,2,300,0.2
"s1","s2",6.55340731678748,2,300,0.2
"s1","s2",7.08073705485427,2,300,0.2
"s1","s2",6.36289401131393,2,300,0.2
"s1","s2",6.40507476970116,2,300,0.2
"s1","s2",6.00063812494974,2,300,0.2
"s1","s2",6.67960638596568,2,300,0.2
"s1","s2",6.9769830141081,2,300,0.2
"s1","s2",6.71501362512751,2,300,0.2
"s1","s2",6.85973308894053,2,300,0.2
"s1","s2",7.22538824026088,2,300,0.2
"s1","s2",6.57503314452941,2,300,0.2
"s1","s2",6.66284196903712,2,300,0.2
"s1","s2",6.8755885929545,2,300,0.2
"s1","s2",6.38822144131157,2,300,0.2
"s1","s2",7.03577641919838,2,300,0.2
"s1","s2",6.45039231816934,2,300,0.2
"s1","s2",6.80217809332386,2,300,0.2
"s1","s2",6.79584977482978,2,300,0.2
"s1","s2",6.66179252235211,2,300,0.2
"s1","s2",6.67981789602916,2,300,0.2
"s1","s2",6.73981774745317,2,300,0.2
"s1","s2",6.97584608251204,2,300,0.2
"s1","s2",6.11573061709467,2,300,0.2
"s1","s2",6.64932961019606,2,300,0.2
"s1","s2",6.18097470586751,2,300,0.2
"s1","s2",6.01840104947487,2,300,0.2
"s1","s2",6.65011417450849,2,300,0.2
"s1","s2",7.06172274802631,2,300,0.2
"s1","s2",6.92357872387736,2,300,0.2
"s1","s2",6.38822235204633,2,300,0.2
"s1","s2",6.74442289062328,2,300,0.2
"s1","s2",6.96611377791247,2,300,0.2
"s1","s2",6.45180087022385,2,300,0.2
"s1","s2",6.75643097063141,2,300,0.2
"s1","s2",6.10292752398173,2,300,0.2
"s1","s2",6.44059675508697,2,300,0.2
"s1","s2",6.81182642302805,2,300,0.2
"s1","s2",7.04764383533232,2,300,0.2
"s1","s2",6.71063725173122,2,300,0.2
"s1","s2",6.60604553327904,2,300,0.2
"s1","s2",6.95303141834063,2,300,0.2
"s1","s2",6.4166749818983,2,300,0.2
"s1","s2",6.56728828220727,2,300,0.2
"s1","s2",6.85567836143443,2,300,0.2
"s1","s2",6.98286091625893,2,300,0.2
"s1","s2",6.32864308674448,2,300,0.2
"s1","s2",7.14290460811893,2,300,0.2
"s1","s2",6.38166096470187,2,300,0.2
"s1","s2",6.51407244818852,2,300,0.2
"s1","s2",6.81580267995576,2,300,0.2
"s1","s2",6.42193166434267,2,300,0.2
"s1","s2",6.60208146422545,2,300,0.2
"s1","s2",6.86099921540665,2,300,0.2
"s1","s2",6.84537398554605,2,300,0.2
"s1","s2",6.95065662703558,2,300,0.2
"s1","s2",6.45180087022385,2,300,0.2
"s1","s2",6.89552976036666,2,300,0.2
"s1","s2",7.09433221513287,2,300,0.2
"s1","s2",6.94960343111623,2,300,0.2
"s1","s2",6.35844508935511,2,300,0.2
"s1","s2",6.51319893391818,2,300,0.2
"s1","s2",6.95603341083265,2,300,0.2
"s1","s2",6.44602938628979,2,300,0.2
"s1","s2",6.88167058804714,2,300,0.2
"s1","s2",7.06190533339142,2,300,0.2
"s1","s2",6.4757791035648,2,300,0.2
"s1","s2",6.64380259692078,2,300,0.2
"s1","s2",6.39648783762755,2,300,0.2
"s1","s2",6.66473669286015,2,300,0.2
"s1","s2",6.46454035817786,2,300,0.2
"s1","s2",6.48715249399419,2,300,0.2
"s1","s2",6.55717585733701,2,300,0.2
"s1","s2",6.52458141028958,2,300,0.2
"s1","s2",6.30865429215997,2,300,0.2
"s1","s2",6.97859007227768,2,300,0.2
"s1","s2",7.07112036942863,2,300,0.2
"s1","s2",7.0150591415684,2,300,0.2
"s1","s2",6.71886455458245,2,300,0.2
"s1","s2",6.74781322809107,2,300,0.2
"s1","s2",6.67289646414453,2,300,0.2
"s1","s2",6.46479330526396,2,300,0.2
"s1","s2",6.44788060758762,2,300,0.2
"s1","s2",6.79429268500294,2,300,0.2
"s1","s2",6.96456460512658,2,300,0.2
"s1","s2",6.64337943160653,2,300,0.2
"s1","s2",6.90228873390166,2,300,0.2
"s1","s2",6.67095905224255,2,300,0.2
"s1","s2",6.52790895245104,2,300,0.2
"s1","s2",6.60149883158195,2,300,0.2
"s1","s2",7.13599110590127,2,300,0.2
"s1","s2",6.92351681379279,2,300,0.2
"s1","s2",6.27945632773082,2,300,0.2
"s1","s2",6.64060177516841,2,300,0.2
"s1","s2",6.46002945578046,2,300,0.2
"s1","s2",6.01536744661743,2,300,0.2
"s1","s2",6.98385104176245,2,300,0.2
"s1","s2",6.7067398401239,2,300,0.2
"s1","s2",7.06771060090305,2,300,0.2
"s1","s2",6.42177097032447,2,300,0.2
"s1","s2",6.69685942884567,2,300,0.2
"s1","s2",6.4999438679566,2,300,0.2
"s1","s2",6.65823673973617,2,300,0.2
"s1","s2",7.27735425919298,2,300,0.2
"s1","s2",6.32102843198368,2,300,0.2
"s1","s2",6.69693989176028,2,300,0.2
"s1","s2",6.85637517739354,2,300,0.2
"s1","s2",7.06604932332803,2,300,0.2
"s1","s2",7.11596516874802,2,300,0.2
"s1","s2",7.02346551871764,2,300,0.2
"s1","s2",6.79191794710664,2,300,0.2
"s1","s2",7.07419151616531,2,300,0.2
"s1","s2",6.45737297696917,2,300,0.2
"s1","s2",6.08096271862616,2,300,0.2
"s1","s2",7.06588760351107,2,300,0.2
"s1","s2",6.81543565469755,2,300,0.2
"s1","s2",6.73214363026327,2,300,0.2
"s1","s2",6.70955916933746,2,300,0.2
"s1","s2",6.41005420295602,2,300,0.2
"s1","s2",6.48856452485862,2,300,0.2
"s1","s2",6.96469199224472,2,300,0.2
"s1","s2",6.67975822554427,2,300,0.2
"s1","s2",6.29283660376324,2,300,0.2
"s1","s2",7.22326433408642,2,300,0.2
"s1","s2",6.04005356126575,2,300,0.2
"s1","s2",6.39625897469962,2,300,0.2
"s1","s2",6.85316361970376,2,300,0.2
"s1","s2",6.41683179023522,2,300,0.2
"s1","s2",6.78808304040449,2,300,0.2
"s1","s2",6.68054612701499,2,300,0.2
"s1","s2",6.93978847099707,2,300,0.2
"s1","s2",6.95454523384767,2,300,0.2
"s1","s2",6.39470660789225,2,300,0.2
"s1","s2",6.94454778292507,2,300,0.2
"s1","s2",7.07448228182368,2,300,0.2
"s1","s2",6.59378723022224,2,300,0.2
"s1","s2",7.56611334916414,2,300,0.2
"s1","s2",7.08167193098839,2,300,0.2
"s1","s2",7.02472857807402,2,300,0.2
"s1","s2",7.04479843392068,2,300,0.2
"s1","s2",6.72583995810756,2,300,0.2
"s1","s2",6.65657035372701,2,300,0.2
"s1","s2",6.92366857365093,2,300,0.2
"s1","s2",6.76436097172963,2,300,0.2
"s1","s2",7.01565317823415,2,300,0.2
"s1","s2",6.8994568151607,2,300,0.2
"s1","s2",6.58058975327475,2,300,0.2
"s1","s2",7.04608711233146,2,300,0.2
"s1","s2",6.76900816497329,2,300,0.2
"s1","s2",6.87758169333084,2,300,0.2
"s1","s2",7.02809731989821,2,300,0.2
"s1","s2",7.15379125110982,2,300,0.2
"s1","s2",6.61600214705475,2,300,0.2
"s1","s2",7.13070994196949,2,300,0.2
"s1","s2",6.53465920692773,2,300,0.2
"s1","s2",7.09986877423341,2,300,0.2
"s1","s2",6.9715008106169,2,300,0.2
"s1","s3",6.78364814803605,2,300,0.2
"s1","s3",6.49125831982562,2,300,0.2
"s1","s3",7.12757199102334,2,300,0.2
"s1","s3",6.3570215018294,2,300,0.2
"s1","s3",6.67681377829845,2,300,0.2
"s1","s3",6.89645762919685,2,300,0.2
"s1","s3",6.66490454173292,2,300,0.2
"s1","s3",7.17164716115313,2,300,0.2
"s1","s3",6.77099965661493,2,300,0.2
"s1","s3",6.47730209923709,2,300,0.2
"s1","s3",7.22972758815007,2,300,0.2
"s1","s3",6.67438176997732,2,300,0.2
"s1","s3",6.75066137213324,2,300,0.2
"s1","s3",7.09885348890332,2,300,0.2
"s1","s3",6.6699635371846,2,300,0.2
"s1","s3",6.74438554083512,2,300,0.2
"s1","s3",6.42115680045595,2,300,0.2
"s1","s3",6.78846727504856,2,300,0.2
"s1","s3",6.66076028921853,2,300,0.2
"s1","s3",6.51058444850807,2,300,0.2
"s1","s3",6.59250249416345,2,300,0.2
"s1","s3",6.32902761855019,2,300,0.2
"s1","s3",6.44193543378169,2,300,0.2
"s1","s3",6.844575551491,2,300,0.2
"s1","s3",6.94654450772969,2,300,0.2
"s1","s3",7.09017462870774,2,300,0.2
"s1","s3",6.38909272793344,2,300,0.2
"s1","s3",6.42962598268647,2,300,0.2
"s1","s3",6.51917699818944,2,300,0.2
"s1","s3",6.63601842636666,2,300,0.2
"s1","s3",6.80929827518167,2,300,0.2
"s1","s3",6.66429926957479,2,300,0.2
"s1","s3",6.40382390902784,2,300,0.2
"s1","s3",7.04130621370922,2,300,0.2
"s1","s3",6.88095681550715,2,300,0.2
"s1","s3",6.36237548383902,2,300,0.2
"s1","s3",6.9345335644028,2,300,0.2
"s1","s3",6.43677963580649,2,300,0.2
"s1","s3",6.85772356299273,2,300,0.2
"s1","s3",6.60515080996049,2,300,0.2
"s1","s3",6.42755879181487,2,300,0.2
"s1","s3",6.86117599747607,2,300,0.2
"s1","s3",6.5607030179462,2,300,0.2
"s1","s3",6.5287898047763,2,300,0.2
"s1","s3",6.42256724236768,2,300,0.2
"s1","s3",6.72726587278102,2,300,0.2
"s1","s3",6.55184812843703,2,300,0.2
"s1","s3",7.28649094205145,2,300,0.2
"s1","s3",6.37209109081216,2,300,0.2
"s1","s3",6.49692958583051,2,300,0.2
"s1","s3",6.92783410398599,2,300,0.2
"s1","s3",6.85130805170229,2,300,0.2
"s1","s3",6.38125531280384,2,300,0.2
"s1","s3",6.79086725618399,2,300,0.2
"s1","s3",6.51845635652789,2,300,0.2
"s1","s3",6.97701316172331,2,300,0.2
"s1","s3",6.48870689441355,2,300,0.2
"s1","s3",6.26165069498137,2,300,0.2
"s1","s3",6.69819132556429,2,300,0.2
"s1","s3",6.65565137206266,2,300,0.2
"s1","s3",6.72749056726999,2,300,0.2
"s1","s3",6.84452834182071,2,300,0.2
"s1","s3",6.52693118634112,2,300,0.2
"s1","s3",6.61848364023149,2,300,0.2
"s1","s3",7.24215173659269,2,300,0.2
"s1","s3",7.13092559629486,2,300,0.2
"s1","s3",6.81987667477949,2,300,0.2
"s1","s3",6.67436347088839,2,300,0.2
"s1","s3",6.91897527184932,2,300,0.2
"s1","s3",6.50171981248326,2,300,0.2
"s1","s3",6.70770431038157,2,300,0.2
"s1","s3",7.48146095122206,2,300,0.2
"s1","s3",6.75553624388986,2,300,0.2
"s1","s3",6.44790377268785,2,300,0.2
"s1","s3",6.6802890047046,2,300,0.2
"s1","s3",7.23992926235103,2,300,0.2
"s1","s3",6.39886155677354,2,300,0.2
"s1","s3",6.47335071298696,2,300,0.2
"s1","s3",7.07957406657174,2,300,0.2
"s1","s3",6.62733240599944,2,300,0.2
"s1","s3",6.74570199832585,2,300,0.2
"s1","s3",7.10785704626403,2,300,0.2
"s1","s3",6.66363064460916,2,300,0.2
"s1","s3",6.2085889832684,2,300,0.2
"s1","s3",6.57319713084509,2,300,0.2
"s1","s3",6.49357254823094,2,300,0.2
"s1","s3",6.51606322188701,2,300,0.2
"s1","s3",5.95984479197487,2,300,0.2
"s1","s3",6.55066048448698,2,300,0.2
"s1","s3",6.65056984218268,2,300,0.2
"s1","s3",6.81291722084904,2,300,0.2
"s1","s3",6.578322989095,2,300,0.2
"s1","s3",7.46402468124761,2,300,0.2
"s1","s3",7.02110894471703,2,300,0.2
"s1","s3",6.37056866979906,2,300,0.2
"s1","s3",6.84801229605658,2,300,0.2
"s1","s3",6.63968477192435,2,300,0.2
"s1","s3",6.54201541034129,2,300,0.2
"s1","s3",6.77892268208789,2,300,0.2
"s1","s3",6.59681213213909,2,300,0.2
"s1","s3",6.2977230608553,2,300,0.2
"s1","s3",6.92714301857549,2,300,0.2
"s1","s3",6.46702707249005,2,300,0.2
"s1","s3",6.93670872922829,2,300,0.2
"s1","s3",7.23149560596022,2,300,0.2
"s1","s3",6.92923786585752,2,300,0.2
"s1","s3",6.693347751418,2,300,0.2
"s1","s3",7.28546247564319,2,300,0.2
"s1","s3",6.6713437311829,2,300,0.2
"s1","s3",7.20446348734398,2,300,0.2
"s1","s3",6.71457200275944,2,300,0.2
"s1","s3",6.62444704507727,2,300,0.2
"s1","s3",6.78575079614876,2,300,0.2
"s1","s3",7.21007234644506,2,300,0.2
"s1","s3",6.79192552783024,2,300,0.2
"s1","s3",7.16098797116356,2,300,0.2
"s1","s3",6.61136016422862,2,300,0.2
"s1","s3",6.6575283856004,2,300,0.2
"s1","s3",6.76437856016595,2,300,0.2
"s1","s3",6.71442434812749,2,300,0.2
"s1","s3",6.00348668230441,2,300,0.2
"s1","s3",6.73018626802229,2,300,0.2
"s1","s3",6.44209046121783,2,300,0.2
"s1","s3",6.39157259381307,2,300,0.2
"s1","s3",6.53290830665377,2,300,0.2
"s1","s3",6.48051690913235,2,300,0.2
"s1","s3",6.54243501977968,2,300,0.2
"s1","s3",6.53718626086999,2,300,0.2
"s1","s3",6.70896999607328,2,300,0.2
"s1","s3",6.58789722477484,2,300,0.2
"s1","s3",6.44956322059389,2,300,0.2
"s1","s3",6.42012134009029,2,300,0.2
"s1","s3",6.3686612911733,2,300,0.2
"s1","s3",7.0953685838998,2,300,0.2
"s1","s3",6.47502941856084,2,300,0.2
"s1","s3",6.6688679461722,2,300,0.2
"s1","s3",6.80228287878762,2,300,0.2
"s1","s3",6.89452765841216,2,300,0.2
"s1","s3",6.90203400586022,2,300,0.2
"s1","s3",6.41732987898582,2,300,0.2
"s1","s3",6.32075754292206,2,300,0.2
"s1","s3",6.49185290985117,2,300,0.2
"s1","s3",6.5561645604014,2,300,0.2
"s1","s3",6.5883663797988,2,300,0.2
"s1","s3",6.39920981441173,2,300,0.2
"s1","s3",6.33735274265762,2,300,0.2
"s1","s3",7.34894810345369,2,300,0.2
"s1","s3",6.50383013282625,2,300,0.2
"s1","s3",6.54358881308147,2,300,0.2
"s1","s3",6.38795658667564,2,300,0.2
"s1","s3",5.94918825241898,2,300,0.2
"s1","s3",6.58494412778037,2,300,0.2
"s1","s3",6.53828046048122,2,300,0.2
"s1","s3",6.74168980328649,2,300,0.2
"s1","s3",6.50758283290685,2,300,0.2
"s1","s3",6.74581830303133,2,300,0.2
"s1","s3",7.0420743055688,2,300,0.2
"s1","s3",6.96628196718483,2,300,0.2
"s1","s3",6.06080654330907,2,300,0.2
"s1","s3",6.94654450772969,2,300,0.2
"s1","s3",7.06294195212865,2,300,0.2
"s1","s3",7.12412322144624,2,300,0.2
"s1","s3",6.2576063105534,2,300,0.2
"s1","s3",7.18592659768479,2,300,0.2
"s1","s3",6.64471443705227,2,300,0.2
"s1","s3",6.67802476938828,2,300,0.2
"s1","s3",6.56528649068436,2,300,0.2
"s1","s3",6.33629712713309,2,300,0.2
"s1","s3",6.547338827577,2,300,0.2
"s1","s3",7.00177950344674,2,300,0.2
"s1","s3",7.0132624600219,2,300,0.2
"s1","s3",6.86702791621413,2,300,0.2
"s1","s3",6.55259421117148,2,300,0.2
"s1","s3",6.67559587812841,2,300,0.2
"s1","s3",6.87866902283775,2,300,0.2
"s1","s3",6.46256643101849,2,300,0.2
"s1","s3",7.08403066878546,2,300,0.2
"s1","s3",6.71469845373047,2,300,0.2
"s1","s3",6.55727072814889,2,300,0.2
"s1","s3",7.09550864210723,2,300,0.2
"s1","s3",6.29905309642859,2,300,0.2
"s1","s3",7.16932643493804,2,300,0.2
"s1","s3",7.11186876224161,2,300,0.2
"s1","s3",6.71876797312824,2,300,0.2
"s1","s3",6.9582280218743,2,300,0.2
"s1","s3",6.51820841456816,2,300,0.2
"s1","s3",6.84722287007132,2,300,0.2
"s1","s3",6.47323812924745,2,300,0.2
"s1","s3",6.76183761480794,2,300,0.2
"s1","s3",6.32224422057558,2,300,0.2
"s1","s3",7.02842497226052,2,300,0.2
"s1","s3",6.95052633446898,2,300,0.2
"s1","s3",7.13653497325968,2,300,0.2
"s1","s3",7.39294840322985,2,300,0.2
"s1","s3",6.900161264896,2,300,0.2
"s1","s3",6.96205721140095,2,300,0.2
"s1","s3",6.96852686790643,2,300,0.2
"s1","s3",7.24066951809599,2,300,0.2
"s1","s3",6.78275629072396,2,300,0.2
"s1","s3",7.25415061264587,2,300,0.2
"s1","s3",6.96973737460211,2,300,0.2
"s1","s3",6.63188669972351,2,300,0.2
"s1","s3",7.50228732097612,2,300,0.2
"s1","s3",6.92052237888642,2,300,0.2
"s1","s3",6.90474687212709,2,300,0.2
"s1","s3",6.15761182363346,2,300,0.2
"s1","s3",6.98364818662848,2,300,0.2
"s1","s3",6.55691664295618,2,300,0.2
"s1","s3",6.7602752122894,2,300,0.2
"s1","s3",6.78234868079778,2,300,0.2
"s1","s3",6.76261977817137,2,300,0.2
"s1","s3",6.96396785429355,2,300,0.2
"s1","s3",7.04879467743788,2,300,0.2
"s1","s3",6.93811069139312,2,300,0.2
"s1","s3",6.60866137556235,2,300,0.2
"s1","s3",6.89335547736601,2,300,0.2
"s1","s3",6.58523704620397,2,300,0.2
"s1","s3",6.91926903675895,2,300,0.2
"s1","s3",6.49874337646384,2,300,0.2
"s1","s3",7.05146881055722,2,300,0.2
"s1","s3",7.12639574956651,2,300,0.2
"s1","s3",7.14709343230285,2,300,0.2
"s1","s3",6.68700742543976,2,300,0.2
"s1","s3",6.78320694207793,2,300,0.2
"s1","s3",6.06133214309401,2,300,0.2
"s1","s3",6.27502479324841,2,300,0.2
"s1","s3",6.6128906984448,2,300,0.2
"s1","s3",6.44369899730511,2,300,0.2
"s1","s3",6.83491159011945,2,300,0.2
"s1","s3",7.07990966129239,2,300,0.2
"s1","s3",7.0010113824881,2,300,0.2
"s1","s3",7.22679265324436,2,300,0.2
"s1","s3",6.77304816928534,2,300,0.2
"s1","s3",6.72816737897199,2,300,0.2
"s1","s3",6.84207035798708,2,300,0.2
"s1","s3",7.21674036132877,2,300,0.2
"s1","s3",6.81271247256035,2,300,0.2
"s1","s3",6.95150035420048,2,300,0.2
"s1","s3",6.84594410943592,2,300,0.2
"s1","s3",6.51440105272714,2,300,0.2
"s1","s3",6.9365043154468,2,300,0.2
"s1","s3",6.80224814712835,2,300,0.2
"s1","s3",6.74181395936867,2,300,0.2
"s1","s3",6.548863192464,2,300,0.2
"s1","s3",6.8273101437576,2,300,0.2
"s1","s3",6.41530013790356,2,300,0.2
"s1","s3",6.48687347218021,2,300,0.2
"s1","s3",7.35087780181076,2,300,0.2
"s1","s3",6.85377905684635,2,300,0.2
"s1","s3",6.71028439519264,2,300,0.2
"s1","s3",6.38622064672191,2,300,0.2
"s1","s3",6.95243414184863,2,300,0.2
"s1","s3",6.81916326446188,2,300,0.2
"s1","s3",7.24215173659269,2,300,0.2
"s1","s3",6.67438176997732,2,300,0.2
"s1","s3",6.54119616436694,2,300,0.2
"s1","s3",6.37389038490133,2,300,0.2
"s1","s3",6.77031212303673,2,300,0.2
"s1","s3",6.50699442513056,2,300,0.2
"s1","s3",6.84452714254584,2,300,0.2
"s1","s3",6.67268317090306,2,300,0.2
"s1","s3",6.40604454362949,2,300,0.2
"s1","s3",6.52187554985119,2,300,0.2
"s1","s3",7.02163702422884,2,300,0.2
"s1","s3",7.05594544062428,2,300,0.2
"s1","s3",6.88656011098666,2,300,0.2
"s1","s3",6.90053090398517,2,300,0.2
"s1","s3",6.78846727504856,2,300,0.2
"s1","s3",6.53531975120769,2,300,0.2
"s1","s3",6.23465173687401,2,300,0.2
"s1","s3",6.63609832656475,2,300,0.2
"s1","s3",6.58062076700878,2,300,0.2
"s1","s3",6.19239331000153,2,300,0.2
"s1","s3",6.52552502096415,2,300,0.2
"s1","s3",6.28198632532284,2,300,0.2
"s1","s3",7.21006255670173,2,300,0.2
"s1","s3",6.54202580480661,2,300,0.2
"s1","s3",6.29223978067729,2,300,0.2
"s1","s3",7.24905316525224,2,300,0.2
"s1","s3",6.76811860711565,2,300,0.2
"s1","s3",6.99649439207852,2,300,0.2
"s1","s3",6.77935524972778,2,300,0.2
"s1","s3",7.07054014068665,2,300,0.2
"s1","s3",6.8209963588565,2,300,0.2
"s1","s3",6.37576059876919,2,300,0.2
"s1","s3",6.49976827225895,2,300,0.2
"s1","s3",6.52876880634197,2,300,0.2
"s1","s3",6.55872853252342,2,300,0.2
"s1","s3",6.92700293702285,2,300,0.2
"s1","s3",6.63585427814546,2,300,0.2
"s1","s3",6.72749056726999,2,300,0.2
"s1","s3",6.81669980006211,2,300,0.2
"s1","s3",6.71055697727306,2,300,0.2
"s1","s3",6.89496994856646,2,300,0.2
"s1","s3",6.19939173335582,2,300,0.2
"s1","s3",6.70115023451425,2,300,0.2
"s1","s3",6.79488788104162,2,300,0.2
"s1","s3",7.03598636541852,2,300,0.2
"s1","s3",6.9182770977207,2,300,0.2
"s1","s3",7.20157716939151,2,300,0.2
"s1","s3",6.39044398670885,2,300,0.2
"s1","s3",6.97644555912512,2,300,0.2
"s1","s3",6.69095903200324,2,300,0.2
"s1","s3",6.5776120134,2,300,0.2
"s1","s3",6.76972293648562,2,300,0.2
"s1","s3",6.61611216853955,2,300,0.2
"s1","s3",6.79376980233451,2,300,0.2
"s1","s3",6.8407285385934,2,300,0.2
"s1","s3",6.59613297479369,2,300,0.2
"s1","s3",6.74802491179632,2,300,0.2
"s1","s3",6.93057921429853,2,300,0.2
"s1","s3",6.81251716105372,2,300,0.2
"s1","s3",6.52560011072363,2,300,0.2
"s1","s3",6.77892687537206,2,300,0.2
"s1","s3",7.11910251162182,2,300,0.2
"s1","s3",6.8041769641343,2,300,0.2
"s1","s3",6.95619929012324,2,300,0.2
"s1","s3",6.73278319687944,2,300,0.2
"s1","s3",6.71757068317634,2,300,0.2
"s1","s3",7.08163457031827,2,300,0.2
"s1","s3",7.11309176123094,2,300,0.2
"s1","s3",6.41916075024412,2,300,0.2
"s1","s3",6.73565028697345,2,300,0.2
"s1","s3",6.82847649493445,2,300,0.2
"s1","s3",6.78464591280664,2,300,0.2
"s1","s3",7.19003601298303,2,300,0.2
"s1","s3",7.39298210174927,2,300,0.2
"s1","s3",7.13809469358704,2,300,0.2
"s1","s3",6.67811849962018,2,300,0.2
"s1","s3",6.95310629602862,2,300,0.2
"s1","s3",6.61847722995724,2,300,0.2
"s1","s3",6.92235423083474,2,300,0.2
"s1","s3",7.26417955493406,2,300,0.2
"s1","s3",6.31745567766319,2,300,0.2
"s1","s3",6.7446668743912,2,300,0.2
"s1","s3",6.27062560322345,2,300,0.2
"s1","s3",6.8912512753152,2,300,0.2
"s1","s3",6.65833459170702,2,300,0.2
"s1","s3",6.98529740425471,2,300,0.2
"s1","s3",6.29076725013293,2,300,0.2
"s1","s3",7.13534561956409,2,300,0.2
"s1","s3",6.74441387379031,2,300,0.2
"s1","s3",6.42739766986985,2,300,0.2
"s1","s3",6.9091770150233,2,300,0.2
"s1","s3",6.77965621656908,2,300,0.2
"s1","s3",6.67218630621272,2,300,0.2
"s1","s3",6.43912790772712,2,300,0.2
"s1","s3",6.75348951028899,2,300,0.2
"s1","s3",7.03998389239703,2,300,0.2
"s1","s3",6.75563392444349,2,300,0.2
"s1","s3",6.66070484975759,2,300,0.2
"s1","s3",7.23442846518961,2,300,0.2
"s1","s3",6.67486670477053,2,300,0.2
"s1","s3",6.31526234392611,2,300,0.2
"s1","s3",6.68445356251053,2,300,0.2
"s1","s3",6.66951056709929,2,300,0.2
"s1","s3",6.75209543540461,2,300,0.2
"s1","s3",6.37300577111303,2,300,0.2
"s1","s3",7.00862990699077,2,300,0.2
"s1","s3",6.9010737701243,2,300,0.2
"s1","s3",6.71089207705035,2,300,0.2
"s1","s3",7.05932561877726,2,300,0.2
"s1","s3",7.19139301034758,2,300,0.2
"s1","s3",6.54783538501307,2,300,0.2
"s1","s3",6.8264736733133,2,300,0.2
"s1","s3",7.12546262873382,2,300,0.2
"s1","s3",6.66636636888099,2,300,0.2
"s1","s3",6.49206640830926,2,300,0.2
"s1","s3",6.49177363448083,2,300,0.2
"s1","s3",6.58465204792455,2,300,0.2
"s1","s3",6.9496514439561,2,300,0.2
"s1","s3",6.43877621671814,2,300,0.2
"s1","s3",6.55996650593673,2,300,0.2
"s1","s3",7.04937798180653,2,300,0.2
"s1","s3",6.8877735596446,2,300,0.2
"s1","s3",6.40296770660365,2,300,0.2
"s1","s3",7.03580176624836,2,300,0.2
"s1","s3",6.40619053371438,2,300,0.2
"s1","s3",6.68914805186014,2,300,0.2
"s1","s3",6.38547332766674,2,300,0.2
"s1","s3",7.11336009031987,2,300,0.2
"s1","s3",6.75985586915575,2,300,0.2
"s1","s3",6.77666561370111,2,300,0.2
"s1","s3",6.28796782124307,2,300,0.2
"s1","s3",6.53337863895081,2,300,0.2
"s1","s3",6.74380897884091,2,300,0.2
"s1","s3",6.93875429976272,2,300,0.2
"s1","s3",6.9496514439561,2,300,0.2
"s1","s3",6.72917185311329,2,300,0.2
"s1","s3",6.96181438424298,2,300,0.2
"s1","s3",6.79194055488171,2,300,0.2
"s1","s3",6.58889555827943,2,300,0.2
"s1","s3",6.54183868010216,2,300,0.2
"s1","s3",6.28591559778258,2,300,0.2
"s1","s3",6.79894096428747,2,300,0.2
"s1","s3",6.59938122271427,2,300,0.2
"s1","s3",7.31866872861434,2,300,0.2
"s1","s3",6.27592068235481,2,300,0.2
"s1","s3",7.11130740327545,2,300,0.2
"s1","s3",6.65348429354238,2,300,0.2
"s1","s3",6.76811860711565,2,300,0.2
"s1","s3",6.53326366473101,2,300,0.2
"s1","s3",6.54548345549617,2,300,0.2
"s1","s3",6.24825980075704,2,300,0.2
"s1","s3",6.37419878019693,2,300,0.2
"s1","s3",6.19364707695674,2,300,0.2
"s1","s3",7.11749152053247,2,300,0.2
"s1","s3",7.36509092378547,2,300,0.2
"s1","s3",6.71840943415256,2,300,0.2
"s1","s3",6.62250352158267,2,300,0.2
"s1","s3",7.17683139929628,2,300,0.2
"s1","s3",6.54819842605413,2,300,0.2
"s1","s3",6.06720859186225,2,300,0.2
"s1","s3",6.94337632974954,2,300,0.2
"s1","s3",6.7230769072591,2,300,0.2
"s1","s3",6.54351789836265,2,300,0.2
"s1","s3",7.00184099867809,2,300,0.2
"s1","s3",6.75727079098731,2,300,0.2
"s1","s3",6.38471180368525,2,300,0.2
"s1","s3",6.69591904702306,2,300,0.2
"s1","s3",6.51154288277679,2,300,0.2
"s1","s3",6.75569875503507,2,300,0.2
"s1","s3",6.08438252325427,2,300,0.2
"s1","s3",6.6228498484124,2,300,0.2
"s1","s3",6.5605489253445,2,300,0.2
"s1","s3",6.55208195694468,2,300,0.2
"s1","s3",6.98249802317855,2,300,0.2
"s1","s3",6.62822692087363,2,300,0.2
"s1","s3",6.6228498484124,2,300,0.2
"s1","s3",7.1066685805143,2,300,0.2
"s1","s3",7.02389992904638,2,300,0.2
"s1","s3",6.9496514439561,2,300,0.2
"s1","s3",6.48253182079492,2,300,0.2
"s1","s3",6.57108313401326,2,300,0.2
"s1","s3",6.69715012840258,2,300,0.2
"s1","s3",6.92566665032797,2,300,0.2
"s1","s3",7.21539959448143,2,300,0.2
"s1","s3",6.93471915474247,2,300,0.2
"s1","s3",6.93031181747409,2,300,0.2
"s1","s3",6.23162950331593,2,300,0.2
"s1","s3",6.55208195694468,2,300,0.2
"s1","s3",7.10994192575441,2,300,0.2
"s1","s3",6.73884777167231,2,300,0.2
"s1","s3",6.52153021152594,2,300,0.2
"s1","s3",6.31371165099265,2,300,0.2
"s1","s3",6.90305505665465,2,300,0.2
"s1","s3",6.68402311430538,2,300,0.2
"s1","s3",6.77590249058127,2,300,0.2
"s1","s3",6.69226894508381,2,300,0.2
"s1","s3",7.16163742640456,2,300,0.2
"s1","s3",6.64107246790311,2,300,0.2
"s1","s3",6.29989139016504,2,300,0.2
"s1","s3",6.34641624786661,2,300,0.2
"s1","s3",6.36998340142739,2,300,0.2
"s1","s3",6.70915995248671,2,300,0.2
"s1","s3",6.90975283392167,2,300,0.2
"s1","s3",6.55904266195959,2,300,0.2
"s1","s3",6.77727055614762,2,300,0.2
"s1","s3",6.54360181796657,2,300,0.2
"s1","s3",7.03622401166703,2,300,0.2
"s1","s3",6.73457623222617,2,300,0.2
"s1","s3",7.26211384725684,2,300,0.2
"s1","s3",6.65550633957139,2,300,0.2
"s1","s3",6.91488588974205,2,300,0.2
"s1","s3",6.40516662559309,2,300,0.2
"s1","s3",6.78559016465286,2,300,0.2
"s1","s3",6.82658974412636,2,300,0.2
"s1","s3",7.04634882618302,2,300,0.2
"s1","s3",6.63527328765993,2,300,0.2
"s1","s3",6.8775443060787,2,300,0.2
"s1","s3",7.18636331408929,2,300,0.2
"s1","s3",6.931890047824,2,300,0.2
"s1","s3",6.96149788048268,2,300,0.2
"s1","s3",7.10903754098152,2,300,0.2
"s1","s3",6.57005214071819,2,300,0.2
"s1","s3",6.57468237828519,2,300,0.2
"s1","s3",6.81054102527838,2,300,0.2
"s1","s3",6.65858728021161,2,300,0.2
"s1","s3",6.68542653387486,2,300,0.2
"s1","s3",7.00673397792093,2,300,0.2
"s1","s3",6.3384889329048,2,300,0.2
"s1","s3",7.21763627553204,2,300,0.2
"s1","s3",6.92001894556242,2,300,0.2
"s1","s3",6.59618565982561,2,300,0.2
"s1","s3",6.17563274909367,2,300,0.2
"s1","s3",6.30801232405657,2,300,0.2
"s1","s3",6.80150237486271,2,300,0.2
"s1","s3",6.34362656125022,2,300,0.2
"s1","s3",7.44917656943536,2,300,0.2
"s1","s3",6.33102699272293,2,300,0.2
"s1","s3",6.96789267695756,2,300,0.2
"s1","s3",6.84978064570234,2,300,0.2
"s1","s3",6.78749120206797,2,300,0.2
"s1","s3",6.56785058429105,2,300,0.2
"s1","s3",6.578322989095,2,300,0.2
"s1","s3",6.59617040132036,2,300,0.2
"s1","s3",6.80150237486271,2,300,0.2
"s1","s3",6.65880432112355,2,300,0.2
"s1","s3",6.99342248939774,2,300,0.2
"s1","s3",6.54873952420371,2,300,0.2
"s1","s3",6.56145007839456,2,300,0.2
"s1","s3",6.77699320065477,2,300,0.2
"s1","s3",6.73648816445444,2,300,0.2
"s1","s3",6.67863954327109,2,300,0.2
"s1","s3",6.74181395936867,2,300,0.2
"s1","s3",7.07925017141824,2,300,0.2
"s1","s3",6.63627172454388,2,300,0.2
"s1","s3",6.35277108803507,2,300,0.2
"s1","s3",6.60359797831678,2,300,0.2
"s1","s3",6.66477636523432,2,300,0.2
"s1","s3",6.64719730342519,2,300,0.2
"s1","s3",6.43045417958064,2,300,0.2
"s1","s3",6.80921578216897,2,300,0.2
"s1","s3",6.91294093437801,2,300,0.2
"s1","s3",6.48989571560122,2,300,0.2
"s1","s3",6.80967625429462,2,300,0.2
"s1","s3",6.98667560079076,2,300,0.2
"s1","s3",6.82169886485511,2,300,0.2
"s1","s3",6.78278044944413,2,300,0.2
"s1","s3",6.88837851661201,2,300,0.2
"s1","s3",6.1184223431174,2,300,0.2
"s1","s3",6.87862228203771,2,300,0.2
"s1","s3",6.92641701332352,2,300,0.2
"s1","s3",6.4831986397345,2,300,0.2
"s1","s3",6.53239557242694,2,300,0.2
"s1","s3",7.13142243364098,2,300,0.2
"s1","s3",7.19521361655966,2,300,0.2
"s1","s3",6.76248715930938,2,300,0.2
"s1","s3",6.35767494335502,2,300,0.2
"s1","s3",6.8912512753152,2,300,0.2
"s1","s3",6.6483644250233,2,300,0.2
"s1","s3",7.011767386374,2,300,0.2
"s1","s3",6.66774796117146,2,300,0.2
"s1","s3",7.0282811632735,2,300,0.2
"s1","s3",6.84452714254584,2,300,0.2
"s1","s3",6.70507162051454,2,300,0.2
"s1","s3",6.73985290392208,2,300,0.2
"s1","s3",6.80702457418329,2,300,0.2
"s1","s3",6.8294371973703,2,300,0.2
"s1","s3",6.68117616936356,2,300,0.2
"s1","s3",6.96552312317547,2,300,0.2
"s1","s3",7.06294195212865,2,300,0.2
"s1","s3",6.8218190418653,2,300,0.2
"s1","s3",6.73601092429807,2,300,0.2
"s1","s3",6.67162750192798,2,300,0.2
"s1","s3",7.10796458989771,2,300,0.2
"s1","s3",7.04504185159655,2,300,0.2
"s1","s3",6.7958416208309,2,300,0.2
"s1","s3",6.67421584293203,2,300,0.2
"s1","s3",6.73335239671722,2,300,0.2
"s1","s3",6.23898635054191,2,300,0.2
"s1","s3",7.1198109225206,2,300,0.2
"s1","s3",6.10420861453035,2,300,0.2
"s1","s3",6.49601874165573,2,300,0.2
"s1","s3",6.19939173335582,2,300,0.2
"s1","s3",6.98033067417589,2,300,0.2
"s1","s3",6.27438197889254,2,300,0.2
"s1","s3",6.75209543540461,2,300,0.2
"s1","s3",6.99894036501513,2,300,0.2
"s1","s3",6.31765179390487,2,300,0.2
"s1","s3",6.52035864782432,2,300,0.2
"s1","s3",6.83719671139259,2,300,0.2
"s1","s3",6.14892685782898,2,300,0.2
"s1","s3",6.53160724199166,2,300,0.2
"s1","s3",6.79923163435456,2,300,0.2
"s1","s3",6.98765359938506,2,300,0.2
"s1","s3",6.9086585895415,2,300,0.2
"s1","s3",5.97132202120974,2,300,0.2
"s1","s3",6.37043650737394,2,300,0.2
"s1","s3",6.62984737059385,2,300,0.2
"s1","s3",6.72943301601818,2,300,0.2
"s1","s3",6.87126687945766,2,300,0.2
"s1","s3",6.85752554840321,2,300,0.2
"s1","s3",6.78846727504856,2,300,0.2
"s1","s3",6.72045026781131,2,300,0.2
"s1","s3",6.96253185477141,2,300,0.2
"s1","s3",6.75020922877678,2,300,0.2
"s1","s3",7.05071168130456,2,300,0.2
"s1","s3",6.4695068001346,2,300,0.2
"s1","s3",6.5697108089596,2,300,0.2
"s1","s3",6.77176066285111,2,300,0.2
"s1","s3",6.86564351849093,2,300,0.2
"s1","s3",6.56588138311925,2,300,0.2
"s1","s3",6.61312034344182,2,300,0.2
"s1","s3",5.8446580913203,2,300,0.2
"s1","s3",6.77176066285111,2,300,0.2
"s1","s3",6.7030076197426,2,300,0.2
"s1","s3",6.74720912792631,2,300,0.2
"s1","s3",6.82684893775759,2,300,0.2
"s1","s3",6.95188117547944,2,300,0.2
"s1","s3",6.65282671673862,2,300,0.2
"s1","s3",6.95137940564013,2,300,0.2
"s1","s3",6.60061840863026,2,300,0.2
"s1","s3",6.66045718376138,2,300,0.2
"s1","s3",6.56335984945003,2,300,0.2
"s1","s3",7.00986483435132,2,300,0.2
"s1","s3",6.739383952433,2,300,0.2
"s1","s3",6.03374666317609,2,300,0.2
"s1","s3",6.4408499116986,2,300,0.2
"s1","s3",6.29198249412109,2,300,0.2
"s1","s3",6.61740521974895,2,300,0.2
"s1","s3",6.27282519823593,2,300,0.2
"s1","s3",6.73637230647283,2,300,0.2
"s1","s3",6.40604454362949,2,300,0.2
"s1","s3",6.44042181785142,2,300,0.2
"s1","s3",6.49378761561928,2,300,0.2
"s1","s3",6.23085591492908,2,300,0.2
"s1","s3",6.62744784045231,2,300,0.2
"s1","s3",6.59698054517075,2,300,0.2
"s1","s3",7.12787734126659,2,300,0.2
"s1","s3",7.11483947364154,2,300,0.2
"s1","s3",6.71250245119082,2,300,0.2
"s1","s3",6.49634318643248,2,300,0.2
"s1","s3",6.96153595235182,2,300,0.2
"s1","s3",6.82766271634602,2,300,0.2
"s1","s3",6.96181438424298,2,300,0.2
"s1","s3",6.91684249701512,2,300,0.2
"s1","s3",7.25415061264587,2,300,0.2
"s1","s3",6.77404237310926,2,300,0.2
"s1","s3",6.41530013790356,2,300,0.2
"s1","s3",7.21465064416386,2,300,0.2
"s1","s3",7.42028944243091,2,300,0.2
"s1","s3",6.41665488943073,2,300,0.2
"s1","s3",6.43072203845127,2,300,0.2
"s1","s3",6.69807741688079,2,300,0.2
"s1","s3",6.41507180084363,2,300,0.2
"s1","s3",6.67811849962018,2,300,0.2
"s1","s3",6.32837460569237,2,300,0.2
"s1","s3",7.19958444758013,2,300,0.2
"s1","s3",6.89339553171992,2,300,0.2
"s1","s3",6.95098179967369,2,300,0.2
"s1","s3",6.49530077696181,2,300,0.2
"s1","s3",6.65348429354238,2,300,0.2
"s1","s3",6.89804776477004,2,300,0.2
"s1","s3",6.92616304216794,2,300,0.2
"s1","s3",6.94756306083565,2,300,0.2
"s1","s3",7.03685997859347,2,300,0.2
"s1","s3",6.78559016465286,2,300,0.2
"s1","s3",6.94756306083565,2,300,0.2
"s1","s3",6.4388046970677,2,300,0.2
"s1","s3",6.508669572359,2,300,0.2
"s1","s3",6.73439706058875,2,300,0.2
"s1","s3",6.76726350893881,2,300,0.2
"s1","s3",6.56685786551179,2,300,0.2
"s1","s3",7.14185749843433,2,300,0.2
"s1","s3",6.66235922288653,2,300,0.2
"s1","s3",6.94801101648318,2,300,0.2
"s1","s3",6.58791281897629,2,300,0.2
"s1","s3",6.18972594708114,2,300,0.2
"s1","s3",7.26906579134575,2,300,0.2
"s1","s3",6.7852863587314,2,300,0.2
"s1","s3",6.45107519545489,2,300,0.2
"s1","s3",6.59859307532813,2,300,0.2
"s1","s3",6.61727588072405,2,300,0.2
"s1","s3",6.70383274597631,2,300,0.2
"s1","s3",6.94211119662293,2,300,0.2
"s1","s3",6.28685442455388,2,300,0.2
"s1","s3",6.50313231389099,2,300,0.2
"s1","s3",6.68858266557289,2,300,0.2
"s1","s3",6.18362095797434,2,300,0.2
"s1","s3",6.37736700473952,2,300,0.2
"s1","s3",7.44368145115467,2,300,0.2
"s1","s3",6.84380518846851,2,300,0.2
"s1","s3",6.45383588111599,2,300,0.2
"s1","s3",7.12339289464598,2,300,0.2
"s1","s3",6.89991952152807,2,300,0.2
"s1","s3",6.239770910985,2,300,0.2
"s1","s3",6.57418673362124,2,300,0.2
"s1","s3",6.93477015981801,2,300,0.2
"s1","s3",6.36637256517929,2,300,0.2
"s1","s3",6.50836931870285,2,300,0.2
"s1","s3",6.38353581520448,2,300,0.2
"s1","s3",6.69763229099759,2,300,0.2
"s1","s3",6.86180138902204,2,300,0.2
"s1","s3",7.20124793216988,2,300,0.2
"s1","s3",6.86180138902204,2,300,0.2
"s1","s3",6.47625299236803,2,300,0.2
"s1","s3",6.71491414370706,2,300,0.2
"s1","s3",6.73645611672494,2,300,0.2
"s1","s3",7.07333370738965,2,300,0.2
"s1","s3",6.45154573814256,2,300,0.2
"s1","s3",7.03808624835025,2,300,0.2
"s1","s3",6.93746755284789,2,300,0.2
"s1","s3",6.59457851550272,2,300,0.2
"s1","s3",7.05451607175575,2,300,0.2
"s1","s3",6.9472108187441,2,300,0.2
"s1","s3",6.88703323761706,2,300,0.2
"s1","s3",6.94914731998681,2,300,0.2
"s1","s3",6.74441387379031,2,300,0.2
"s1","s3",6.48920995769713,2,300,0.2
"s1","s3",6.47019369055087,2,300,0.2
"s1","s3",7.45453708017927,2,300,0.2
"s1","s3",6.57743049281493,2,300,0.2
"s1","s3",7.16197287438342,2,300,0.2
"s1","s3",7.0793362536001,2,300,0.2
"s1","s3",6.13232931141536,2,300,0.2
"s1","s3",6.52434238908975,2,300,0.2
"s1","s3",6.80929827518167,2,300,0.2
"s1","s3",6.94327220427562,2,300,0.2
"s1","s3",6.61362171942574,2,300,0.2
"s1","s3",6.32837460569237,2,300,0.2
"s1","s3",6.46523250524635,2,300,0.2
"s1","s3",6.80847444346952,2,300,0.2
"s1","s3",6.68768039811474,2,300,0.2
"s1","s3",6.59054004228765,2,300,0.2
"s1","s3",6.68932041642886,2,300,0.2
"s1","s3",6.70383427152228,2,300,0.2
"s1","s3",6.30311211453449,2,300,0.2
"s1","s3",6.79488788104162,2,300,0.2
"s1","s3",6.76223909967332,2,300,0.2
"s1","s3",6.67876819512607,2,300,0.2
"s1","s3",6.49692958583051,2,300,0.2
"s1","s3",6.84388121307104,2,300,0.2
"s1","s3",6.29172032678344,2,300,0.2
"s1","s3",6.7736271071139,2,300,0.2
"s1","s3",6.90975283392167,2,300,0.2
"s1","s3",6.54282952671697,2,300,0.2
"s1","s3",6.76261977817137,2,300,0.2
"s1","s3",6.36062945711355,2,300,0.2
"s1","s3",6.773785120348,2,300,0.2
"s1","s3",6.38713308659905,2,300,0.2
"s1","s3",6.81997454551291,2,300,0.2
"s1","s3",7.08854436474458,2,300,0.2
"s1","s3",6.65022490023773,2,300,0.2
"s1","s3",6.41872305734825,2,300,0.2
"s1","s3",7.12083631431398,2,300,0.2
"s1","s3",6.73266030357991,2,300,0.2
"s1","s3",6.74935182041403,2,300,0.2
"s1","s3",6.49720386332151,2,300,0.2
"s1","s3",6.3216260193271,2,300,0.2
"s1","s3",7.18774398161278,2,300,0.2
"s1","s3",6.60522657143637,2,300,0.2
"s1","s3",6.92299581190633,2,300,0.2
"s1","s3",6.48205128076467,2,300,0.2
"s1","s3",6.65041479736209,2,300,0.2
"s1","s3",6.73973739350788,2,300,0.2
"s1","s3",6.94641062100501,2,300,0.2
"s1","s3",6.5799252574631,2,300,0.2
"s1","s3",6.81861970360087,2,300,0.2
"s1","s3",6.48253182079492,2,300,0.2
"s1","s3",7.0887305357633,2,300,0.2
"s1","s3",6.64481710872102,2,300,0.2
"s1","s3",6.51718571611748,2,300,0.2
"s1","s3",6.96718492044242,2,300,0.2
"s1","s3",6.68047642908485,2,300,0.2
"s1","s3",6.33013064523844,2,300,0.2
"s1","s3",6.73480759406304,2,300,0.2
"s1","s3",7.20459776991814,2,300,0.2
"s1","s3",6.48779698787857,2,300,0.2
"s1","s3",5.9900192344342,2,300,0.2
"s1","s3",6.3216260193271,2,300,0.2
"s1","s3",7.05497971422984,2,300,0.2
"s1","s3",6.31927271073428,2,300,0.2
"s1","s3",6.72658103966655,2,300,0.2
"s1","s3",7.09264067517796,2,300,0.2
"s1","s3",6.77935524972778,2,300,0.2
"s1","s3",6.27328444711763,2,300,0.2
"s1","s3",6.88957663956111,2,300,0.2
"s1","s3",6.32722415950263,2,300,0.2
"s1","s3",6.97026223073964,2,300,0.2
"s1","s3",6.69270052746921,2,300,0.2
"s1","s3",6.63126731016838,2,300,0.2
"s1","s3",6.67843317634309,2,300,0.2
"s1","s3",6.33825930145031,2,300,0.2
"s1","s3",6.37541130744034,2,300,0.2
"s1","s3",6.76137058143635,2,300,0.2
"s1","s3",6.73278319687944,2,300,0.2
"s1","s3",6.85221940364465,2,300,0.2
"s1","s3",6.52399968684529,2,300,0.2
"s1","s3",6.28474531038361,2,300,0.2
"s1","s3",7.0132624600219,2,300,0.2
"s1","s3",6.67451871132543,2,300,0.2
"s1","s3",7.04153581512961,2,300,0.2
"s1","s3",6.48757683498384,2,300,0.2
"s1","s3",6.62713400993806,2,300,0.2
"s1","s3",7.05488511261967,2,300,0.2
"s1","s3",6.81065272695906,2,300,0.2
"s1","s3",6.23768567309346,2,300,0.2
"s1","s3",6.67811849962018,2,300,0.2
"s1","s3",6.69193755605862,2,300,0.2
"s1","s3",6.81669980006211,2,300,0.2
"s1","s3",6.61136940949132,2,300,0.2
"s1","s3",6.68737354222876,2,300,0.2
"s1","s3",7.09801724521617,2,300,0.2
"s1","s3",6.80459764276054,2,300,0.2
"s1","s3",6.41995875402181,2,300,0.2
"s1","s3",6.76719022051124,2,300,0.2
"s1","s3",6.30386444200165,2,300,0.2
"s1","s3",6.6755740706526,2,300,0.2
"s1","s3",6.24839727899226,2,300,0.2
"s1","s3",6.94864319601751,2,300,0.2
"s1","s3",6.4823315945135,2,300,0.2
"s1","s3",6.88329056336751,2,300,0.2
"s1","s3",6.64752100447938,2,300,0.2
"s1","s3",6.60538133369435,2,300,0.2
"s1","s3",6.94080096541398,2,300,0.2
"s1","s3",6.94748494457434,2,300,0.2
"s1","s3",6.83387274118686,2,300,0.2
"s1","s3",6.35580246821513,2,300,0.2
"s1","s3",6.38159566602633,2,300,0.2
"s1","s3",6.93799160918664,2,300,0.2
"s1","s3",6.40865782101361,2,300,0.2
"s1","s3",6.65783403326446,2,300,0.2
"s1","s3",6.80929827518167,2,300,0.2
"s1","s3",6.69805003742977,2,300,0.2
"s1","s3",7.02339560691459,2,300,0.2
"s1","s3",7.0420743055688,2,300,0.2
"s1","s3",7.05148759395718,2,300,0.2
"s1","s3",6.27582228392731,2,300,0.2
"s1","s3",6.61219349616658,2,300,0.2
"s1","s3",6.8956478572226,2,300,0.2
"s1","s3",6.4997689676414,2,300,0.2
"s1","s3",7.3280983995436,2,300,0.2
"s1","s3",7.30343891879222,2,300,0.2
"s1","s3",7.09235026520427,2,300,0.2
"s1","s3",6.85197905377063,2,300,0.2
"s1","s3",6.49424008947369,2,300,0.2
"s1","s3",7.09871995781359,2,300,0.2
"s1","s3",6.85667199396866,2,300,0.2
"s1","s3",6.52560011072363,2,300,0.2
"s1","s3",6.53326366473101,2,300,0.2
"s1","s3",6.80653604311503,2,300,0.2
"s1","s3",7.18773454055895,2,300,0.2
"s1","s3",6.69353517099685,2,300,0.2
"s1","s3",6.75192180380324,2,300,0.2
"s1","s3",6.54035649233271,2,300,0.2
"s1","s3",7.13448624401085,2,300,0.2
"s1","s3",6.87577747899354,2,300,0.2
"s1","s3",6.55310646539828,2,300,0.2
"s1","s3",6.23830461029672,2,300,0.2
"s1","s3",7.25140141949454,2,300,0.2
"s1","s3",6.65565137206266,2,300,0.2
"s1","s3",6.65778869328139,2,300,0.2
"s1","s3",6.6802890047046,2,300,0.2
"s1","s3",6.52540106181621,2,300,0.2
"s1","s3",6.94801101648318,2,300,0.2
"s1","s3",6.96057511147668,2,300,0.2
"s1","s3",6.86405131093002,2,300,0.2
"s1","s3",6.43023250218553,2,300,0.2
"s1","s3",7.0247269518498,2,300,0.2
"s1","s3",6.46349504744427,2,300,0.2
"s1","s3",7.2728486017495,2,300,0.2
"s1","s3",6.57565035634873,2,300,0.2
"s1","s3",6.24540639931855,2,300,0.2
"s1","s3",6.87451663515111,2,300,0.2
"s1","s3",6.59851093007414,2,300,0.2
"s1","s3",6.57904430334719,2,300,0.2
"s1","s3",6.76096608424926,2,300,0.2
"s1","s3",6.63188669972351,2,300,0.2
"s1","s3",6.79710133579043,2,300,0.2
"s1","s3",6.76850972350486,2,300,0.2
"s1","s3",6.84523562599088,2,300,0.2
"s1","s3",6.54334147670963,2,300,0.2
"s1","s3",6.6755740706526,2,300,0.2
"s1","s3",6.94327220427562,2,300,0.2
"s1","s3",7.114842030048,2,300,0.2
"s1","s3",6.75235632698519,2,300,0.2
"s1","s3",6.38612023241532,2,300,0.2
"s1","s3",6.61258437432281,2,300,0.2
"s1","s3",6.83464076574637,2,300,0.2
"s1","s3",6.26609337585729,2,300,0.2
"s1","s3",6.62744784045231,2,300,0.2
"s1","s3",6.72046536891522,2,300,0.2
"s1","s3",6.74028496265936,2,300,0.2
"s1","s3",6.91190791132907,2,300,0.2
"s1","s3",7.34788090427512,2,300,0.2
"s1","s3",6.55925797576398,2,300,0.2
"s1","s3",6.86242262087656,2,300,0.2
"s1","s3",7.19750864846705,2,300,0.2
"s1","s3",6.52392230191722,2,300,0.2
"s1","s3",6.80836957799642,2,300,0.2
"s1","s3",6.53060487233255,2,300,0.2
"s1","s3",6.8585618629519,2,300,0.2
"s1","s3",7.1790453377204,2,300,0.2
"s1","s3",6.95940578686488,2,300,0.2
"s1","s3",6.61814461803004,2,300,0.2
"s1","s3",6.78689004299919,2,300,0.2
"s1","s3",6.63859934491701,2,300,0.2
"s1","s3",6.55310646539828,2,300,0.2
"s1","s3",6.66411960385818,2,300,0.2
"s1","s3",7.04404824290688,2,300,0.2
"s1","s3",6.81997454551291,2,300,0.2
"s1","s3",6.43596660876355,2,300,0.2
"s1","s3",6.8912512753152,2,300,0.2
"s1","s3",6.67554183039617,2,300,0.2
"s1","s3",6.60430722916887,2,300,0.2
"s1","s3",6.35210409689087,2,300,0.2
"s1","s3",6.48385553172037,2,300,0.2
"s1","s3",7.11309176123094,2,300,0.2
"s1","s3",7.04738518777086,2,300,0.2
"s1","s3",6.67671016974985,2,300,0.2
"s1","s3",6.72466225132052,2,300,0.2
"s1","s3",7.01557556502322,2,300,0.2
"s1","s3",6.93490474508215,2,300,0.2
"s1","s3",6.43881477375254,2,300,0.2
"s1","s3",6.81989771851038,2,300,0.2
"s1","s3",6.66329701693545,2,300,0.2
"s1","s3",6.74302844979931,2,300,0.2
"s1","s3",6.64586866294402,2,300,0.2
"s1","s3",6.92058287909182,2,300,0.2
"s1","s3",6.60890444441159,2,300,0.2
"s1","s3",6.69819132556429,2,300,0.2
"s1","s3",6.69742272385469,2,300,0.2
"s1","s3",6.98102544092919,2,300,0.2
"s1","s3",6.69258546965609,2,300,0.2
"s1","s3",6.73870012309112,2,300,0.2
"s1","s3",6.98683098754879,2,300,0.2
"s1","s3",6.37158720593851,2,300,0.2
"s1","s3",7.14945604510431,2,300,0.2
"s1","s3",6.78495022554242,2,300,0.2
"s1","s3",6.83925573204269,2,300,0.2
"s1","s3",7.153500877651,2,300,0.2
"s1","s3",6.76551912626098,2,300,0.2
"s1","s3",7.00011272559385,2,300,0.2
"s1","s3",6.32946893212365,2,300,0.2
"s1","s3",6.7170095069993,2,300,0.2
"s1","s3",7.38221644015775,2,300,0.2
"s1","s3",7.26353497961055,2,300,0.2
"s1","s3",6.6695988252707,2,300,0.2
"s1","s3",6.29708249049982,2,300,0.2
"s1","s3",6.88907981681035,2,300,0.2
"s1","s3",6.26410452063461,2,300,0.2
"s1","s3",6.23084012954364,2,300,0.2
"s1","s3",6.02745897328458,2,300,0.2
"s1","s3",6.71291809646954,2,300,0.2
"s1","s3",6.88966034985613,2,300,0.2
"s1","s3",6.56981632173472,2,300,0.2
"s1","s3",6.91679383975533,2,300,0.2
"s1","s3",6.85387874116804,2,300,0.2
"s1","s3",6.98422422720085,2,300,0.2
"s1","s3",6.93509402741388,2,300,0.2
"s1","s3",6.5263877007055,2,300,0.2
"s1","s3",7.0371931801288,2,300,0.2
"s1","s3",6.57701316088441,2,300,0.2
"s1","s3",6.51862159631138,2,300,0.2
"s1","s3",6.72816737897199,2,300,0.2
"s1","s3",6.8208096942136,2,300,0.2
"s1","s3",6.9765419339391,2,300,0.2
"s1","s3",6.68355325270411,2,300,0.2
"s1","s3",6.68453927905917,2,300,0.2
"s1","s3",6.53337863895081,2,300,0.2
"s1","s3",6.92570522348348,2,300,0.2
"s1","s3",6.98927133686229,2,300,0.2
"s1","s3",6.85064055167413,2,300,0.2
"s1","s3",6.77007288815355,2,300,0.2
"s1","s3",6.51271148141409,2,300,0.2
"s1","s3",6.87877357173008,2,300,0.2
"s1","s3",6.68747457005333,2,300,0.2
"s1","s3",6.96690250810122,2,300,0.2
"s1","s3",7.03407503286124,2,300,0.2
"s1","s3",6.37900005619883,2,300,0.2
"s1","s3",6.95954058636735,2,300,0.2
"s1","s3",6.80175746585672,2,300,0.2
"s1","s3",7.47866522769127,2,300,0.2
"s1","s3",7.19368485379806,2,300,0.2
"s1","s3",6.71006779351952,2,300,0.2
"s1","s3",6.7253993185484,2,300,0.2
"s1","s3",7.14358223196258,2,300,0.2
"s1","s3",6.98222051134029,2,300,0.2
"s1","s3",7.13284657998984,2,300,0.2
"s1","s3",7.04216502769705,2,300,0.2
"s1","s3",6.64803545582956,2,300,0.2
"s1","s3",7.22558775245489,2,300,0.2
"s1","s3",6.8775443060787,2,300,0.2
"s1","s3",6.34813376675538,2,300,0.2
"s1","s3",6.92819828327404,2,300,0.2
"s1","s3",6.39033636676666,2,300,0.2
"s1","s3",7.02116100774595,2,300,0.2
"s1","s3",6.80694795897111,2,300,0.2
"s1","s3",6.5883663797988,2,300,0.2
"s1","s3",6.54202580480661,2,300,0.2
"s1","s3",6.98741627178791,2,300,0.2
"s1","s3",7.14358223196258,2,300,0.2
"s1","s3",6.70693661354826,2,300,0.2
"s1","s3",7.07361690599117,2,300,0.2
"s1","s3",6.90251275204346,2,300,0.2
"s1","s3",6.84380518846851,2,300,0.2
"s1","s3",7.09335068240034,2,300,0.2
"s1","s3",6.26794664799115,2,300,0.2
"s1","s3",7.1455503363393,2,300,0.2
"s1","s3",6.68472277218265,2,300,0.2
"s1","s3",6.46563602346848,2,300,0.2
"s1","s3",6.33013064523844,2,300,0.2
"s1","s3",6.49332920848758,2,300,0.2
"s1","s3",6.79352963317508,2,300,0.2
"s1","s3",6.56644492346084,2,300,0.2
"s1","s3",6.63806778135933,2,300,0.2
"s1","s3",6.69375058516617,2,300,0.2
"s1","s3",6.41665488943073,2,300,0.2
"s1","s3",6.2415155869641,2,300,0.2
"s1","s3",6.66572044794293,2,300,0.2
"s1","s3",6.79160775174319,2,300,0.2
"s1","s3",6.72314692372419,2,300,0.2
"s1","s3",6.5949519296646,2,300,0.2
"s1","s3",6.69487653171118,2,300,0.2
"s1","s3",6.91212010848591,2,300,0.2
"s1","s3",7.12867630187334,2,300,0.2
"s1","s3",6.70256490386269,2,300,0.2
"s1","s3",7.24129626367193,2,300,0.2
"s1","s4",6.59297336666947,2,300,0.2
"s1","s4",6.376351731287,2,300,0.2
"s1","s4",6.50546743655203,2,300,0.2
"s1","s4",6.20740555659094,2,300,0.2
"s1","s4",6.69787809746487,2,300,0.2
"s1","s4",7.01881398881592,2,300,0.2
"s1","s4",6.78121003998604,2,300,0.2
"s1","s4",7.21127794005532,2,300,0.2
"s1","s4",7.0135623463115,2,300,0.2
"s1","s4",6.83484867151529,2,300,0.2
"s1","s4",6.466632750727,2,300,0.2
"s1","s4",6.72027975006147,2,300,0.2
"s1","s4",6.49639185982626,2,300,0.2
"s1","s4",7.36415142021487,2,300,0.2
"s1","s4",7.10111857888288,2,300,0.2
"s1","s4",5.97713993262371,2,300,0.2
"s1","s4",6.8926872645749,2,300,0.2
"s1","s4",6.7132226421441,2,300,0.2
"s1","s4",7.34800222839839,2,300,0.2
"s1","s4",6.89916880712262,2,300,0.2
"s1","s4",6.46323483908557,2,300,0.2
"s1","s4",6.59106319556685,2,300,0.2
"s1","s4",6.23335094417997,2,300,0.2
"s1","s4",6.10307078873772,2,300,0.2
"s1","s4",6.1860422125704,2,300,0.2
"s1","s4",7.17226009833641,2,300,0.2
"s1","s4",7.0197403538979,2,300,0.2
"s1","s4",6.92144888459644,2,300,0.2
"s1","s4",6.87530377410877,2,300,0.2
"s1","s4",6.75303441594505,2,300,0.2
"s1","s4",6.86553490057287,2,300,0.2
"s1","s4",6.3291073326618,2,300,0.2
"s1","s4",6.41183975554353,2,300,0.2
"s1","s4",6.48084736802351,2,300,0.2
"s1","s4",7.00081549483424,2,300,0.2
"s1","s4",6.44625219510544,2,300,0.2
"s1","s4",7.15709688583519,2,300,0.2
"s1","s4",7.08246361648764,2,300,0.2
"s1","s4",6.82569877051896,2,300,0.2
"s1","s4",7.28163680748346,2,300,0.2
"s1","s4",6.73522989558689,2,300,0.2
"s1","s4",6.88918553566204,2,300,0.2
"s1","s4",6.11269480815017,2,300,0.2
"s1","s4",7.09418739233169,2,300,0.2
"s1","s4",6.90335136342849,2,300,0.2
"s1","s4",6.89337555171346,2,300,0.2
"s1","s4",6.83933374336778,2,300,0.2
"s1","s4",6.82601724487773,2,300,0.2
"s1","s4",7.00487148213974,2,300,0.2
"s1","s4",6.95930199184713,2,300,0.2
"s1","s4",6.81302035737721,2,300,0.2
"s1","s4",7.07032466121582,2,300,0.2
"s1","s4",6.87434352924429,2,300,0.2
"s1","s4",6.7232188392467,2,300,0.2
"s1","s4",6.18013669552369,2,300,0.2
"s1","s4",6.87866141755188,2,300,0.2
"s1","s4",6.31945044583171,2,300,0.2
"s1","s4",6.49639328159085,2,300,0.2
"s1","s4",6.22516898911212,2,300,0.2
"s1","s4",6.96967124589129,2,300,0.2
"s1","s4",6.75703582356454,2,300,0.2
"s1","s4",6.39156336948608,2,300,0.2
"s1","s4",6.83963828868222,2,300,0.2
"s1","s4",6.48947335764309,2,300,0.2
"s1","s4",6.42372419456132,2,300,0.2
"s1","s4",6.65854670075751,2,300,0.2
"s1","s4",6.36731635988525,2,300,0.2
"s1","s4",6.45378067125403,2,300,0.2
"s1","s4",6.54126974439379,2,300,0.2
"s1","s4",6.92128567348224,2,300,0.2
"s1","s4",6.78222984862444,2,300,0.2
"s1","s4",6.77346235327883,2,300,0.2
"s1","s4",6.29677970004676,2,300,0.2
"s1","s4",6.88421954736033,2,300,0.2
"s1","s4",6.37327876634546,2,300,0.2
"s1","s4",6.91712563945108,2,300,0.2
"s1","s4",7.11917180968609,2,300,0.2
"s1","s4",6.8317892597114,2,300,0.2
"s1","s4",6.7398094533612,2,300,0.2
"s1","s4",6.86462612830497,2,300,0.2
"s1","s4",6.17841710761907,2,300,0.2
"s1","s4",6.91810311595689,2,300,0.2
"s1","s4",7.37555599719705,2,300,0.2
"s1","s4",6.824030669081,2,300,0.2
"s1","s4",7.08177774991145,2,300,0.2
"s1","s4",6.88091040261338,2,300,0.2
"s1","s4",6.94710234320196,2,300,0.2
"s1","s4",6.54335020887641,2,300,0.2
"s1","s4",6.88193003634055,2,300,0.2
"s1","s4",6.84256450949083,2,300,0.2
"s1","s4",6.73552091637616,2,300,0.2
"s1","s4",6.56985344453204,2,300,0.2
"s1","s4",6.85053870309759,2,300,0.2
"s1","s4",6.28902390863391,2,300,0.2
"s1","s4",6.67382658199257,2,300,0.2
"s1","s4",6.45488468523212,2,300,0.2
"s1","s4",7.00786793547288,2,300,0.2
"s1","s4",6.49058038653664,2,300,0.2
"s1","s4",6.70452408369971,2,300,0.2
"s1","s4",6.5507025839002,2,300,0.2
"s1","s4",6.5618055289996,2,300,0.2
"s1","s4",6.54438371413812,2,300,0.2
"s1","s4",6.62124702239049,2,300,0.2
"s1","s4",6.63311280995879,2,300,0.2
"s1","s4",6.435677530108,2,300,0.2
"s1","s4",6.88059183333533,2,300,0.2
"s1","s4",6.11364908556186,2,300,0.2
"s1","s4",6.70216524007768,2,300,0.2
"s1","s4",7.07162916853448,2,300,0.2
"s1","s4",7.00360825031017,2,300,0.2
"s1","s4",6.66968678186859,2,300,0.2
"s1","s4",6.8711242899941,2,300,0.2
"s1","s4",6.96995654490747,2,300,0.2
"s1","s4",6.85057819848868,2,300,0.2
"s1","s4",6.82353741797101,2,300,0.2
"s1","s4",6.3785534814258,2,300,0.2
"s1","s4",6.11735943514233,2,300,0.2
"s1","s4",6.87171026394392,2,300,0.2
"s1","s4",6.4354980249586,2,300,0.2
"s1","s4",6.97623242274636,2,300,0.2
"s1","s4",6.32604889358892,2,300,0.2
"s1","s4",6.42301787127855,2,300,0.2
"s1","s4",6.68766708887848,2,300,0.2
"s1","s4",6.29882337329204,2,300,0.2
"s1","s4",6.53926667880858,2,300,0.2
"s1","s4",6.76133078584887,2,300,0.2
"s1","s4",6.47619064263287,2,300,0.2
"s1","s4",6.18521768007747,2,300,0.2
"s1","s4",6.80944003795693,2,300,0.2
"s1","s4",6.74609019161943,2,300,0.2
"s1","s4",6.84442790584916,2,300,0.2
"s1","s4",6.48025714347551,2,300,0.2
"s1","s4",6.32121915980849,2,300,0.2
"s1","s4",7.20554692961061,2,300,0.2
"s1","s4",7.27642455117712,2,300,0.2
"s1","s4",6.56077407470752,2,300,0.2
"s1","s4",7.2855992383568,2,300,0.2
"s1","s4",6.430843314314,2,300,0.2
"s1","s4",6.84429592873521,2,300,0.2
"s1","s4",7.02921223986846,2,300,0.2
"s1","s4",7.12442672820785,2,300,0.2
"s1","s4",6.82601724487773,2,300,0.2
"s1","s4",7.16205945411754,2,300,0.2
"s1","s4",6.46443433913075,2,300,0.2
"s1","s4",6.96414695636685,2,300,0.2
"s1","s4",6.69469034029853,2,300,0.2
"s1","s4",6.81134966513127,2,300,0.2
"s1","s4",6.65780582506119,2,300,0.2
"s1","s4",6.59244402664635,2,300,0.2
"s1","s4",6.52403655492727,2,300,0.2
"s1","s4",6.8742095793901,2,300,0.2
"s1","s4",7.13016120584682,2,300,0.2
"s1","s4",7.07879898793792,2,300,0.2
"s1","s4",6.93359536062128,2,300,0.2
"s1","s4",7.34411257147308,2,300,0.2
"s1","s4",6.62635489754665,2,300,0.2
"s1","s4",6.49591316600578,2,300,0.2
"s1","s4",6.92242245756597,2,300,0.2
"s1","s4",6.53574977108983,2,300,0.2
"s1","s4",6.79805426856344,2,300,0.2
"s1","s4",6.37267930023026,2,300,0.2
"s1","s4",6.85868873941813,2,300,0.2
"s1","s4",6.37231116656174,2,300,0.2
"s1","s4",6.53047943897168,2,300,0.2
"s1","s4",6.89299924193218,2,300,0.2
"s1","s4",6.06994803559363,2,300,0.2
"s1","s4",6.96759204599654,2,300,0.2
"s1","s4",6.16273626975686,2,300,0.2
"s1","s4",6.59052033071461,2,300,0.2
"s1","s4",6.66802891069227,2,300,0.2
"s1","s4",6.38524382168769,2,300,0.2
"s1","s4",6.5628734466526,2,300,0.2
"s1","s4",6.43357572198324,2,300,0.2
"s1","s4",6.48367794128285,2,300,0.2
"s1","s4",6.59816622122791,2,300,0.2
"s1","s4",7.38827185491169,2,300,0.2
"s1","s4",7.10786719391283,2,300,0.2
"s1","s4",7.08335076178313,2,300,0.2
"s1","s4",6.30628403099546,2,300,0.2
"s1","s4",6.692930915814,2,300,0.2
"s1","s4",6.56705758673407,2,300,0.2
"s1","s4",6.53969270606024,2,300,0.2
"s1","s4",6.48394692069526,2,300,0.2
"s1","s4",6.85011196604165,2,300,0.2
"s1","s4",6.80787125497572,2,300,0.2
"s1","s4",6.82076977020964,2,300,0.2
"s1","s4",6.84444221501702,2,300,0.2
"s1","s4",7.48664208301506,2,300,0.2
"s1","s4",7.12977830740297,2,300,0.2
"s1","s4",6.93948528131058,2,300,0.2
"s1","s4",6.35321668786522,2,300,0.2
"s1","s4",7.1010093286344,2,300,0.2
"s1","s4",6.90417868332608,2,300,0.2
"s1","s4",6.44179753624295,2,300,0.2
"s1","s4",6.64148991448829,2,300,0.2
"s1","s4",6.51538179605261,2,300,0.2
"s1","s4",6.8188632587075,2,300,0.2
"s1","s4",6.66621772608781,2,300,0.2
"s1","s4",6.26951946408062,2,300,0.2
"s1","s4",6.93382794055577,2,300,0.2
"s1","s4",6.66940490490856,2,300,0.2
"s1","s4",6.54693581200075,2,300,0.2
"s1","s4",7.11834368047281,2,300,0.2
"s1","s4",6.39968049991714,2,300,0.2
"s1","s4",6.00827994864406,2,300,0.2
"s1","s4",7.32297202521764,2,300,0.2
"s1","s4",6.90687704596141,2,300,0.2
"s1","s4",7.13246228905878,2,300,0.2
"s1","s4",6.61107591704646,2,300,0.2
"s1","s4",6.63931362377035,2,300,0.2
"s1","s4",7.13851076964104,2,300,0.2
"s1","s4",6.75988738588461,2,300,0.2
"s1","s4",6.43751806532674,2,300,0.2
"s1","s4",6.41613060137368,2,300,0.2
"s1","s4",6.33468026986339,2,300,0.2
"s1","s4",6.63621726108946,2,300,0.2
"s1","s4",6.48141475617479,2,300,0.2
"s1","s4",6.80686219489125,2,300,0.2
"s1","s4",6.29370857676116,2,300,0.2
"s1","s4",6.48333252720553,2,300,0.2
"s1","s4",6.5605219008218,2,300,0.2
"s1","s4",6.56918919168636,2,300,0.2
"s1","s4",6.51061020489973,2,300,0.2
"s1","s4",6.60483485730251,2,300,0.2
"s1","s4",6.40138720837368,2,300,0.2
"s1","s4",6.84127932882944,2,300,0.2
"s1","s4",6.51576147125702,2,300,0.2
"s1","s4",7.20024392131845,2,300,0.2
"s1","s4",6.76365968873054,2,300,0.2
"s1","s4",7.09395081359213,2,300,0.2
"s1","s4",6.90337036261306,2,300,0.2
"s1","s4",6.90125033526245,2,300,0.2
"s1","s4",6.63658907023417,2,300,0.2
"s1","s4",6.30674379660348,2,300,0.2
"s1","s4",6.58879541090474,2,300,0.2
"s1","s4",6.62164477932387,2,300,0.2
"s1","s4",6.26746885173956,2,300,0.2
"s1","s4",6.68830305983479,2,300,0.2
"s1","s4",6.58329309322437,2,300,0.2
"s1","s4",6.647684460744,2,300,0.2
"s1","s4",6.87488027704183,2,300,0.2
"s1","s4",6.87027722994374,2,300,0.2
"s1","s4",7.44801837370403,2,300,0.2
"s1","s4",6.75786486673136,2,300,0.2
"s1","s4",7.26789272428118,2,300,0.2
"s1","s4",6.84928011172352,2,300,0.2
"s1","s4",6.71784055778411,2,300,0.2
"s1","s4",6.5236973448645,2,300,0.2
"s1","s4",6.84928011172352,2,300,0.2
"s1","s4",6.11279578474887,2,300,0.2
"s1","s4",6.59679254526703,2,300,0.2
"s1","s4",6.37735241417172,2,300,0.2
"s1","s4",6.57651230656129,2,300,0.2
"s1","s4",6.69629706312807,2,300,0.2
"s1","s4",6.67478583320235,2,300,0.2
"s1","s4",6.76232119627184,2,300,0.2
"s1","s4",6.17457225711717,2,300,0.2
"s1","s4",5.92670831918932,2,300,0.2
"s1","s4",6.29122286054093,2,300,0.2
"s1","s4",7.01476752624503,2,300,0.2
"s1","s4",6.83579163741821,2,300,0.2
"s1","s4",6.51614857731374,2,300,0.2
"s1","s4",6.30521592945129,2,300,0.2
"s1","s4",7.16122329720798,2,300,0.2
"s1","s4",7.52274275185417,2,300,0.2
"s1","s4",6.59605591957576,2,300,0.2
"s1","s4",6.53030684393016,2,300,0.2
"s1","s4",6.50521360574553,2,300,0.2
"s1","s4",6.86553490057287,2,300,0.2
"s1","s4",6.59239794114015,2,300,0.2
"s1","s4",7.12920701970828,2,300,0.2
"s1","s4",6.64522343398789,2,300,0.2
"s1","s4",6.67436889318796,2,300,0.2
"s1","s4",6.8040898055813,2,300,0.2
"s1","s4",6.75658319701083,2,300,0.2
"s1","s4",6.84562565315332,2,300,0.2
"s1","s4",6.95353308121753,2,300,0.2
"s1","s4",6.6993091391733,2,300,0.2
"s1","s4",6.54302878639474,2,300,0.2
"s1","s4",7.06081874134402,2,300,0.2
"s1","s4",7.20502061946065,2,300,0.2
"s1","s4",6.6834358861386,2,300,0.2
"s1","s4",6.53136263884018,2,300,0.2
"s1","s4",7.10732055823129,2,300,0.2
"s1","s4",6.87253584455728,2,300,0.2
"s1","s4",6.52929925336277,2,300,0.2
"s1","s4",6.9579731982183,2,300,0.2
"s1","s4",6.41898111451927,2,300,0.2
"s1","s4",7.07262151169935,2,300,0.2
"s1","s4",6.63593105992953,2,300,0.2
"s1","s4",7.00398501750186,2,300,0.2
"s1","s4",7.07953117678342,2,300,0.2
"s1","s4",6.66249223909528,2,300,0.2
"s1","s4",6.51794237652211,2,300,0.2
"s1","s4",6.9479585685265,2,300,0.2
"s1","s4",6.59703158962924,2,300,0.2
"s1","s4",6.31636621300184,2,300,0.2
"s1","s4",6.14379554456924,2,300,0.2
"s1","s4",6.38223066980021,2,300,0.2
"s1","s4",6.90943977077817,2,300,0.2
"s1","s4",6.83939973192476,2,300,0.2
"s1","s4",7.18593266986616,2,300,0.2
"s1","s4",7.19425199574497,2,300,0.2
"s1","s4",6.67034767047557,2,300,0.2
"s1","s4",7.08150383285681,2,300,0.2
"s1","s4",7.12855285484012,2,300,0.2
"s1","s4",7.32573383382764,2,300,0.2
"s1","s4",6.82601724487773,2,300,0.2
"s1","s4",6.93170211435935,2,300,0.2
"s1","s4",6.57398062431913,2,300,0.2
"s1","s4",7.02800231659319,2,300,0.2
"s1","s4",6.65611908276014,2,300,0.2
"s1","s4",7.01777519970348,2,300,0.2
"s1","s4",6.600178336391,2,300,0.2
"s1","s4",6.55281409570906,2,300,0.2
"s1","s4",6.48531667148441,2,300,0.2
"s1","s4",6.61073397780357,2,300,0.2
"s1","s4",6.21365580418714,2,300,0.2
"s1","s4",6.26971806725847,2,300,0.2
"s1","s4",7.27126055954787,2,300,0.2
"s1","s4",7.21375534694944,2,300,0.2
"s1","s4",6.46315236669709,2,300,0.2
"s1","s4",6.25604306538401,2,300,0.2
"s1","s4",6.63772153063331,2,300,0.2
"s1","s4",6.94836239814573,2,300,0.2
"s1","s4",6.92192762532592,2,300,0.2
"s1","s4",7.37219652801338,2,300,0.2
"s1","s4",6.45651186838174,2,300,0.2
"s1","s4",6.57662331408434,2,300,0.2
"s1","s4",6.42919170652561,2,300,0.2
"s1","s4",6.35074367390285,2,300,0.2
"s1","s4",6.93878661761311,2,300,0.2
"s1","s4",7.11942943643885,2,300,0.2
"s1","s4",6.49036457590294,2,300,0.2
"s1","s4",6.80210086070916,2,300,0.2
"s1","s4",6.87514678610358,2,300,0.2
"s1","s4",6.98768703133025,2,300,0.2
"s1","s4",6.40974858501687,2,300,0.2
"s1","s4",6.69205088300081,2,300,0.2
"s1","s4",6.51215436530808,2,300,0.2
"s1","s4",6.61107591704646,2,300,0.2
"s1","s4",7.40573242619099,2,300,0.2
"s1","s4",6.31586853645811,2,300,0.2
"s1","s4",6.73631317669835,2,300,0.2
"s1","s4",6.73661462000785,2,300,0.2
"s1","s4",6.2315893799931,2,300,0.2
"s1","s4",6.82353741797101,2,300,0.2
"s1","s4",6.82678998740412,2,300,0.2
"s1","s4",6.25897756641141,2,300,0.2
"s1","s4",7.25994178593222,2,300,0.2
"s1","s4",6.95534221190107,2,300,0.2
"s1","s4",6.70953552188733,2,300,0.2
"s1","s4",6.65208176168858,2,300,0.2
"s1","s4",6.92355284712055,2,300,0.2
"s1","s4",6.83936098909797,2,300,0.2
"s1","s4",6.98838132958688,2,300,0.2
"s1","s4",7.08612722371756,2,300,0.2
"s1","s4",7.10181553700257,2,300,0.2
"s1","s4",6.52735556759436,2,300,0.2
"s1","s4",6.41319998750211,2,300,0.2
"s1","s4",7.13487782959642,2,300,0.2
"s1","s4",6.51437267965657,2,300,0.2
"s1","s4",6.48792416722093,2,300,0.2
"s1","s4",6.76591275972009,2,300,0.2
"s1","s4",6.82444936000298,2,300,0.2
"s1","s4",7.28952805562954,2,300,0.2
"s1","s4",6.57030593123559,2,300,0.2
"s1","s4",6.69693840396034,2,300,0.2
"s1","s4",6.80578601311051,2,300,0.2
"s1","s4",6.87514678610358,2,300,0.2
"s1","s4",6.72245693494318,2,300,0.2
"s1","s4",7.50127804388063,2,300,0.2
"s1","s4",6.79522905687865,2,300,0.2
"s1","s4",6.96134455862925,2,300,0.2
"s1","s4",6.52275103462,2,300,0.2
"s1","s4",6.49095884819739,2,300,0.2
"s1","s4",6.27995397204857,2,300,0.2
"s1","s4",6.86384211606742,2,300,0.2
"s1","s4",6.78627658394907,2,300,0.2
"s1","s4",6.8138377111137,2,300,0.2
"s1","s4",6.875923724492,2,300,0.2
"s1","s4",6.45431401510105,2,300,0.2
"s1","s4",6.5760596293988,2,300,0.2
"s1","s4",6.51783737124597,2,300,0.2
"s1","s4",6.45356622498445,2,300,0.2
"s1","s4",6.3515573540939,2,300,0.2
"s1","s4",7.07292894542526,2,300,0.2
"s1","s4",7.4824882657241,2,300,0.2
"s1","s4",6.58161693253233,2,300,0.2
"s1","s4",6.59243320858215,2,300,0.2
"s1","s4",7.08554814883712,2,300,0.2
"s1","s4",6.53856401046603,2,300,0.2
"s1","s4",6.98886451769326,2,300,0.2
"s1","s4",6.60504210530408,2,300,0.2
"s1","s4",6.666209936389,2,300,0.2
"s1","s4",7.52375175047288,2,300,0.2
"s1","s4",6.75669972368523,2,300,0.2
"s1","s4",6.2861480276953,2,300,0.2
"s1","s4",6.37135361104697,2,300,0.2
"s1","s4",7.08097612413528,2,300,0.2
"s1","s4",7.27642494155404,2,300,0.2
"s1","s4",6.62695397773359,2,300,0.2
"s1","s4",6.01254815535304,2,300,0.2
"s1","s4",6.5968516649731,2,300,0.2
"s1","s4",6.5524742226402,2,300,0.2
"s1","s4",6.3210694233853,2,300,0.2
"s1","s4",6.41522012600467,2,300,0.2
"s1","s4",6.81220676314359,2,300,0.2
"s1","s4",6.53574977108983,2,300,0.2
"s1","s4",6.34345632434945,2,300,0.2
"s1","s4",6.58720832783024,2,300,0.2
"s1","s4",6.85495770752283,2,300,0.2
"s1","s4",7.00735354553899,2,300,0.2
"s1","s4",6.50821052652117,2,300,0.2
"s1","s4",6.92617960238896,2,300,0.2
"s1","s4",6.85665097496429,2,300,0.2
"s1","s4",6.6165568575587,2,300,0.2
"s1","s4",6.3167871217706,2,300,0.2
"s1","s4",6.36469674797046,2,300,0.2
"s1","s4",7.04205549953507,2,300,0.2
"s1","s4",7.01788521150656,2,300,0.2
"s1","s4",6.45086823838329,2,300,0.2
"s1","s4",6.99781698829318,2,300,0.2
"s1","s4",6.74823183478959,2,300,0.2
"s1","s4",6.25311814095075,2,300,0.2
"s1","s4",6.4726717881756,2,300,0.2
"s1","s4",6.86085997392588,2,300,0.2
"s1","s4",7.05547450294218,2,300,0.2
"s1","s4",6.93432408305272,2,300,0.2
"s1","s4",6.34061059017788,2,300,0.2
"s1","s4",6.76676402163177,2,300,0.2
"s1","s4",6.93631458311269,2,300,0.2
"s1","s4",6.46347693714799,2,300,0.2
"s1","s4",7.40222076063054,2,300,0.2
"s1","s4",6.86200967239769,2,300,0.2
"s1","s4",6.83607827891815,2,300,0.2
"s1","s4",6.67841958910731,2,300,0.2
"s1","s4",6.75062897581256,2,300,0.2
"s1","s4",6.70856933384568,2,300,0.2
"s1","s4",6.44608668860306,2,300,0.2
"s1","s4",6.39646748696444,2,300,0.2
"s1","s4",6.466144406908,2,300,0.2
"s1","s4",6.33470169576374,2,300,0.2
"s1","s4",6.57746803400168,2,300,0.2
"s1","s4",6.60484312046481,2,300,0.2
"s1","s4",6.91858961074567,2,300,0.2
"s1","s4",6.70716153739538,2,300,0.2
"s1","s4",6.55904521182295,2,300,0.2
"s1","s4",6.35961611891663,2,300,0.2
"s1","s4",6.6944622024122,2,300,0.2
"s1","s4",7.22691807022151,2,300,0.2
"s1","s4",7.02989862390742,2,300,0.2
"s1","s4",6.81236970591418,2,300,0.2
"s1","s4",6.20616639057513,2,300,0.2
"s1","s4",6.97249525034547,2,300,0.2
"s1","s4",7.31674172949012,2,300,0.2
"s1","s4",6.95109609697874,2,300,0.2
"s1","s4",6.99792707022183,2,300,0.2
"s1","s4",6.70534406355887,2,300,0.2
"s1","s4",6.9173180461769,2,300,0.2
"s1","s4",7.2142698571859,2,300,0.2
"s1","s4",6.96414695636685,2,300,0.2
"s1","s4",6.54846672091067,2,300,0.2
"s1","s4",6.82216886853451,2,300,0.2
"s1","s4",6.69356694560207,2,300,0.2
"s1","s4",6.41809828779097,2,300,0.2
"s1","s4",7.23318059565435,2,300,0.2
"s1","s4",6.74272356338163,2,300,0.2
"s1","s4",7.00351498267181,2,300,0.2
"s1","s4",6.47721789267269,2,300,0.2
"s1","s4",6.74157057020339,2,300,0.2
"s1","s4",6.85598126672329,2,300,0.2
"s1","s4",6.9173180461769,2,300,0.2
"s1","s4",6.7139484785454,2,300,0.2
"s1","s4",6.2034532508884,2,300,0.2
"s1","s4",6.58041200418074,2,300,0.2
"s1","s4",6.5760596293988,2,300,0.2
"s1","s4",6.55095617300819,2,300,0.2
"s1","s4",6.17832218228148,2,300,0.2
"s1","s4",6.69453596925629,2,300,0.2
"s1","s4",7.055814133536,2,300,0.2
"s1","s4",6.90351999493251,2,300,0.2
"s1","s4",6.81577561690781,2,300,0.2
"s1","s4",6.81302035737721,2,300,0.2
"s1","s4",6.5863304696926,2,300,0.2
"s1","s4",6.67376852239124,2,300,0.2
"s1","s4",6.41272166424024,2,300,0.2
"s1","s4",6.77949983903481,2,300,0.2
"s1","s4",6.61532242238792,2,300,0.2
"s1","s4",6.81560590361971,2,300,0.2
"s1","s4",6.29776777615093,2,300,0.2
"s1","s4",6.58914104880078,2,300,0.2
"s1","s4",6.90103029713879,2,300,0.2
"s1","s4",6.55325867838954,2,300,0.2
"s1","s4",6.87671786911531,2,300,0.2
"s1","s4",6.63402950017831,2,300,0.2
"s1","s4",6.36446068834679,2,300,0.2
"s1","s4",6.62991950212765,2,300,0.2
"s1","s4",6.36018720502551,2,300,0.2
"s1","s4",7.23437101382962,2,300,0.2
"s1","s4",6.83522257536345,2,300,0.2
"s1","s4",6.86739094166197,2,300,0.2
"s1","s4",6.84431055321437,2,300,0.2
"s1","s4",6.8704236570224,2,300,0.2
"s1","s4",6.98091569668401,2,300,0.2
"s1","s4",7.17596040743548,2,300,0.2
"s1","s4",6.92242245756597,2,300,0.2
"s1","s4",5.96151921251746,2,300,0.2
"s1","s4",7.0138085774271,2,300,0.2
"s1","s4",6.52794265212665,2,300,0.2
"s1","s4",6.91066351417078,2,300,0.2
"s1","s4",6.63357115506855,2,300,0.2
"s1","s4",6.20151309194318,2,300,0.2
"s1","s4",6.90209370757213,2,300,0.2
"s1","s4",6.56770890706172,2,300,0.2
"s1","s4",6.61504422503264,2,300,0.2
"s1","s4",7.93859478398196,2,300,0.2
"s1","s4",7.16518856384025,2,300,0.2
"s1","s4",6.2838135391608,2,300,0.2
"s1","s4",7.00735354553899,2,300,0.2
"s1","s4",6.58062736204694,2,300,0.2
"s1","s4",6.82732611268077,2,300,0.2
"s1","s4",6.85539969705189,2,300,0.2
"s1","s4",6.26803276123071,2,300,0.2
"s1","s4",6.44650114677287,2,300,0.2
"s1","s4",7.12144740605381,2,300,0.2
"s1","s4",6.90970587687452,2,300,0.2
"s1","s4",7.05695453711868,2,300,0.2
"s1","s4",7.17422840401076,2,300,0.2
"s1","s4",6.84532291861612,2,300,0.2
"s1","s4",6.99912494142172,2,300,0.2
"s1","s4",7.27461470075206,2,300,0.2
"s1","s4",6.68130942997487,2,300,0.2
"s1","s4",6.30156400760612,2,300,0.2
"s1","s4",6.82042585882434,2,300,0.2
"s1","s4",6.69095227569909,2,300,0.2
"s1","s4",7.08375550398387,2,300,0.2
"s1","s4",6.6990838984924,2,300,0.2
"s1","s4",6.86843605352151,2,300,0.2
"s1","s4",6.39156336948608,2,300,0.2
"s1","s4",6.83761163195311,2,300,0.2
"s1","s4",6.27939263477085,2,300,0.2
"s1","s4",7.26720701432245,2,300,0.2
"s1","s4",6.91050434791462,2,300,0.2
"s1","s4",6.38834956959289,2,300,0.2
"s1","s4",6.1166161702819,2,300,0.2
"s1","s4",6.3768931371058,2,300,0.2
"s1","s4",6.15806624406009,2,300,0.2
"s1","s4",6.95545961625434,2,300,0.2
"s1","s4",6.45703679209188,2,300,0.2
"s1","s4",7.03823615360368,2,300,0.2
"s1","s4",6.51541750808801,2,300,0.2
"s1","s4",6.80574402705352,2,300,0.2
"s1","s4",7.03032698797927,2,300,0.2
"s1","s4",6.59450517904816,2,300,0.2
"s1","s4",6.9579731982183,2,300,0.2
"s1","s4",6.64705982178284,2,300,0.2
"s1","s4",6.49816300639298,2,300,0.2
"s1","s4",6.40265162711802,2,300,0.2
"s1","s4",6.64740169514179,2,300,0.2
"s1","s4",6.54041912980738,2,300,0.2
"s1","s4",6.56658925880533,2,300,0.2
"s1","s4",6.64740169514179,2,300,0.2
"s1","s4",7.1995805787694,2,300,0.2
"s1","s4",6.59953947272503,2,300,0.2
"s1","s4",6.81676724697436,2,300,0.2
"s1","s4",6.70144497663686,2,300,0.2
"s1","s4",5.73359216128256,2,300,0.2
"s1","s4",6.90028728691055,2,300,0.2
"s1","s4",6.98614383500723,2,300,0.2
"s1","s4",6.38479947224654,2,300,0.2
"s1","s4",6.948226094896,2,300,0.2
"s1","s4",6.46015994745989,2,300,0.2
"s1","s4",7.4981452706194,2,300,0.2
"s1","s4",6.42919170652561,2,300,0.2
"s1","s4",6.61556661344633,2,300,0.2
"s1","s4",6.66786405967269,2,300,0.2
"s1","s4",6.86835983017892,2,300,0.2
"s1","s4",6.77272309412055,2,300,0.2
"s1","s4",6.38302701048667,2,300,0.2
"s1","s4",6.91099041106867,2,300,0.2
"s1","s4",6.78249400689093,2,300,0.2
"s1","s4",7.384371128269,2,300,0.2
"s1","s4",6.82640361614093,2,300,0.2
"s1","s4",7.14340400138832,2,300,0.2
"s1","s4",6.9479585685265,2,300,0.2
"s1","s4",6.83951603213232,2,300,0.2
"s1","s4",6.73781687329296,2,300,0.2
"s1","s4",6.08293152737855,2,300,0.2
"s1","s4",6.53856401046603,2,300,0.2
"s1","s4",6.6990838984924,2,300,0.2
"s1","s4",6.60490351132128,2,300,0.2
"s1","s4",6.65846785581397,2,300,0.2
"s1","s4",6.76979671921004,2,300,0.2
"s1","s4",6.68961282122278,2,300,0.2
"s1","s4",7.11233427830959,2,300,0.2
"s1","s4",6.75658319701083,2,300,0.2
"s1","s4",6.72898252164058,2,300,0.2
"s1","s4",6.84431055321437,2,300,0.2
"s1","s4",6.5644884826019,2,300,0.2
"s1","s4",6.59450517904816,2,300,0.2
"s1","s4",6.95023566005378,2,300,0.2
"s1","s4",6.36541228869443,2,300,0.2
"s1","s4",6.94052328780555,2,300,0.2
"s1","s4",6.66408972335506,2,300,0.2
"s1","s4",7.14783595149931,2,300,0.2
"s1","s4",6.97198917799744,2,300,0.2
"s1","s4",7.0799629821113,2,300,0.2
"s1","s4",6.75761400761779,2,300,0.2
"s1","s4",6.22008484336347,2,300,0.2
"s1","s4",6.48157038932185,2,300,0.2
"s1","s4",6.48521681027648,2,300,0.2
"s1","s4",6.41248435551077,2,300,0.2
"s1","s4",6.57102537092573,2,300,0.2
"s1","s4",7.0029093956714,2,300,0.2
"s1","s4",6.99880790931753,2,300,0.2
"s1","s4",7.18716863280466,2,300,0.2
"s1","s4",6.65725129859774,2,300,0.2
"s1","s4",6.87837623285224,2,300,0.2
"s1","s4",6.54036169218365,2,300,0.2
"s1","s4",6.3065510365961,2,300,0.2
"s1","s4",6.43852957309079,2,300,0.2
"s1","s4",6.57132117396245,2,300,0.2
"s1","s4",6.89850749687224,2,300,0.2
"s1","s4",6.88470923955558,2,300,0.2
"s1","s4",7.24719199849974,2,300,0.2
"s1","s4",6.39137295916628,2,300,0.2
"s1","s4",6.61532242238792,2,300,0.2
"s1","s4",6.4801795960933,2,300,0.2
"s1","s4",6.8919498133753,2,300,0.2
"s1","s4",6.47621032004579,2,300,0.2
"s1","s4",6.66914589780105,2,300,0.2
"s1","s4",6.68318581982933,2,300,0.2
"s1","s4",6.55411976844194,2,300,0.2
"s1","s4",7.31514670788308,2,300,0.2
"s1","s4",6.6104724323487,2,300,0.2
"s1","s4",6.82601724487773,2,300,0.2
"s1","s4",6.99349370744956,2,300,0.2
"s1","s4",6.62198766962842,2,300,0.2
"s1","s4",6.572019524174,2,300,0.2
"s1","s4",6.57276843126845,2,300,0.2
"s1","s4",6.98952163842836,2,300,0.2
"s1","s4",7.17353824518558,2,300,0.2
"s1","s4",6.75764793853046,2,300,0.2
"s1","s4",6.48565680667925,2,300,0.2
"s1","s4",6.63242761119864,2,300,0.2
"s1","s4",6.67323670907088,2,300,0.2
"s1","s4",6.63054897734025,2,300,0.2
"s1","s4",6.55340353464094,2,300,0.2
"s1","s4",6.87516578348135,2,300,0.2
"s1","s4",6.55365247782016,2,300,0.2
"s1","s4",6.39598962740854,2,300,0.2
"s1","s4",6.5304943008754,2,300,0.2
"s1","s4",6.14673616481181,2,300,0.2
"s1","s4",6.37687065686539,2,300,0.2
"s1","s4",6.8711242899941,2,300,0.2
"s1","s4",6.84429592873521,2,300,0.2
"s1","s4",6.86576365449746,2,300,0.2
"s1","s4",6.57407849894888,2,300,0.2
"s1","s4",7.00081253328213,2,300,0.2
"s1","s4",6.20768701793219,2,300,0.2
"s1","s4",7.31502955258939,2,300,0.2
"s1","s4",6.51377528910461,2,300,0.2
"s1","s4",6.52445686203598,2,300,0.2
"s1","s4",6.60128622195947,2,300,0.2
"s1","s4",7.51726692392745,2,300,0.2
"s1","s4",6.44179753624295,2,300,0.2
"s1","s4",6.83646161059801,2,300,0.2
"s1","s4",6.48025714347551,2,300,0.2
"s1","s4",6.54294270729552,2,300,0.2
"s1","s4",6.71339624535599,2,300,0.2
"s1","s4",6.85910881800021,2,300,0.2
"s1","s4",6.88656798750639,2,300,0.2
"s1","s4",6.14517588877146,2,300,0.2
"s1","s4",6.83437155800036,2,300,0.2
"s1","s4",6.64798442423196,2,300,0.2
"s1","s4",7.11917180968609,2,300,0.2
"s1","s4",7.37788834675791,2,300,0.2
"s1","s4",6.1437530949672,2,300,0.2
"s1","s4",7.02574214969621,2,300,0.2
"s1","s4",6.66274264548243,2,300,0.2
"s1","s4",7.45182938588812,2,300,0.2
"s1","s4",7.05480138974636,2,300,0.2
"s1","s4",6.41278137078961,2,300,0.2
"s1","s4",6.71971904058012,2,300,0.2
"s1","s4",6.55340353464094,2,300,0.2
"s1","s4",6.84127932882944,2,300,0.2
"s1","s4",6.72008319780952,2,300,0.2
"s1","s4",7.16458909136927,2,300,0.2
"s1","s4",6.54594517479057,2,300,0.2
"s1","s4",7.15686866390239,2,300,0.2
"s1","s4",6.21266485629823,2,300,0.2
"s1","s4",6.95294603429039,2,300,0.2
"s1","s4",6.42922549295565,2,300,0.2
"s1","s4",6.03511338406099,2,300,0.2
"s1","s4",6.6104724323487,2,300,0.2
"s1","s4",6.8317892597114,2,300,0.2
"s1","s4",6.94181468592275,2,300,0.2
"s1","s4",6.63095617642948,2,300,0.2
"s1","s4",6.52788952882428,2,300,0.2
"s1","s4",6.64094856691904,2,300,0.2
"s1","s4",7.307775443238,2,300,0.2
"s1","s4",6.92970468323962,2,300,0.2
"s1","s4",6.83005260630403,2,300,0.2
"s1","s4",6.56711466990515,2,300,0.2
"s1","s4",6.05031442740871,2,300,0.2
"s1","s4",6.63337398969423,2,300,0.2
"s1","s4",6.87732996700583,2,300,0.2
"s1","s4",7.37693507923861,2,300,0.2
"s1","s4",6.29405689063483,2,300,0.2
"s1","s4",6.82769934198017,2,300,0.2
"s1","s4",6.7973023292441,2,300,0.2
"s1","s4",6.43953770262499,2,300,0.2
"s1","s4",6.9579731982183,2,300,0.2
"s1","s4",6.00595865384298,2,300,0.2
"s1","s4",6.88317976169346,2,300,0.2
"s1","s4",6.59239794114015,2,300,0.2
"s1","s4",6.39156336948608,2,300,0.2
"s1","s4",6.80338463551534,2,300,0.2
"s1","s4",6.3789242738893,2,300,0.2
"s1","s4",6.69095227569909,2,300,0.2
"s1","s4",7.09447695754628,2,300,0.2
"s1","s4",6.39471344985884,2,300,0.2
"s1","s4",7.11942943643885,2,300,0.2
"s1","s4",6.72176117556106,2,300,0.2
"s1","s4",6.51422525710414,2,300,0.2
"s1","s4",6.66392914277535,2,300,0.2
"s1","s4",6.56443324966278,2,300,0.2
"s1","s4",5.99103027207722,2,300,0.2
"s1","s4",6.57746803400168,2,300,0.2
"s1","s4",6.70942332544546,2,300,0.2
"s1","s4",6.33005314528026,2,300,0.2
"s1","s4",7.25375570442421,2,300,0.2
"s1","s4",6.17904959573727,2,300,0.2
"s1","s4",7.09574530437504,2,300,0.2
"s1","s4",6.6427841336513,2,300,0.2
"s1","s4",7.23035443913464,2,300,0.2
"s1","s4",6.64789769808195,2,300,0.2
"s1","s4",6.21365580418714,2,300,0.2
"s1","s4",6.47804074319043,2,300,0.2
"s1","s4",6.63121637169175,2,300,0.2
"s1","s4",6.13557943149888,2,300,0.2
"s1","s4",6.90671989271207,2,300,0.2
"s1","s4",6.81690734603856,2,300,0.2
"s1","s4",7.28747586062481,2,300,0.2
"s1","s4",6.93348734992727,2,300,0.2
"s1","s4",6.73512138201836,2,300,0.2
"s1","s4",7.00285434924652,2,300,0.2
"s1","s4",6.22123027992006,2,300,0.2
"s1","s4",6.53047943897168,2,300,0.2
"s1","s4",6.62589799986537,2,300,0.2
"s1","s4",7.13269359008091,2,300,0.2
"s1","s4",6.86147838713769,2,300,0.2
"s1","s4",6.64726632562125,2,300,0.2
"s1","s4",6.40821514328821,2,300,0.2
"s1","s4",6.39563203209357,2,300,0.2
"s1","s4",6.8372645474802,2,300,0.2
"s1","s4",6.40449235498323,2,300,0.2
"s1","s4",6.70996214065929,2,300,0.2
"s1","s4",6.85234762642552,2,300,0.2
"s1","s4",7.41262167477925,2,300,0.2
"s1","s4",6.82791473972107,2,300,0.2
"s1","s4",6.62917019458176,2,300,0.2
"s1","s4",6.85982305474342,2,300,0.2
"s1","s4",6.8407447829305,2,300,0.2
"s1","s4",6.29463066330798,2,300,0.2
"s1","s4",6.41508355803749,2,300,0.2
"s1","s4",6.96292984672004,2,300,0.2
"s1","s4",7.18411487563325,2,300,0.2
"s1","s4",6.67010113343907,2,300,0.2
"s1","s4",6.6942200129847,2,300,0.2
"s1","s4",6.42301787127855,2,300,0.2
"s1","s4",6.86942752577974,2,300,0.2
"s1","s4",6.33152798546166,2,300,0.2
"s1","s4",6.30338094122374,2,300,0.2
"s1","s4",6.66209940755216,2,300,0.2
"s1","s4",6.90422874724582,2,300,0.2
"s1","s4",6.92737559679281,2,300,0.2
"s1","s4",7.14453997716462,2,300,0.2
"s1","s4",6.95534221190107,2,300,0.2
"s1","s4",6.47725376221672,2,300,0.2
"s1","s4",6.75094464541249,2,300,0.2
"s1","s4",6.92392560749886,2,300,0.2
"s1","s4",6.58694252822538,2,300,0.2
"s1","s4",6.39676291826847,2,300,0.2
"s1","s4",6.45378067125403,2,300,0.2
"s1","s4",7.26660252819599,2,300,0.2
"s1","s4",6.75363834865058,2,300,0.2
"s1","s4",6.99722906160062,2,300,0.2
"s1","s4",6.66781131549818,2,300,0.2
"s1","s4",7.09803075583169,2,300,0.2
"s1","s4",7.28062157540804,2,300,0.2
"s1","s4",6.51473558685198,2,300,0.2
"s1","s4",6.86040301900082,2,300,0.2
"s1","s4",6.60737286025361,2,300,0.2
"s1","s4",7.02480039740044,2,300,0.2
"s1","s4",6.16740629545363,2,300,0.2
"s1","s4",6.36751985529133,2,300,0.2
"s1","s4",6.77346235327883,2,300,0.2
"s1","s4",6.44804594165535,2,300,0.2
"s1","s4",6.47804074319043,2,300,0.2
"s1","s4",6.24941391123868,2,300,0.2
"s1","s4",6.47565911345015,2,300,0.2
"s1","s4",6.64343552311847,2,300,0.2
"s1","s4",6.74102971578017,2,300,0.2
"s1","s4",6.70775607534887,2,300,0.2
"s1","s4",6.85064599339195,2,300,0.2
"s1","s4",6.38643476824632,2,300,0.2
"s1","s4",6.92012463459979,2,300,0.2
"s1","s4",7.13517753882155,2,300,0.2
"s1","s4",6.57237586381019,2,300,0.2
"s1","s4",6.89023172701672,2,300,0.2
"s1","s4",7.24771403543041,2,300,0.2
"s1","s4",6.55702433965947,2,300,0.2
"s1","s4",7.0125193963255,2,300,0.2
"s1","s4",6.04070594050243,2,300,0.2
"s1","s4",6.74609019161943,2,300,0.2
"s1","s4",7.29508227024337,2,300,0.2
"s1","s4",6.98091569668401,2,300,0.2
"s1","s4",6.86113057577542,2,300,0.2
"s1","s4",6.41392343640392,2,300,0.2
"s1","s4",7.07345715793316,2,300,0.2
"s1","s4",7.17673638586315,2,300,0.2
"s1","s4",6.94930705329122,2,300,0.2
"s1","s4",6.709595178104,2,300,0.2
"s1","s4",6.62540872044895,2,300,0.2
"s1","s4",6.83456062502039,2,300,0.2
"s1","s4",6.45953859475547,2,300,0.2
"s1","s4",6.85587883851841,2,300,0.2
"s1","s4",6.01128259957233,2,300,0.2
"s1","s4",7.35758940288379,2,300,0.2
"s1","s4",6.55912758275056,2,300,0.2
"s1","s4",7.02987312836684,2,300,0.2
"s1","s4",6.24631657579925,2,300,0.2
"s1","s4",6.47823204275679,2,300,0.2
"s1","s4",6.36786382444917,2,300,0.2
"s1","s4",6.82128690291424,2,300,0.2
"s1","s4",6.54215018825165,2,300,0.2
"s1","s4",6.62338894701296,2,300,0.2
"s1","s4",6.54907472221601,2,300,0.2
"s1","s4",6.42125312394693,2,300,0.2
"s1","s4",6.3983845655613,2,300,0.2
"s1","s4",6.69460620527096,2,300,0.2
"s1","s4",6.97089227681221,2,300,0.2
"s1","s4",6.72851815314419,2,300,0.2
"s1","s4",6.50342885085042,2,300,0.2
"s1","s4",6.71913970986168,2,300,0.2
"s1","s4",6.86830318583849,2,300,0.2
"s1","s4",7.29490588002807,2,300,0.2
"s1","s4",6.63630285885012,2,300,0.2
"s1","s4",6.49406324326915,2,300,0.2
"s1","s4",6.5644884826019,2,300,0.2
"s1","s4",7.11940473287858,2,300,0.2
"s1","s4",6.83306704491544,2,300,0.2
"s1","s4",6.6233090050945,2,300,0.2
"s1","s4",6.22661731475435,2,300,0.2
"s1","s4",6.96736802961856,2,300,0.2
"s1","s4",6.62761573225166,2,300,0.2
"s1","s4",7.26651555122471,2,300,0.2
"s1","s4",7.32535015669004,2,300,0.2
"s1","s4",6.20529559010711,2,300,0.2
"s1","s4",6.63311280995879,2,300,0.2
"s1","s4",7.1630985680826,2,300,0.2
"s1","s4",6.95501648384212,2,300,0.2
"s1","s4",6.7741147869545,2,300,0.2
"s1","s4",6.63934981722889,2,300,0.2
"s1","s4",6.9832049116196,2,300,0.2
"s1","s4",6.46276355729181,2,300,0.2
"s1","s4",6.75319564148095,2,300,0.2
"s1","s4",6.52844291887127,2,300,0.2
"s1","s4",7.18076279475543,2,300,0.2
"s1","s4",7.15686866390239,2,300,0.2
"s1","s4",6.95072911857976,2,300,0.2
"s1","s4",6.67791455064572,2,300,0.2
"s1","s4",6.3687185489416,2,300,0.2
"s1","s4",6.36960784529077,2,300,0.2
"s1","s4",6.87939263194866,2,300,0.2
"s1","s4",6.86642205314502,2,300,0.2
"s1","s4",6.92908014566598,2,300,0.2
"s1","s4",6.48948952795583,2,300,0.2
"s1","s4",6.5863304696926,2,300,0.2
"s1","s4",6.63313660197969,2,300,0.2
"s1","s4",6.46515713790087,2,300,0.2
"s1","s4",6.41444438800251,2,300,0.2
"s1","s4",7.10901580343046,2,300,0.2
"s1","s4",6.64594132708588,2,300,0.2
"s1","s4",7.3924729321825,2,300,0.2
"s1","s4",6.47166824586941,2,300,0.2
"s1","s4",6.56840455673648,2,300,0.2
"s1","s4",6.73239891351835,2,300,0.2
"s1","s4",6.78058883908312,2,300,0.2
"s1","s4",7.16076637923919,2,300,0.2
"s1","s4",7.0308086488189,2,300,0.2
"s1","s4",6.84061910549074,2,300,0.2
"s1","s4",6.51377528910461,2,300,0.2
"s1","s4",6.55413870273235,2,300,0.2
"s1","s4",6.72376532892676,2,300,0.2
"s1","s4",7.12207169647558,2,300,0.2
"s1","s4",7.11246233159461,2,300,0.2
"s1","s4",6.45150753269324,2,300,0.2
"s1","s4",6.50821052652117,2,300,0.2
"s1","s4",6.94686491693829,2,300,0.2
"s1","s4",6.40998437214625,2,300,0.2
"s1","s4",6.70482827249486,2,300,0.2
"s1","s4",6.93432408305272,2,300,0.2
"s1","s4",7.20076937367759,2,300,0.2
"s1","s4",6.78115382243612,2,300,0.2
"s1","s4",6.47236768138423,2,300,0.2
"s1","s4",7.22954040832108,2,300,0.2
"s1","s4",6.88982766648552,2,300,0.2
"s1","s4",6.57154683735307,2,300,0.2
"s1","s4",6.78030626301832,2,300,0.2
"s1","s4",7.04717853509389,2,300,0.2
"s1","s4",6.85265860265473,2,300,0.2
"s1","s4",7.01366670661676,2,300,0.2
"s1","s4",6.44625219510544,2,300,0.2
"s1","s4",6.35357768717656,2,300,0.2
"s1","s4",6.55194379042279,2,300,0.2
"s1","s4",6.775392368609,2,300,0.2
"s1","s4",6.08077755045105,2,300,0.2
"s1","s4",6.71469530157988,2,300,0.2
"s1","s4",6.77337333430754,2,300,0.2
"s1","s4",6.42635964061169,2,300,0.2
"s1","s4",6.64705982178284,2,300,0.2
"s1","s4",6.52321350938637,2,300,0.2
"s1","s4",5.90225504880387,2,300,0.2
"s1","s4",6.5760596293988,2,300,0.2
"s1","s4",7.06272252000113,2,300,0.2
"s1","s4",6.41374873191852,2,300,0.2
"s1","s4",6.66702330818015,2,300,0.2
"s1","s4",6.64486833828278,2,300,0.2
"s1","s4",6.83579163741821,2,300,0.2
"s1","s4",6.54699026273022,2,300,0.2
"s1","s4",6.6748726056052,2,300,0.2
"s1","s4",6.33772838587205,2,300,0.2
"s1","s4",6.50629766899922,2,300,0.2
"s1","s4",6.53729115814973,2,300,0.2
"s1","s4",6.58387795638306,2,300,0.2
"s1","s4",6.86885477898308,2,300,0.2
"s1","s4",6.58260101823319,2,300,0.2
"s1","s4",6.47953275197816,2,300,0.2
"s1","s4",7.40229814268467,2,300,0.2
"s1","s4",6.86992105406021,2,300,0.2
"s1","s4",7.01787912818546,2,300,0.2
"s1","s4",6.42827087702904,2,300,0.2
"s1","s4",6.65611908276014,2,300,0.2
"s1","s4",6.93549451874833,2,300,0.2
"s1","s4",6.87463511639615,2,300,0.2
"s1","s4",6.64625029365807,2,300,0.2
"s1","s4",6.97139153975265,2,300,0.2
"s1","s4",6.76937484211505,2,300,0.2
"s1","s4",6.21431995130295,2,300,0.2
"s1","s4",6.8411650477797,2,300,0.2
"s1","s4",6.75602606921363,2,300,0.2
"s1","s4",6.48792416722093,2,300,0.2
"s1","s4",6.48083594982515,2,300,0.2
"s1","s4",6.87325337529884,2,300,0.2
"s1","s4",6.61274780907898,2,300,0.2
"s1","s4",6.92879512025422,2,300,0.2
"s1","s4",6.44884683569717,2,300,0.2
"s1","s4",6.93816240278391,2,300,0.2
"s1","s4",6.49527500834846,2,300,0.2
"s1","s4",6.66335801582775,2,300,0.2
"s1","s4",7.38426517326801,2,300,0.2
"s1","s4",6.59808054766768,2,300,0.2
"s1","s4",6.47944405560697,2,300,0.2
"s1","s4",6.45689577417566,2,300,0.2
"s1","s4",6.43182725890425,2,300,0.2
"s1","s4",6.61073397780357,2,300,0.2
"s1","s4",6.53997074319565,2,300,0.2
"s1","s4",7.3408680033626,2,300,0.2
"s1","s4",6.93248431280169,2,300,0.2
"s1","s4",6.9413825843904,2,300,0.2
"s1","s4",7.12690858309707,2,300,0.2
"s1","s4",6.82216891237086,2,300,0.2
"s1","s4",6.46800886626794,2,300,0.2
"s1","s4",6.61906642789319,2,300,0.2
"s1","s4",6.4438534782156,2,300,0.2
"s1","s4",6.36655634418435,2,300,0.2
"s1","s4",6.59210001157024,2,300,0.2
"s1","s4",6.29587323943886,2,300,0.2
"s1","s4",6.43050948271493,2,300,0.2
"s1","s4",6.64343552311847,2,300,0.2
"s1","s4",6.48590818192855,2,300,0.2
"s1","s4",6.97590997136501,2,300,0.2
"s1","s4",6.36270064678362,2,300,0.2
"s1","s4",6.13398073434524,2,300,0.2
"s1","s4",6.54880461114449,2,300,0.2
"s1","s4",6.91506013039761,2,300,0.2
"s1","s4",7.26540371246056,2,300,0.2
"s1","s4",7.15523469855303,2,300,0.2
"s1","s4",6.56458109566419,2,300,0.2
"s1","s4",6.97196210094141,2,300,0.2
"s1","s4",6.60484312046481,2,300,0.2
"s1","s4",6.44278141770126,2,300,0.2
"s1","s4",6.49414400850193,2,300,0.2
"s1","s4",6.5524742226402,2,300,0.2
"s1","s4",6.1884820271001,2,300,0.2
"s1","s4",6.92879512025422,2,300,0.2
"s1","s5",7.19495918356017,2,300,0.2
"s1","s5",6.56845743523274,2,300,0.2
"s1","s5",7.20335713324695,2,300,0.2
"s1","s5",6.8128410880218,2,300,0.2
"s1","s5",6.55086736754976,2,300,0.2
"s1","s5",6.84805399846681,2,300,0.2
"s1","s5",7.29712054705998,2,300,0.2
"s1","s5",6.53039067075239,2,300,0.2
"s1","s5",6.3565995263871,2,300,0.2
"s1","s5",6.73567501981653,2,300,0.2
"s1","s5",7.06303879362885,2,300,0.2
"s1","s5",7.11073399258939,2,300,0.2
"s1","s5",7.22197115881883,2,300,0.2
"s1","s5",7.18677524730754,2,300,0.2
"s1","s5",7.24220265264223,2,300,0.2
"s1","s5",6.8647511019899,2,300,0.2
"s1","s5",6.87762293918735,2,300,0.2
"s1","s5",6.96516697330998,2,300,0.2
"s1","s5",6.32158741769047,2,300,0.2
"s1","s5",7.03347755788081,2,300,0.2
"s1","s5",6.3771131787004,2,300,0.2
"s1","s5",7.00407251144345,2,300,0.2
"s1","s5",6.69002090217896,2,300,0.2
"s1","s5",6.60178054568864,2,300,0.2
"s1","s5",6.79125255309577,2,300,0.2
"s1","s5",7.40773123892112,2,300,0.2
"s1","s5",7.06600058547428,2,300,0.2
"s1","s5",7.3200101086342,2,300,0.2
"s1","s5",7.47780809093223,2,300,0.2
"s1","s5",7.41063337439284,2,300,0.2
"s1","s5",6.3013061339152,2,300,0.2
"s1","s5",6.6200373264886,2,300,0.2
"s1","s5",7.29968865943296,2,300,0.2
"s1","s5",6.95918013010785,2,300,0.2
"s1","s5",6.77738540121953,2,300,0.2
"s1","s5",6.72464467138823,2,300,0.2
"s1","s5",7.26851768737278,2,300,0.2
"s1","s5",6.85067623151409,2,300,0.2
"s1","s5",7.65564630455376,2,300,0.2
"s1","s5",6.70704424644744,2,300,0.2
"s1","s5",6.29667684933998,2,300,0.2
"s1","s5",7.18777659520117,2,300,0.2
"s1","s5",6.83767064399508,2,300,0.2
"s1","s5",6.8128410880218,2,300,0.2
"s1","s5",6.94482471023029,2,300,0.2
"s1","s5",7.18604280543988,2,300,0.2
"s1","s5",7.20787810769928,2,300,0.2
"s1","s5",7.23796450010292,2,300,0.2
"s1","s5",6.68194329611671,2,300,0.2
"s1","s5",7.00725384071087,2,300,0.2
"s1","s5",6.82295348058182,2,300,0.2
"s1","s5",7.14573210047473,2,300,0.2
"s1","s5",6.50627273881747,2,300,0.2
"s1","s5",6.82685231600539,2,300,0.2
"s1","s5",6.51481294624526,2,300,0.2
"s1","s5",6.92279731818964,2,300,0.2
"s1","s5",6.64105595548537,2,300,0.2
"s1","s5",6.06032433464793,2,300,0.2
"s1","s5",7.25749705003512,2,300,0.2
"s1","s5",6.18988815860359,2,300,0.2
"s1","s5",7.06348837119127,2,300,0.2
"s1","s5",7.34342185771214,2,300,0.2
"s1","s5",6.97219725472248,2,300,0.2
"s1","s5",6.53540174340462,2,300,0.2
"s1","s5",7.00667052085721,2,300,0.2
"s1","s5",7.26546519480439,2,300,0.2
"s1","s5",6.89673499111946,2,300,0.2
"s1","s5",6.97006063760563,2,300,0.2
"s1","s5",6.78463426231555,2,300,0.2
"s1","s5",6.69599056966624,2,300,0.2
"s1","s5",7.09362188743668,2,300,0.2
"s1","s5",6.60560353029955,2,300,0.2
"s1","s5",6.32435736241715,2,300,0.2
"s1","s5",6.37428103380392,2,300,0.2
"s1","s5",7.08948627326943,2,300,0.2
"s1","s5",7.21124368886717,2,300,0.2
"s1","s5",6.71283598996597,2,300,0.2
"s1","s5",6.94974841685089,2,300,0.2
"s1","s5",6.23656595608767,2,300,0.2
"s1","s5",6.82168278091459,2,300,0.2
"s1","s5",7.10944149623981,2,300,0.2
"s1","s5",6.17262003461413,2,300,0.2
"s1","s5",6.8273420208741,2,300,0.2
"s1","s5",7.2374828504179,2,300,0.2
"s1","s5",6.697933105051,2,300,0.2
"s1","s5",6.85895447326824,2,300,0.2
"s1","s5",6.54459008649901,2,300,0.2
"s1","s5",6.60644001043694,2,300,0.2
"s1","s5",6.74730330105705,2,300,0.2
"s1","s5",6.46724212155738,2,300,0.2
"s1","s5",7.28226730102483,2,300,0.2
"s1","s5",7.04695409497346,2,300,0.2
"s1","s5",6.71676470884911,2,300,0.2
"s1","s5",7.50177080814024,2,300,0.2
"s1","s5",7.11796850041108,2,300,0.2
"s1","s5",7.05806279095091,2,300,0.2
"s1","s5",6.89731636029308,2,300,0.2
"s1","s5",7.24635607167932,2,300,0.2
"s1","s5",6.67519526572615,2,300,0.2
"s1","s5",7.08394472333799,2,300,0.2
"s1","s5",6.82610374506228,2,300,0.2
"s1","s5",6.71184010057725,2,300,0.2
"s1","s5",7.0291081919936,2,300,0.2
"s1","s5",6.64314063737689,2,300,0.2
"s1","s5",7.09917049156348,2,300,0.2
"s1","s5",6.91831166226185,2,300,0.2
"s1","s5",7.21796877217895,2,300,0.2
"s1","s5",7.3796801970465,2,300,0.2
"s1","s5",6.83254003448437,2,300,0.2
"s1","s5",6.75315668173013,2,300,0.2
"s1","s5",6.72540928239361,2,300,0.2
"s1","s5",6.7792442225185,2,300,0.2
"s1","s5",7.09624305791101,2,300,0.2
"s1","s5",6.73918655565819,2,300,0.2
"s1","s5",7.11127105273758,2,300,0.2
"s1","s5",6.10153750857475,2,300,0.2
"s1","s5",7.56198038641887,2,300,0.2
"s1","s5",7.12178659380538,2,300,0.2
"s1","s5",6.60566290559218,2,300,0.2
"s1","s5",6.53943151901991,2,300,0.2
"s1","s5",6.58641523045299,2,300,0.2
"s1","s5",7.0394562604213,2,300,0.2
"s1","s5",6.42323183515894,2,300,0.2
"s1","s5",6.87889879474693,2,300,0.2
"s1","s5",6.90746608763528,2,300,0.2
"s1","s5",6.48172912980158,2,300,0.2
"s1","s5",7.08632310033113,2,300,0.2
"s1","s5",7.3031205847696,2,300,0.2
"s1","s5",7.11402610352047,2,300,0.2
"s1","s5",7.29659835955626,2,300,0.2
"s1","s5",7.17502950208109,2,300,0.2
"s1","s5",6.33812309676041,2,300,0.2
"s1","s5",6.99717870641707,2,300,0.2
"s1","s5",6.01965197075435,2,300,0.2
"s1","s5",6.86933157754328,2,300,0.2
"s1","s5",7.09542288503816,2,300,0.2
"s1","s5",6.91407206091119,2,300,0.2
"s1","s5",6.71356933036188,2,300,0.2
"s1","s5",6.61493706785569,2,300,0.2
"s1","s5",7.37336628119149,2,300,0.2
"s1","s5",6.98561180160327,2,300,0.2
"s1","s5",6.71027570511231,2,300,0.2
"s1","s5",6.96910778858453,2,300,0.2
"s1","s5",6.8498397562733,2,300,0.2
"s1","s5",6.82774295500298,2,300,0.2
"s1","s5",6.84363858716476,2,300,0.2
"s1","s5",7.02170718948642,2,300,0.2
"s1","s5",6.49004864765939,2,300,0.2
"s1","s5",6.88513812176659,2,300,0.2
"s1","s5",6.475453058406,2,300,0.2
"s1","s5",6.89540596114729,2,300,0.2
"s1","s5",6.64257622254138,2,300,0.2
"s1","s5",7.63165567163261,2,300,0.2
"s1","s5",6.95348019047228,2,300,0.2
"s1","s5",6.45975527836619,2,300,0.2
"s1","s5",7.09916584792924,2,300,0.2
"s1","s5",6.96080419795708,2,300,0.2
"s1","s5",6.68262329845927,2,300,0.2
"s1","s5",6.83708680532589,2,300,0.2
"s1","s5",6.42878363504815,2,300,0.2
"s1","s5",6.74837710694342,2,300,0.2
"s1","s5",6.70456809544235,2,300,0.2
"s1","s5",6.84398810536285,2,300,0.2
"s1","s5",6.64350344161027,2,300,0.2
"s1","s5",7.26433039352594,2,300,0.2
"s1","s5",6.99080464905096,2,300,0.2
"s1","s5",6.53495524698038,2,300,0.2
"s1","s5",6.56783832992653,2,300,0.2
"s1","s5",6.38500238504189,2,300,0.2
"s1","s5",7.18577007453086,2,300,0.2
"s1","s5",7.14077480821362,2,300,0.2
"s1","s5",7.14596142176332,2,300,0.2
"s1","s5",6.51253119217889,2,300,0.2
"s1","s5",6.42485798178978,2,300,0.2
"s1","s5",7.15610738282762,2,300,0.2
"s1","s5",7.31053539553136,2,300,0.2
"s1","s5",7.42956663258802,2,300,0.2
"s1","s5",6.93904456575758,2,300,0.2
"s1","s5",7.17703410399671,2,300,0.2
"s1","s5",6.73541860373182,2,300,0.2
"s1","s5",6.51477100039526,2,300,0.2
"s1","s5",7.53276349261216,2,300,0.2
"s1","s5",7.38943118916904,2,300,0.2
"s1","s5",6.74734221089713,2,300,0.2
"s1","s5",7.12749149432941,2,300,0.2
"s1","s5",7.72162150963588,2,300,0.2
"s1","s5",6.69227620835817,2,300,0.2
"s1","s5",7.37810022737688,2,300,0.2
"s1","s5",7.21037327275151,2,300,0.2
"s1","s5",6.47910738763829,2,300,0.2
"s1","s5",7.1605096403844,2,300,0.2
"s1","s5",7.22949766020935,2,300,0.2
"s1","s5",6.70410371988646,2,300,0.2
"s1","s5",7.06156296751551,2,300,0.2
"s1","s5",7.50011841986696,2,300,0.2
"s1","s5",6.85037894565274,2,300,0.2
"s1","s5",7.65426914719039,2,300,0.2
"s1","s5",6.69454943568545,2,300,0.2
"s1","s5",6.65826597256086,2,300,0.2
"s1","s5",6.38057174181775,2,300,0.2
"s1","s5",6.93171461671926,2,300,0.2
"s1","s5",6.8202699861487,2,300,0.2
"s1","s5",7.01910237674119,2,300,0.2
"s1","s5",7.35092772762845,2,300,0.2
"s1","s5",6.86514340882674,2,300,0.2
"s1","s5",7.19390500123457,2,300,0.2
"s1","s5",7.10886498772589,2,300,0.2
"s1","s5",7.24440524156677,2,300,0.2
"s1","s5",7.05404321264978,2,300,0.2
"s1","s5",7.43591950403828,2,300,0.2
"s1","s5",7.12508211525613,2,300,0.2
"s1","s5",7.58492112812088,2,300,0.2
"s1","s5",6.70763060840872,2,300,0.2
"s1","s5",6.30699372813522,2,300,0.2
"s1","s5",7.08059432737005,2,300,0.2
"s1","s5",7.01910237674119,2,300,0.2
"s1","s5",6.93551486138016,2,300,0.2
"s1","s5",6.53137169838561,2,300,0.2
"s1","s5",6.339594185267,2,300,0.2
"s1","s5",6.62019488240893,2,300,0.2
"s1","s5",7.64251776725712,2,300,0.2
"s1","s5",7.10212577227694,2,300,0.2
"s1","s5",7.06912742489445,2,300,0.2
"s1","s5",7.15797810899884,2,300,0.2
"s1","s5",6.99786028164717,2,300,0.2
"s1","s5",7.07298353948804,2,300,0.2
"s1","s5",6.69702715695711,2,300,0.2
"s1","s5",6.85286430474979,2,300,0.2
"s1","s5",6.67515042975639,2,300,0.2
"s1","s5",6.78977437394525,2,300,0.2
"s1","s5",7.11320074816337,2,300,0.2
"s1","s5",7.11590014809158,2,300,0.2
"s1","s5",6.8891281203298,2,300,0.2
"s1","s5",6.76399480995059,2,300,0.2
"s1","s5",6.80887917104183,2,300,0.2
"s1","s5",6.77357040613749,2,300,0.2
"s1","s5",6.6805104118701,2,300,0.2
"s1","s5",6.67021916280038,2,300,0.2
"s1","s5",6.78206623420486,2,300,0.2
"s1","s5",7.07409141926671,2,300,0.2
"s1","s5",7.14810040271112,2,300,0.2
"s1","s5",6.70327428371598,2,300,0.2
"s1","s5",6.8128410880218,2,300,0.2
"s1","s5",7.08109022873458,2,300,0.2
"s1","s5",7.4729358105946,2,300,0.2
"s1","s5",7.63543584444178,2,300,0.2
"s1","s5",7.47423837117208,2,300,0.2
"s1","s5",6.90368895793236,2,300,0.2
"s1","s5",7.28226730102483,2,300,0.2
"s1","s5",6.59640401722633,2,300,0.2
"s1","s5",6.69041634142756,2,300,0.2
"s1","s5",6.98347690353202,2,300,0.2
"s1","s5",6.20696623704666,2,300,0.2
"s1","s5",7.15191052139775,2,300,0.2
"s1","s5",6.48798337236227,2,300,0.2
"s1","s5",6.84198551031437,2,300,0.2
"s1","s5",7.40635429880308,2,300,0.2
"s1","s5",7.25959954938781,2,300,0.2
"s1","s5",7.57974677613608,2,300,0.2
"s1","s5",6.99108111962042,2,300,0.2
"s1","s5",7.06303879362885,2,300,0.2
"s1","s5",6.73978272708635,2,300,0.2
"s1","s5",7.37440296612112,2,300,0.2
"s1","s5",6.49813394902757,2,300,0.2
"s1","s5",6.95736395736954,2,300,0.2
"s1","s5",6.6053513730876,2,300,0.2
"s1","s5",6.80998903184859,2,300,0.2
"s1","s5",6.51563544852308,2,300,0.2
"s1","s5",6.96926708275046,2,300,0.2
"s1","s5",6.46245768299042,2,300,0.2
"s1","s5",7.15462188789684,2,300,0.2
"s1","s5",6.74422401786786,2,300,0.2
"s1","s5",6.74837710694342,2,300,0.2
"s1","s5",6.55782830315599,2,300,0.2
"s1","s5",7.10782786850032,2,300,0.2
"s1","s5",7.21037327275151,2,300,0.2
"s1","s5",7.0784625101038,2,300,0.2
"s1","s5",6.35221849230987,2,300,0.2
"s1","s5",7.57428385849755,2,300,0.2
"s1","s5",6.4977821847447,2,300,0.2
"s1","s5",6.31295756618556,2,300,0.2
"s1","s5",6.70240547043144,2,300,0.2
"s1","s5",6.64557752979735,2,300,0.2
"s1","s5",6.71444375940676,2,300,0.2
"s1","s5",6.81146967627743,2,300,0.2
"s1","s5",7.08032878744916,2,300,0.2
"s1","s5",7.61789809339776,2,300,0.2
"s1","s5",6.89493204283725,2,300,0.2
"s1","s5",6.73947217765523,2,300,0.2
"s1","s5",6.42160427077441,2,300,0.2
"s1","s5",6.83254003448437,2,300,0.2
"s1","s5",6.210200674775,2,300,0.2
"s1","s5",7.09736793915143,2,300,0.2
"s1","s5",7.0814569400326,2,300,0.2
"s1","s5",6.54450405777024,2,300,0.2
"s1","s5",6.97820946885405,2,300,0.2
"s1","s5",7.14684050333994,2,300,0.2
"s1","s5",7.54897526132859,2,300,0.2
"s1","s5",6.84501456298365,2,300,0.2
"s1","s5",7.51506560434881,2,300,0.2
"s1","s5",6.95910226517864,2,300,0.2
"s1","s5",7.57039500748117,2,300,0.2
"s1","s5",6.8268088095618,2,300,0.2
"s1","s5",6.69454943568545,2,300,0.2
"s1","s5",6.52440021807763,2,300,0.2
"s1","s5",6.80060963358181,2,300,0.2
"s1","s5",7.00762466086106,2,300,0.2
"s1","s5",6.35408970201436,2,300,0.2
"s1","s5",6.72301256370648,2,300,0.2
"s1","s5",6.67665080158969,2,300,0.2
"s1","s5",6.79505228392564,2,300,0.2
"s1","s5",6.83594560188516,2,300,0.2
"s1","s5",6.33618110724572,2,300,0.2
"s1","s5",6.56564657552284,2,300,0.2
"s1","s5",6.67866025752407,2,300,0.2
"s1","s5",7.08094530105503,2,300,0.2
"s1","s5",7.45303214035309,2,300,0.2
"s1","s5",6.64106461212195,2,300,0.2
"s1","s5",7.42595646556114,2,300,0.2
"s1","s5",7.77122803824284,2,300,0.2
"s1","s5",7.22082578981434,2,300,0.2
"s1","s5",6.81391998385408,2,300,0.2
"s1","s5",7.18378260653864,2,300,0.2
"s1","s5",6.57536444968007,2,300,0.2
"s1","s5",7.45360614175965,2,300,0.2
"s1","s5",6.88679275395647,2,300,0.2
"s1","s5",7.03927186156878,2,300,0.2
"s1","s5",6.38198499086587,2,300,0.2
"s1","s5",7.53913025611922,2,300,0.2
"s1","s5",6.93200606840928,2,300,0.2
"s1","s5",7.27769262263141,2,300,0.2
"s1","s5",6.93253502235575,2,300,0.2
"s1","s5",6.92462662043226,2,300,0.2
"s1","s5",6.58556201058415,2,300,0.2
"s1","s5",6.76685032811161,2,300,0.2
"s1","s5",7.08770380667849,2,300,0.2
"s1","s5",7.49398024203529,2,300,0.2
"s1","s5",6.96603864301113,2,300,0.2
"s1","s5",7.29996919304308,2,300,0.2
"s1","s5",6.7274096027936,2,300,0.2
"s1","s5",7.14076317336261,2,300,0.2
"s1","s5",7.01665584675017,2,300,0.2
"s1","s5",6.68232831610855,2,300,0.2
"s1","s5",6.6135865502328,2,300,0.2
"s1","s5",7.65564630455376,2,300,0.2
"s1","s5",6.77582768575731,2,300,0.2
"s1","s5",7.64511395429182,2,300,0.2
"s1","s5",6.55505706212829,2,300,0.2
"s1","s5",7.37748039426003,2,300,0.2
"s1","s5",7.39042871031211,2,300,0.2
"s1","s5",6.53507038690347,2,300,0.2
"s1","s5",6.90137544631963,2,300,0.2
"s1","s5",7.36733506799106,2,300,0.2
"s1","s5",7.09542288503816,2,300,0.2
"s1","s5",6.54091077357874,2,300,0.2
"s1","s5",7.14140741537636,2,300,0.2
"s1","s5",7.34358976382736,2,300,0.2
"s1","s5",7.05820879271831,2,300,0.2
"s1","s5",7.34824830457889,2,300,0.2
"s1","s5",7.47570405669737,2,300,0.2
"s1","s5",7.65196114495777,2,300,0.2
"s1","s5",7.01694597907941,2,300,0.2
"s1","s5",6.731499008051,2,300,0.2
"s1","s5",6.26287793824554,2,300,0.2
"s1","s5",6.84463114998933,2,300,0.2
"s1","s5",7.0065163582245,2,300,0.2
"s1","s5",7.49654992632219,2,300,0.2
"s1","s5",7.02504209920248,2,300,0.2
"s1","s5",6.86908975451936,2,300,0.2
"s1","s5",7.20787810769928,2,300,0.2
"s1","s5",7.6378917211878,2,300,0.2
"s1","s5",7.64580790430765,2,300,0.2
"s1","s5",6.92912198253728,2,300,0.2
"s1","s5",6.41713877682511,2,300,0.2
"s1","s5",6.65276118766529,2,300,0.2
"s1","s5",6.82311620375856,2,300,0.2
"s1","s5",7.15628416168129,2,300,0.2
"s1","s5",7.54149576746658,2,300,0.2
"s1","s5",6.88568117734372,2,300,0.2
"s1","s5",7.00965719966911,2,300,0.2
"s1","s5",7.00600746813537,2,300,0.2
"s1","s5",6.82224545788638,2,300,0.2
"s1","s5",7.49932486092666,2,300,0.2
"s1","s5",7.02565398943369,2,300,0.2
"s1","s5",6.85063260852395,2,300,0.2
"s1","s5",7.329310731997,2,300,0.2
"s1","s5",6.82295348058182,2,300,0.2
"s1","s5",7.78115991751243,2,300,0.2
"s1","s5",7.08109022873458,2,300,0.2
"s1","s5",7.32218211944621,2,300,0.2
"s1","s5",6.80887917104183,2,300,0.2
"s1","s5",6.82755945496008,2,300,0.2
"s1","s5",7.06611203845375,2,300,0.2
"s1","s5",6.85825481900322,2,300,0.2
"s1","s5",6.48003383844031,2,300,0.2
"s1","s5",7.36322901794796,2,300,0.2
"s1","s5",6.29626884138628,2,300,0.2
"s1","s5",6.98500792736953,2,300,0.2
"s1","s5",6.90810505546061,2,300,0.2
"s1","s5",7.07807688083549,2,300,0.2
"s1","s5",6.8704030594261,2,300,0.2
"s1","s5",6.59876785182777,2,300,0.2
"s1","s5",6.7233994939044,2,300,0.2
"s1","s5",6.89731636029308,2,300,0.2
"s1","s5",6.56582543084578,2,300,0.2
"s1","s5",6.77978315324994,2,300,0.2
"s1","s5",7.56382961751483,2,300,0.2
"s1","s5",6.70063960594477,2,300,0.2
"s1","s5",6.3693906803056,2,300,0.2
"s1","s5",6.80693257246006,2,300,0.2
"s1","s5",6.88856088112354,2,300,0.2
"s1","s5",7.35732884977887,2,300,0.2
"s1","s5",6.82598317861999,2,300,0.2
"s1","s5",7.78288983206794,2,300,0.2
"s1","s5",6.72245973868985,2,300,0.2
"s1","s5",7.03641854496328,2,300,0.2
"s1","s5",6.88663695216985,2,300,0.2
"s1","s5",6.65447713019789,2,300,0.2
"s1","s5",6.49498878399386,2,300,0.2
"s1","s5",6.80654046950538,2,300,0.2
"s1","s5",6.46585444182348,2,300,0.2
"s1","s5",6.71161562266751,2,300,0.2
"s1","s5",7.02615172437298,2,300,0.2
"s1","s5",6.67809395443576,2,300,0.2
"s1","s5",6.83737332533605,2,300,0.2
"s1","s5",6.84021951436979,2,300,0.2
"s1","s5",6.73916989944978,2,300,0.2
"s1","s5",6.76270357296896,2,300,0.2
"s1","s5",7.04504763167071,2,300,0.2
"s1","s5",6.6865260341486,2,300,0.2
"s1","s5",6.88849218723139,2,300,0.2
"s1","s5",7.20787810769928,2,300,0.2
"s1","s5",7.0291081919936,2,300,0.2
"s1","s5",6.90059854175569,2,300,0.2
"s1","s5",6.84419918556671,2,300,0.2
"s1","s5",7.06972250198748,2,300,0.2
"s1","s5",6.69216132897378,2,300,0.2
"s1","s5",7.17674671093065,2,300,0.2
"s1","s5",6.36826227778476,2,300,0.2
"s1","s5",7.07807688083549,2,300,0.2
"s1","s5",6.78376903544768,2,300,0.2
"s1","s5",7.20924511206338,2,300,0.2
"s1","s5",7.58523535308173,2,300,0.2
"s1","s5",7.12415893548327,2,300,0.2
"s1","s5",6.82537245126385,2,300,0.2
"s1","s5",7.41552967861627,2,300,0.2
"s1","s5",6.38078806400995,2,300,0.2
"s1","s5",7.14868876762401,2,300,0.2
"s1","s5",6.87312936999997,2,300,0.2
"s1","s5",6.3424766679603,2,300,0.2
"s1","s5",7.50377314281768,2,300,0.2
"s1","s5",7.12388683526264,2,300,0.2
"s1","s5",6.34994736398277,2,300,0.2
"s1","s5",6.62487808997402,2,300,0.2
"s1","s5",7.28468252148067,2,300,0.2
"s1","s5",7.22490226578403,2,300,0.2
"s1","s5",7.13468390883755,2,300,0.2
"s1","s5",6.93005097430911,2,300,0.2
"s1","s5",7.28235850910584,2,300,0.2
"s1","s5",7.46960875019475,2,300,0.2
"s1","s5",7.16998433789132,2,300,0.2
"s1","s5",7.14314212354007,2,300,0.2
"s1","s5",6.99778590661741,2,300,0.2
"s1","s5",7.14868876762401,2,300,0.2
"s1","s5",6.88131386548527,2,300,0.2
"s1","s5",7.54149576746658,2,300,0.2
"s1","s5",6.58743579285095,2,300,0.2
"s1","s5",6.79727239951182,2,300,0.2
"s1","s5",7.60720543767606,2,300,0.2
"s1","s5",6.86934300729351,2,300,0.2
"s1","s5",7.39042871031211,2,300,0.2
"s1","s5",6.39430122256333,2,300,0.2
"s1","s5",6.33897429944273,2,300,0.2
"s1","s5",6.92493993348134,2,300,0.2
"s1","s5",6.54150685206967,2,300,0.2
"s1","s5",6.63065929856667,2,300,0.2
"s1","s5",6.75510888903479,2,300,0.2
"s1","s5",6.59869827054646,2,300,0.2
"s1","s5",6.61206533395114,2,300,0.2
"s1","s5",7.27553010675888,2,300,0.2
"s1","s5",6.8194121333209,2,300,0.2
"s1","s5",7.30120294649893,2,300,0.2
"s1","s5",6.2653855919546,2,300,0.2
"s1","s5",7.28235850910584,2,300,0.2
"s1","s5",6.33235831528719,2,300,0.2
"s1","s5",6.86119658389506,2,300,0.2
"s1","s5",6.93827603991543,2,300,0.2
"s1","s5",6.61841252345438,2,300,0.2
"s1","s5",7.15462188789684,2,300,0.2
"s1","s5",7.1774719872779,2,300,0.2
"s1","s5",6.52177221307295,2,300,0.2
"s1","s5",7.1370149807643,2,300,0.2
"s1","s5",7.03656750290368,2,300,0.2
"s1","s5",6.86215495160916,2,300,0.2
"s1","s5",7.08584837761171,2,300,0.2
"s1","s5",7.44361962353456,2,300,0.2
"s1","s5",6.71434498894897,2,300,0.2
"s1","s5",6.9009159369579,2,300,0.2
"s1","s5",6.9599206224581,2,300,0.2
"s1","s5",7.06170177195008,2,300,0.2
"s1","s5",7.21741959144996,2,300,0.2
"s1","s5",6.89100115772751,2,300,0.2
"s1","s5",7.10564510909509,2,300,0.2
"s1","s5",6.89383708978824,2,300,0.2
"s1","s5",6.63005224717932,2,300,0.2
"s1","s5",6.53070894780021,2,300,0.2
"s1","s5",6.32949159748236,2,300,0.2
"s1","s5",6.78546723103044,2,300,0.2
"s1","s5",6.347793322285,2,300,0.2
"s1","s5",6.49924571443722,2,300,0.2
"s1","s5",7.42234758782529,2,300,0.2
"s1","s5",6.92722543894659,2,300,0.2
"s1","s5",6.95481061630881,2,300,0.2
"s1","s5",6.5570933583855,2,300,0.2
"s1","s5",6.92970598979238,2,300,0.2
"s1","s5",6.89229344303914,2,300,0.2
"s1","s5",7.08730819669114,2,300,0.2
"s1","s5",7.38112418354575,2,300,0.2
"s1","s5",6.9286840704265,2,300,0.2
"s1","s5",7.14868876762401,2,300,0.2
"s1","s5",6.50055849479279,2,300,0.2
"s1","s5",7.63279228529625,2,300,0.2
"s1","s5",6.64377501471779,2,300,0.2
"s1","s5",6.07050578759024,2,300,0.2
"s1","s5",7.15462188789684,2,300,0.2
"s1","s5",6.38471891880087,2,300,0.2
"s1","s5",7.34119081230008,2,300,0.2
"s1","s5",7.40565159660749,2,300,0.2
"s1","s5",6.69639708975841,2,300,0.2
"s1","s5",7.15445406372751,2,300,0.2
"s1","s5",7.41924086164335,2,300,0.2
"s1","s5",7.14604276422659,2,300,0.2
"s1","s5",7.31617228291751,2,300,0.2
"s1","s5",6.58444928836431,2,300,0.2
"s1","s5",7.09970751540166,2,300,0.2
"s1","s5",6.56094304512612,2,300,0.2
"s1","s5",6.72012006717256,2,300,0.2
"s1","s5",7.22548390729921,2,300,0.2
"s1","s5",7.17287675178604,2,300,0.2
"s1","s5",7.17966945115485,2,300,0.2
"s1","s5",7.11355754208597,2,300,0.2
"s1","s5",6.92753331021666,2,300,0.2
"s1","s5",6.44485157003806,2,300,0.2
"s1","s5",6.30256355347525,2,300,0.2
"s1","s5",6.84935810937016,2,300,0.2
"s1","s5",6.59652299955115,2,300,0.2
"s1","s5",6.80804990994972,2,300,0.2
"s1","s5",6.70957017377427,2,300,0.2
"s1","s5",5.96452286134508,2,300,0.2
"s1","s5",7.36209408532295,2,300,0.2
"s1","s5",6.26764036302748,2,300,0.2
"s1","s5",6.74101000673515,2,300,0.2
"s1","s5",7.18105086551341,2,300,0.2
"s1","s5",6.90810505546061,2,300,0.2
"s1","s5",6.55599590768533,2,300,0.2
"s1","s5",7.46385114713127,2,300,0.2
"s1","s5",7.54183276265667,2,300,0.2
"s1","s5",7.09654585314946,2,300,0.2
"s1","s5",6.32336107517485,2,300,0.2
"s1","s5",6.82685231600539,2,300,0.2
"s1","s5",6.84258846317121,2,300,0.2
"s1","s5",7.20564481382949,2,300,0.2
"s1","s5",7.08400841807482,2,300,0.2
"s1","s5",7.34459695532391,2,300,0.2
"s1","s5",6.91346772589369,2,300,0.2
"s1","s5",7.05259299077024,2,300,0.2
"s1","s5",7.18378260653864,2,300,0.2
"s1","s5",7.16882272329433,2,300,0.2
"s1","s5",6.73178805041002,2,300,0.2
"s1","s5",6.91659036935398,2,300,0.2
"s1","s5",6.99175331438671,2,300,0.2
"s1","s5",6.8498397562733,2,300,0.2
"s1","s5",6.88097637797945,2,300,0.2
"s1","s5",6.86991659379964,2,300,0.2
"s1","s5",7.16776851986293,2,300,0.2
"s1","s5",6.88633075790085,2,300,0.2
"s1","s5",6.37051908282643,2,300,0.2
"s1","s5",7.29262165960592,2,300,0.2
"s1","s5",7.16574408386211,2,300,0.2
"s1","s5",7.02684490027467,2,300,0.2
"s1","s5",6.80524259824354,2,300,0.2
"s1","s5",6.85458994155177,2,300,0.2
"s1","s5",6.38023026339376,2,300,0.2
"s1","s5",6.99188778030324,2,300,0.2
"s1","s5",6.59769716514361,2,300,0.2
"s1","s5",7.21478385608457,2,300,0.2
"s1","s5",6.30019335994522,2,300,0.2
"s1","s5",6.51177726307239,2,300,0.2
"s1","s5",7.19284002049265,2,300,0.2
"s1","s5",6.89488160797804,2,300,0.2
"s1","s5",6.03029780802164,2,300,0.2
"s1","s5",6.67298613375084,2,300,0.2
"s1","s5",6.77147803782276,2,300,0.2
"s1","s5",6.58226954609823,2,300,0.2
"s1","s5",6.71685998252653,2,300,0.2
"s1","s5",7.25749705003512,2,300,0.2
"s1","s5",6.29514677555693,2,300,0.2
"s1","s5",6.93494780523726,2,300,0.2
"s1","s5",6.61198940667646,2,300,0.2
"s1","s5",6.71665073795451,2,300,0.2
"s1","s5",6.76991607714213,2,300,0.2
"s1","s5",6.69002090217896,2,300,0.2
"s1","s5",7.07807688083549,2,300,0.2
"s1","s5",6.78376903544768,2,300,0.2
"s1","s5",6.42698538870913,2,300,0.2
"s1","s5",7.04281343629088,2,300,0.2
"s1","s5",6.7421580215148,2,300,0.2
"s1","s5",6.5861098874708,2,300,0.2
"s1","s5",6.99593051752436,2,300,0.2
"s1","s5",6.59652299955115,2,300,0.2
"s1","s5",7.10655254502824,2,300,0.2
"s1","s5",6.86550414645473,2,300,0.2
"s1","s5",6.54844810729815,2,300,0.2
"s1","s5",6.8769645394178,2,300,0.2
"s1","s5",7.10722601655046,2,300,0.2
"s1","s5",6.91306595891268,2,300,0.2
"s1","s5",6.82850095100641,2,300,0.2
"s1","s5",6.72616057706722,2,300,0.2
"s1","s5",7.23862852180104,2,300,0.2
"s1","s5",6.38240012290107,2,300,0.2
"s1","s5",7.28312960903068,2,300,0.2
"s1","s5",7.2456455584524,2,300,0.2
"s1","s5",6.35457667348529,2,300,0.2
"s1","s5",6.71265008258305,2,300,0.2
"s1","s5",7.52206448444316,2,300,0.2
"s1","s5",6.99108111962042,2,300,0.2
"s1","s5",6.5830655547134,2,300,0.2
"s1","s5",6.75523488043552,2,300,0.2
"s1","s5",6.9073104915898,2,300,0.2
"s1","s5",6.87855269446929,2,300,0.2
"s1","s5",7.09917049156348,2,300,0.2
"s1","s5",6.72416379680018,2,300,0.2
"s1","s5",6.90810505546061,2,300,0.2
"s1","s5",6.93297689129945,2,300,0.2
"s1","s5",6.76454364451888,2,300,0.2
"s1","s5",7.10805465226022,2,300,0.2
"s1","s5",6.50931957505155,2,300,0.2
"s1","s5",7.37626171849323,2,300,0.2
"s1","s5",6.76788633606694,2,300,0.2
"s1","s5",6.60976321286408,2,300,0.2
"s1","s5",7.37810022737688,2,300,0.2
"s1","s5",7.04385010977829,2,300,0.2
"s1","s5",7.08918465222732,2,300,0.2
"s1","s5",7.0394562604213,2,300,0.2
"s1","s5",6.44490689037603,2,300,0.2
"s1","s5",6.1850829686594,2,300,0.2
"s1","s5",7.35186090957664,2,300,0.2
"s1","s5",6.45679642777175,2,300,0.2
"s1","s5",7.34172336133734,2,300,0.2
"s1","s5",6.93710077304161,2,300,0.2
"s1","s5",6.9682516463192,2,300,0.2
"s1","s5",6.67999298040016,2,300,0.2
"s1","s5",7.06232389997146,2,300,0.2
"s1","s5",6.98830107746542,2,300,0.2
"s1","s5",7.0015951585839,2,300,0.2
"s1","s5",6.93535105642968,2,300,0.2
"s1","s5",6.81109752524466,2,300,0.2
"s1","s5",7.31236284865389,2,300,0.2
"s1","s5",7.10394765862301,2,300,0.2
"s1","s5",6.35669295879874,2,300,0.2
"s1","s5",6.38891868242333,2,300,0.2
"s1","s5",7.07637211970115,2,300,0.2
"s1","s5",7.49312661583878,2,300,0.2
"s1","s5",6.46181511537037,2,300,0.2
"s1","s5",6.4099301648853,2,300,0.2
"s1","s5",6.71630615340126,2,300,0.2
"s1","s5",6.50476109137762,2,300,0.2
"s1","s5",7.33428595988278,2,300,0.2
"s1","s5",6.85069688717027,2,300,0.2
"s1","s5",7.09946430659204,2,300,0.2
"s1","s5",6.14533151034131,2,300,0.2
"s1","s5",6.98903584118652,2,300,0.2
"s1","s5",7.15212398055056,2,300,0.2
"s1","s5",6.38057174181775,2,300,0.2
"s1","s5",7.01105736858629,2,300,0.2
"s1","s5",6.73553827834331,2,300,0.2
"s1","s5",6.50305348493703,2,300,0.2
"s1","s5",7.51360117997847,2,300,0.2
"s1","s5",7.2883138340122,2,300,0.2
"s1","s5",6.71218908135853,2,300,0.2
"s1","s5",6.57703656839027,2,300,0.2
"s1","s5",6.72187394280082,2,300,0.2
"s1","s5",6.54965881671252,2,300,0.2
"s1","s5",6.98347690353202,2,300,0.2
"s1","s5",6.94938811408016,2,300,0.2
"s1","s5",6.54554796110634,2,300,0.2
"s1","s5",6.95098468594855,2,300,0.2
"s1","s5",7.21208557961799,2,300,0.2
"s1","s5",6.79010059614397,2,300,0.2
"s1","s5",7.50022383111903,2,300,0.2
"s1","s5",6.99395854204886,2,300,0.2
"s1","s5",6.53540174340462,2,300,0.2
"s1","s5",6.67298613375084,2,300,0.2
"s1","s5",7.2014792275139,2,300,0.2
"s1","s5",6.99613237168715,2,300,0.2
"s1","s5",6.40388352632579,2,300,0.2
"s1","s5",7.52635338059802,2,300,0.2
"s1","s5",6.76473416286645,2,300,0.2
"s1","s5",6.28827356782153,2,300,0.2
"s1","s5",6.83644171822993,2,300,0.2
"s1","s5",7.15098209501863,2,300,0.2
"s1","s5",6.76012493462592,2,300,0.2
"s1","s5",7.0048837130079,2,300,0.2
"s1","s5",7.02697346373301,2,300,0.2
"s1","s5",7.24325863939445,2,300,0.2
"s1","s5",6.78190256328696,2,300,0.2
"s1","s5",6.91753215871809,2,300,0.2
"s1","s5",7.03927186156878,2,300,0.2
"s1","s5",6.67703595181993,2,300,0.2
"s1","s5",7.2457013241349,2,300,0.2
"s1","s5",7.20782565914154,2,300,0.2
"s1","s5",7.23783779320559,2,300,0.2
"s1","s5",6.78999079222372,2,300,0.2
"s1","s5",6.84463114998933,2,300,0.2
"s1","s5",6.85409214250178,2,300,0.2
"s1","s5",6.87795517835169,2,300,0.2
"s1","s5",5.91021942658898,2,300,0.2
"s1","s5",7.63578625434777,2,300,0.2
"s1","s5",7.30731056842026,2,300,0.2
"s1","s5",6.95478316107443,2,300,0.2
"s1","s5",7.19603371706617,2,300,0.2
"s1","s5",6.90059854175569,2,300,0.2
"s1","s5",6.68482287303199,2,300,0.2
"s1","s5",6.48095096461501,2,300,0.2
"s1","s5",6.69306570776739,2,300,0.2
"s1","s5",6.64662473828497,2,300,0.2
"s1","s5",6.98516641618964,2,300,0.2
"s1","s5",6.75834420824188,2,300,0.2
"s1","s5",7.51042971111103,2,300,0.2
"s1","s5",6.90810505546061,2,300,0.2
"s1","s5",6.64116544130999,2,300,0.2
"s1","s5",6.6982433440965,2,300,0.2
"s1","s5",7.37729873872871,2,300,0.2
"s1","s5",7.10698244013014,2,300,0.2
"s1","s5",7.00892865068095,2,300,0.2
"s1","s5",7.29074736251705,2,300,0.2
"s1","s5",6.30599188182826,2,300,0.2
"s1","s5",6.87273719940623,2,300,0.2
"s1","s5",7.40683801459119,2,300,0.2
"s1","s5",7.11476635519453,2,300,0.2
"s1","s5",6.89100115772751,2,300,0.2
"s1","s5",7.11395420266774,2,300,0.2
"s1","s5",6.91883039632677,2,300,0.2
"s1","s5",6.73942910092155,2,300,0.2
"s1","s5",7.05666766311862,2,300,0.2
"s1","s5",6.61409766256227,2,300,0.2
"s1","s5",6.59131644351098,2,300,0.2
"s1","s5",6.96657280229633,2,300,0.2
"s1","s5",6.50757003912342,2,300,0.2
"s1","s5",7.19821920553704,2,300,0.2
"s1","s5",6.5987271508607,2,300,0.2
"s1","s5",7.14534521687106,2,300,0.2
"s1","s5",6.49806350464855,2,300,0.2
"s1","s5",7.15191052139775,2,300,0.2
"s1","s5",7.72166967521224,2,300,0.2
"s1","s5",7.54895074335215,2,300,0.2
"s1","s5",7.48642543589679,2,300,0.2
"s1","s5",7.45043147868824,2,300,0.2
"s1","s5",7.60192133344998,2,300,0.2
"s1","s5",7.34824830457889,2,300,0.2
"s1","s5",7.12585931364684,2,300,0.2
"s1","s5",6.79212494405267,2,300,0.2
"s1","s5",7.43001893257477,2,300,0.2
"s1","s5",6.52938731795407,2,300,0.2
"s1","s5",6.60434764860553,2,300,0.2
"s1","s5",6.51357402344186,2,300,0.2
"s1","s5",6.89240267364271,2,300,0.2
"s1","s5",6.80131664578047,2,300,0.2
"s1","s5",6.99125156431296,2,300,0.2
"s1","s5",6.5610048120319,2,300,0.2
"s1","s5",6.61856290491241,2,300,0.2
"s1","s5",7.00478376616522,2,300,0.2
"s1","s5",6.16716845413067,2,300,0.2
"s1","s5",7.08073762189396,2,300,0.2
"s1","s5",6.36826227778476,2,300,0.2
"s1","s5",7.07268709444698,2,300,0.2
"s1","s5",6.68678878088169,2,300,0.2
"s1","s5",6.7396288543913,2,300,0.2
"s1","s5",6.58444928836431,2,300,0.2
"s1","s5",6.78411572178288,2,300,0.2
"s1","s5",6.91210405142162,2,300,0.2
"s1","s5",7.24503400894146,2,300,0.2
"s1","s5",7.25125400047915,2,300,0.2
"s1","s5",7.25125400047915,2,300,0.2
"s1","s5",6.69406946405951,2,300,0.2
"s1","s5",6.61206533395114,2,300,0.2
"s1","s5",6.73947217765523,2,300,0.2
"s1","s5",6.43616636848252,2,300,0.2
"s1","s5",7.32554307025439,2,300,0.2
"s1","s5",6.81076410020131,2,300,0.2
"s1","s5",6.6527647780533,2,300,0.2
"s1","s5",6.89009599043723,2,300,0.2
"s1","s5",7.17434064572492,2,300,0.2
"s1","s5",6.872675362584,2,300,0.2
"s1","s5",6.8981668604466,2,300,0.2
"s1","s5",6.86975232572377,2,300,0.2
"s1","s5",6.75086567605723,2,300,0.2
"s1","s5",7.39985322241513,2,300,0.2
"s1","s5",7.36302020959665,2,300,0.2
"s1","s5",7.03367661202154,2,300,0.2
"s1","s5",6.78376903544768,2,300,0.2
"s1","s5",6.39828261308405,2,300,0.2
"s1","s5",7.21393262495005,2,300,0.2
"s1","s5",6.89605180170409,2,300,0.2
"s1","s5",7.06348837119127,2,300,0.2
"s1","s5",6.38252979524748,2,300,0.2
"s1","s5",6.47159139887322,2,300,0.2
"s1","s5",6.98437978124849,2,300,0.2
"s1","s5",7.61109691360133,2,300,0.2
"s1","s5",7.24043539046294,2,300,0.2
"s1","s5",7.48780507839973,2,300,0.2
"s1","s5",6.8769645394178,2,300,0.2
"s1","s5",7.25484878737997,2,300,0.2
"s1","s5",7.26689187292138,2,300,0.2
"s1","s5",6.87863891604599,2,300,0.2
"s1","s5",6.31231984337835,2,300,0.2
"s1","s5",6.89265277596789,2,300,0.2
"s1","s5",6.52709378995243,2,300,0.2
"s1","s5",6.88184428108978,2,300,0.2
"s1","s5",6.34312017556161,2,300,0.2
"s1","s5",7.22012929958231,2,300,0.2
"s1","s5",6.83776855295409,2,300,0.2
"s1","s5",7.0049383595393,2,300,0.2
"s1","s5",7.53226346854622,2,300,0.2
"s1","s5",7.17951947333617,2,300,0.2
"s1","s5",7.4909168605719,2,300,0.2
"s1","s5",6.90059854175569,2,300,0.2
"s1","s5",6.6042825190376,2,300,0.2
"s1","s5",6.67516550157573,2,300,0.2
"s1","s5",6.74242596862473,2,300,0.2
"s1","s5",7.36636309910054,2,300,0.2
"s1","s5",7.44854709933645,2,300,0.2
"s1","s5",7.28581000846094,2,300,0.2
"s1","s5",6.88303329862413,2,300,0.2
"s1","s5",7.67360934642405,2,300,0.2
"s1","s5",6.69825891723899,2,300,0.2
"s1","s5",6.74734221089713,2,300,0.2
"s1","s5",6.69601611647727,2,300,0.2
"s1","s5",7.24043539046294,2,300,0.2
"s1","s5",7.27364662503528,2,300,0.2
"s1","s5",6.51107165210336,2,300,0.2
"s1","s5",6.54780480533807,2,300,0.2
"s1","s5",6.75849850266502,2,300,0.2
"s1","s5",6.39967786842672,2,300,0.2
"s1","s5",7.02984371723022,2,300,0.2
"s1","s5",7.20874192235479,2,300,0.2
"s1","s5",7.05599885079556,2,300,0.2
"s1","s5",6.83755600561344,2,300,0.2
"s1","s5",6.43002458970217,2,300,0.2
"s1","s5",7.06506548522698,2,300,0.2
"s1","s5",6.63096812492196,2,300,0.2
"s1","s5",6.90798788598571,2,300,0.2
"s1","s5",7.03008001084025,2,300,0.2
"s1","s5",6.11914058770551,2,300,0.2
"s1","s5",7.11577325143793,2,300,0.2
"s1","s5",6.55496599387838,2,300,0.2
"s1","s5",7.18105086551341,2,300,0.2
"s1","s5",6.81391998385408,2,300,0.2
"s1","s5",7.50969275492668,2,300,0.2
"s1","s5",7.07924046263471,2,300,0.2
"s1","s5",6.98062564285154,2,300,0.2
"s1","s5",6.99270197972247,2,300,0.2
"s1","s5",7.15421593809183,2,300,0.2
"s1","s5",7.19371512226718,2,300,0.2
"s1","s5",6.42699773766245,2,300,0.2
"s1","s5",7.18409934566836,2,300,0.2
"s1","s5",6.56220231732446,2,300,0.2
"s1","s5",6.93516696894197,2,300,0.2
"s1","s5",7.38509060131201,2,300,0.2
"s1","s5",7.33434858309263,2,300,0.2
"s1","s5",7.0041382647849,2,300,0.2
"s1","s5",7.70854002605032,2,300,0.2
"s1","s5",7.12710275309914,2,300,0.2
"s1","s5",7.03052229660992,2,300,0.2
"s1","s5",6.80488202985105,2,300,0.2
"s1","s5",6.99581669286016,2,300,0.2
"s1","s5",6.84935810937016,2,300,0.2
"s1","s5",6.55790613223071,2,300,0.2
"s1","s5",6.73007996986126,2,300,0.2
"s1","s5",7.31191257470238,2,300,0.2
"s1","s5",6.7390550556263,2,300,0.2
"s1","s5",6.94096159791735,2,300,0.2
"s1","s5",6.83725901189127,2,300,0.2
"s1","s5",6.72303115517718,2,300,0.2
"s1","s5",6.56094304512612,2,300,0.2
"s1","s5",6.61028449699091,2,300,0.2
"s1","s5",7.02044176443862,2,300,0.2
"s1","s5",6.29920444218024,2,300,0.2
"s1","s5",6.40063086471315,2,300,0.2
"s1","s5",6.68883440118148,2,300,0.2
"s1","s5",7.58141926939516,2,300,0.2
"s1","s5",7.26909628034639,2,300,0.2
"s1","s5",6.80000647826347,2,300,0.2
"s1","s5",7.07815217907249,2,300,0.2
"s1","s5",7.06976688795535,2,300,0.2
"s1","s5",7.35065173848575,2,300,0.2
"s1","s5",6.34990145981295,2,300,0.2
"s1","s5",7.19231240931497,2,300,0.2
"s1","s5",6.70330799041886,2,300,0.2
"s1","s5",6.96019227538721,2,300,0.2
"s1","s5",7.19495918356017,2,300,0.2
"s1","s5",6.54409807007826,2,300,0.2
"s1","s5",6.69846756584217,2,300,0.2
"s1","s5",6.97781515471383,2,300,0.2
"s1","s5",6.06468975858029,2,300,0.2
"s1","s5",6.5517692480874,2,300,0.2
"s1","s5",7.45024526152181,2,300,0.2
"s1","s5",6.89813663374853,2,300,0.2
"s1","s5",6.53379056505275,2,300,0.2
"s1","s5",6.74126000819295,2,300,0.2
"s1","s5",6.60092256360818,2,300,0.2
"s1","s5",6.57110499727673,2,300,0.2
"s1","s5",6.84808996368992,2,300,0.2
"s1","s5",7.3214624562365,2,300,0.2
"s1","s5",6.75305067852855,2,300,0.2
"s1","s5",7.08662110434781,2,300,0.2
"s1","s5",7.04424130485329,2,300,0.2
"s1","s5",6.49571407332311,2,300,0.2
"s1","s5",6.8872964183732,2,300,0.2
"s1","s5",7.0119430714532,2,300,0.2
"s1","s5",6.90810505546061,2,300,0.2
"s1","s5",6.77534089047604,2,300,0.2
"s1","s5",6.90746608763528,2,300,0.2
"s1","s5",7.20549107990003,2,300,0.2
"s1","s5",7.23006052184115,2,300,0.2
"s1","s5",6.78646134398672,2,300,0.2
"s1","s5",6.55075013807011,2,300,0.2
"s1","s5",6.30540698681423,2,300,0.2
"s1","s5",6.9818037306546,2,300,0.2
"s1","s5",6.1474015772242,2,300,0.2
"s1","s5",6.91101120745834,2,300,0.2
"s1","s5",6.75649456614873,2,300,0.2
"s1","s5",7.17502950208109,2,300,0.2
"s1","s5",7.06294441778803,2,300,0.2
"s1","s5",6.42981779764108,2,300,0.2
"s1","s5",6.60664394494999,2,300,0.2
"s1","s5",7.05828646152499,2,300,0.2
"s1","s5",6.68542841096608,2,300,0.2
"s1","s5",6.30387298923528,2,300,0.2
"s1","s5",6.96136350890325,2,300,0.2
"s1","s5",6.94096159791735,2,300,0.2
"s1","s5",7.2926278176659,2,300,0.2
"s1","s5",7.57786625633716,2,300,0.2
"s1","s5",6.95663951858216,2,300,0.2
"s1","s5",7.46644455922882,2,300,0.2
"s1","s5",6.92970598979238,2,300,0.2
"s1","s5",7.07826969546965,2,300,0.2
"s1","s5",6.46235609252327,2,300,0.2
"s1","s5",6.87633604471847,2,300,0.2
"s1","s5",6.62071702455987,2,300,0.2
"s1","s5",6.7421580215148,2,300,0.2
"s1","s5",7.18389669202992,2,300,0.2
"s1","s5",7.39543462051748,2,300,0.2
"s1","s5",6.70148507527998,2,300,0.2
"s1","s5",6.69311267650787,2,300,0.2
"s1","s5",6.64106461212195,2,300,0.2
"s1","s5",6.36053912004172,2,300,0.2
"s1","s5",6.99284800983324,2,300,0.2
"s1","s5",7.40290579117334,2,300,0.2
"s1","s5",6.72245973868985,2,300,0.2
"s1","s5",6.17103200490255,2,300,0.2
"s1","s5",6.93259082902937,2,300,0.2
"s1","s5",6.68971634523231,2,300,0.2
"s1","s5",6.90810505546061,2,300,0.2
"s1","s5",6.70240547043144,2,300,0.2
"s1","s5",7.03877212094599,2,300,0.2
"s1","s5",6.52440021807763,2,300,0.2
"s1","s5",6.5232606607408,2,300,0.2
"s1","s5",6.48904987522948,2,300,0.2
"s1","s5",7.08038501505334,2,300,0.2
"s1","s5",7.13658306801686,2,300,0.2
"s1","s5",7.13410681830491,2,300,0.2
"s1","s5",6.87863891604599,2,300,0.2
"s1","s5",6.88556939362786,2,300,0.2
"s1","s5",7.37958279292802,2,300,0.2
"s1","s5",7.47277294116068,2,300,0.2
"s1","s5",6.75176715992347,2,300,0.2
"s1","s5",6.94096159791735,2,300,0.2
"s1","s5",6.65815901862597,2,300,0.2
"s1","s5",7.26998455450681,2,300,0.2
"s1","s5",6.75061490723205,2,300,0.2
"s1","s5",6.65071057937183,2,300,0.2
"s1","s5",6.53690215090613,2,300,0.2
"s1","s5",6.68118868948383,2,300,0.2
"s1","s5",6.94433461135488,2,300,0.2
"s1","s5",6.92009364918636,2,300,0.2
"s1","s5",6.58647067316653,2,300,0.2
"s1","s5",6.77059140165719,2,300,0.2
"s1","s5",6.6764626689335,2,300,0.2
"s1","s5",7.44449700029401,2,300,0.2
"s1","s5",7.19284002049265,2,300,0.2
"s1","s5",6.84258846317121,2,300,0.2
"s1","s5",6.52900221388984,2,300,0.2
"s1","s5",7.05343907530391,2,300,0.2
"s1","s5",7.13529710389588,2,300,0.2
"s1","s5",7.52895554575001,2,300,0.2
"s1","s5",6.78870991251199,2,300,0.2
"s1","s5",6.48342442116284,2,300,0.2
"s1","s5",7.13883568816413,2,300,0.2
"s2","s1",6.34736761649619,2,300,0.2
"s2","s1",7.04902592397127,2,300,0.2
"s2","s1",6.85074872309438,2,300,0.2
"s2","s1",6.74449374056704,2,300,0.2
"s2","s1",6.17216096635943,2,300,0.2
"s2","s1",6.56364310640255,2,300,0.2
"s2","s1",5.60537788656234,2,300,0.2
"s2","s1",6.73921167396153,2,300,0.2
"s2","s1",6.83132384398009,2,300,0.2
"s2","s1",6.12939557880935,2,300,0.2
"s2","s1",6.11616389093425,2,300,0.2
"s2","s1",6.12399165571689,2,300,0.2
"s2","s1",6.74219231983763,2,300,0.2
"s2","s1",7.01502527220515,2,300,0.2
"s2","s1",6.47049706347615,2,300,0.2
"s2","s1",6.46859337460405,2,300,0.2
"s2","s1",6.7492422570878,2,300,0.2
"s2","s1",6.31909277300462,2,300,0.2
"s2","s1",6.36787200739708,2,300,0.2
"s2","s1",7.02709245750084,2,300,0.2
"s2","s1",6.27028362128456,2,300,0.2
"s2","s1",6.87660695076429,2,300,0.2
"s2","s1",6.24281954016831,2,300,0.2
"s2","s1",7.03028382262669,2,300,0.2
"s2","s1",6.2826210672533,2,300,0.2
"s2","s1",6.44521920078408,2,300,0.2
"s2","s1",6.67062131867129,2,300,0.2
"s2","s1",6.55003473087973,2,300,0.2
"s2","s1",6.52364115653526,2,300,0.2
"s2","s1",6.2044529812607,2,300,0.2
"s2","s1",6.90577754343997,2,300,0.2
"s2","s1",5.86502028966083,2,300,0.2
"s2","s1",6.44077892767464,2,300,0.2
"s2","s1",6.70480845738994,2,300,0.2
"s2","s1",6.62216659897065,2,300,0.2
"s2","s1",6.09697934818922,2,300,0.2
"s2","s1",6.60088235496629,2,300,0.2
"s2","s1",6.56032450691067,2,300,0.2
"s2","s1",6.15828921821006,2,300,0.2
"s2","s1",7.15276144632514,2,300,0.2
"s2","s1",7.18301754832791,2,300,0.2
"s2","s1",6.57042151966341,2,300,0.2
"s2","s1",6.40119932642392,2,300,0.2
"s2","s1",6.45616574151466,2,300,0.2
"s2","s1",6.21551121792475,2,300,0.2
"s2","s1",7.14627125860028,2,300,0.2
"s2","s1",6.45827852936634,2,300,0.2
"s2","s1",6.631666732592,2,300,0.2
"s2","s1",6.38942435241637,2,300,0.2
"s2","s1",6.53052542133723,2,300,0.2
"s2","s1",6.5457694797197,2,300,0.2
"s2","s1",6.48581520819636,2,300,0.2
"s2","s1",6.84850108563862,2,300,0.2
"s2","s1",6.72497187668576,2,300,0.2
"s2","s1",6.52568381182686,2,300,0.2
"s2","s1",6.51947240461449,2,300,0.2
"s2","s1",6.89802654330132,2,300,0.2
"s2","s1",6.80242510939647,2,300,0.2
"s2","s1",6.4777176258907,2,300,0.2
"s2","s1",6.62451579623281,2,300,0.2
"s2","s1",6.74237726282974,2,300,0.2
"s2","s1",6.48942464570048,2,300,0.2
"s2","s1",6.38384143497245,2,300,0.2
"s2","s1",6.26737833662325,2,300,0.2
"s2","s1",6.21551121792475,2,300,0.2
"s2","s1",6.53240600797418,2,300,0.2
"s2","s1",6.66365430760612,2,300,0.2
"s2","s1",6.11815864525148,2,300,0.2
"s2","s1",6.70598147162147,2,300,0.2
"s2","s1",6.27681048632678,2,300,0.2
"s2","s1",6.78497977188378,2,300,0.2
"s2","s1",6.5219865934669,2,300,0.2
"s2","s1",7.0943890662337,2,300,0.2
"s2","s1",6.58104928353868,2,300,0.2
"s2","s1",6.35819967917527,2,300,0.2
"s2","s1",6.35096385108391,2,300,0.2
"s2","s1",7.08098032344353,2,300,0.2
"s2","s1",6.35466376209631,2,300,0.2
"s2","s1",6.52573600415518,2,300,0.2
"s2","s1",6.33182595169538,2,300,0.2
"s2","s1",6.3088193102873,2,300,0.2
"s2","s1",6.327675798469,2,300,0.2
"s2","s1",6.89082425331909,2,300,0.2
"s2","s1",7.08679005743252,2,300,0.2
"s2","s1",6.34731229606976,2,300,0.2
"s2","s1",6.51285208182675,2,300,0.2
"s2","s1",6.65178990688054,2,300,0.2
"s2","s1",6.70662332830929,2,300,0.2
"s2","s1",6.9430297279029,2,300,0.2
"s2","s1",6.39269032113261,2,300,0.2
"s2","s1",6.55757627816391,2,300,0.2
"s2","s1",6.49417633021892,2,300,0.2
"s2","s1",6.41234997868634,2,300,0.2
"s2","s1",6.62908629943607,2,300,0.2
"s2","s1",6.53130695881302,2,300,0.2
"s2","s1",6.7987825163389,2,300,0.2
"s2","s1",6.16089415780436,2,300,0.2
"s2","s1",6.65097423294189,2,300,0.2
"s2","s1",6.93189312432401,2,300,0.2
"s2","s1",6.11996785788122,2,300,0.2
"s2","s1",6.47308430309404,2,300,0.2
"s2","s1",6.84896584764047,2,300,0.2
"s2","s1",7.05719122900558,2,300,0.2
"s2","s1",6.35465275346725,2,300,0.2
"s2","s1",6.78042521693169,2,300,0.2
"s2","s1",6.28154691013725,2,300,0.2
"s2","s1",6.63375443643589,2,300,0.2
"s2","s1",6.74472768332398,2,300,0.2
"s2","s1",6.62222682292227,2,300,0.2
"s2","s1",5.86204071312173,2,300,0.2
"s2","s1",6.18165021531662,2,300,0.2
"s2","s1",6.19639947044291,2,300,0.2
"s2","s1",6.60318377086017,2,300,0.2
"s2","s1",6.64850904390883,2,300,0.2
"s2","s1",6.17704927596329,2,300,0.2
"s2","s1",6.11789893299614,2,300,0.2
"s2","s1",6.27039952112432,2,300,0.2
"s2","s1",6.45572305757585,2,300,0.2
"s2","s1",6.43247146866022,2,300,0.2
"s2","s1",6.67876556532923,2,300,0.2
"s2","s1",6.31925154868428,2,300,0.2
"s2","s1",6.29803800063882,2,300,0.2
"s2","s1",6.6344723456019,2,300,0.2
"s2","s1",6.24455890262436,2,300,0.2
"s2","s1",6.38602459313046,2,300,0.2
"s2","s1",6.29466843868951,2,300,0.2
"s2","s1",6.28926116121113,2,300,0.2
"s2","s1",6.47873148222317,2,300,0.2
"s2","s1",6.38360017951916,2,300,0.2
"s2","s1",6.15208213764548,2,300,0.2
"s2","s1",6.88042780836389,2,300,0.2
"s2","s1",6.10177942303997,2,300,0.2
"s2","s1",6.66449066178924,2,300,0.2
"s2","s1",6.1306980515096,2,300,0.2
"s2","s1",6.66708654813903,2,300,0.2
"s2","s1",7.1803515061365,2,300,0.2
"s2","s1",6.44297050257092,2,300,0.2
"s2","s1",6.25991148090138,2,300,0.2
"s2","s1",6.89215186364891,2,300,0.2
"s2","s1",6.57957481935361,2,300,0.2
"s2","s1",6.44879009429162,2,300,0.2
"s2","s1",6.45418148632954,2,300,0.2
"s2","s1",6.12951634924586,2,300,0.2
"s2","s1",6.71232757499192,2,300,0.2
"s2","s1",6.51396630292454,2,300,0.2
"s2","s1",6.14494115645914,2,300,0.2
"s2","s1",7.06128256780951,2,300,0.2
"s2","s1",6.64444457672795,2,300,0.2
"s2","s1",6.79547927666642,2,300,0.2
"s2","s1",6.42226196718971,2,300,0.2
"s2","s1",6.40375484009462,2,300,0.2
"s2","s1",6.48931793593112,2,300,0.2
"s2","s1",7.4682140194378,2,300,0.2
"s2","s1",6.13831093268099,2,300,0.2
"s2","s1",6.96170188014236,2,300,0.2
"s2","s1",6.60514669488688,2,300,0.2
"s2","s1",6.31067033638219,2,300,0.2
"s2","s1",6.21616897597417,2,300,0.2
"s2","s1",6.27034031159159,2,300,0.2
"s2","s1",6.00760100468973,2,300,0.2
"s2","s1",6.65243801756536,2,300,0.2
"s2","s1",6.66825296614462,2,300,0.2
"s2","s1",6.79219765134506,2,300,0.2
"s2","s1",6.26435715212219,2,300,0.2
"s2","s1",6.685390957782,2,300,0.2
"s2","s1",6.30568765951835,2,300,0.2
"s2","s1",6.4796150326103,2,300,0.2
"s2","s1",6.99452722795402,2,300,0.2
"s2","s1",6.45537749841498,2,300,0.2
"s2","s1",6.13647231836782,2,300,0.2
"s2","s1",6.72841157944059,2,300,0.2
"s2","s1",6.69072467264445,2,300,0.2
"s2","s1",6.04735503313907,2,300,0.2
"s2","s1",6.47630847680533,2,300,0.2
"s2","s1",6.40264623108797,2,300,0.2
"s2","s1",6.50857539108495,2,300,0.2
"s2","s1",6.25189134360829,2,300,0.2
"s2","s1",6.80262378235949,2,300,0.2
"s2","s1",6.9056586536847,2,300,0.2
"s2","s1",6.94791278274222,2,300,0.2
"s2","s1",6.93909820468916,2,300,0.2
"s2","s1",6.10740498427804,2,300,0.2
"s2","s1",6.14868320933265,2,300,0.2
"s2","s1",6.17582786645792,2,300,0.2
"s2","s1",6.15007451857633,2,300,0.2
"s2","s1",6.72559613026152,2,300,0.2
"s2","s1",6.56768960465121,2,300,0.2
"s2","s1",6.54547434664144,2,300,0.2
"s2","s1",6.51871551215983,2,300,0.2
"s2","s1",6.49797622008278,2,300,0.2
"s2","s1",6.31810181387283,2,300,0.2
"s2","s1",6.41117453208683,2,300,0.2
"s2","s1",6.43252027003427,2,300,0.2
"s2","s1",5.92932509362078,2,300,0.2
"s2","s1",6.68730598282227,2,300,0.2
"s2","s1",6.70842568719387,2,300,0.2
"s2","s1",6.50192010458928,2,300,0.2
"s2","s1",6.54502855721582,2,300,0.2
"s2","s1",6.54973147105913,2,300,0.2
"s2","s1",6.28527864588198,2,300,0.2
"s2","s1",6.61316569297081,2,300,0.2
"s2","s1",6.51872779966288,2,300,0.2
"s2","s1",6.1306980515096,2,300,0.2
"s2","s1",6.60318377086017,2,300,0.2
"s2","s1",6.3460097177319,2,300,0.2
"s2","s1",6.47873148222317,2,300,0.2
"s2","s1",6.73186396050902,2,300,0.2
"s2","s1",6.64707778885193,2,300,0.2
"s2","s1",6.69367591363802,2,300,0.2
"s2","s1",6.37389000813369,2,300,0.2
"s2","s1",6.70114098875476,2,300,0.2
"s2","s1",6.62673800879853,2,300,0.2
"s2","s1",6.21411611425728,2,300,0.2
"s2","s1",6.16406625124452,2,300,0.2
"s2","s1",6.45572305757585,2,300,0.2
"s2","s1",6.44077892767464,2,300,0.2
"s2","s1",6.66825296614462,2,300,0.2
"s2","s1",6.4431583799618,2,300,0.2
"s2","s1",6.20189348213574,2,300,0.2
"s2","s1",6.32997566802285,2,300,0.2
"s2","s1",6.05461243806683,2,300,0.2
"s2","s1",6.98242600715617,2,300,0.2
"s2","s1",6.54298075720744,2,300,0.2
"s2","s1",6.46272259213674,2,300,0.2
"s2","s1",6.46272259213674,2,300,0.2
"s2","s1",6.71566354371687,2,300,0.2
"s2","s1",6.39621915511509,2,300,0.2
"s2","s1",6.68796037408837,2,300,0.2
"s2","s1",6.58901822547686,2,300,0.2
"s2","s1",6.70560124630791,2,300,0.2
"s2","s1",6.22892289869924,2,300,0.2
"s2","s1",6.65178990688054,2,300,0.2
"s2","s1",6.45837809896045,2,300,0.2
"s2","s1",6.57195233364719,2,300,0.2
"s2","s1",7.35732902517148,2,300,0.2
"s2","s1",6.78269834555261,2,300,0.2
"s2","s1",6.96832873061022,2,300,0.2
"s2","s1",6.78779785622967,2,300,0.2
"s2","s1",6.29364077796274,2,300,0.2
"s2","s1",6.71496112127291,2,300,0.2
"s2","s1",6.57525890340226,2,300,0.2
"s2","s1",6.1292972047637,2,300,0.2
"s2","s1",6.46467780551915,2,300,0.2
"s2","s1",6.48210163331823,2,300,0.2
"s2","s1",6.61522357857055,2,300,0.2
"s2","s1",6.31871783952029,2,300,0.2
"s2","s1",6.47334348573762,2,300,0.2
"s2","s1",6.3608771335322,2,300,0.2
"s2","s1",6.64152876753199,2,300,0.2
"s2","s1",6.40631288691795,2,300,0.2
"s2","s1",6.55995416697527,2,300,0.2
"s2","s1",7.03028382262669,2,300,0.2
"s2","s1",6.1316989340913,2,300,0.2
"s2","s1",5.90592954732537,2,300,0.2
"s2","s1",6.50097985266748,2,300,0.2
"s2","s1",6.38994996036461,2,300,0.2
"s2","s1",6.66620305974449,2,300,0.2
"s2","s1",6.16274685611725,2,300,0.2
"s2","s1",6.89896660480712,2,300,0.2
"s2","s1",6.43528714126268,2,300,0.2
"s2","s1",6.2630147698177,2,300,0.2
"s2","s1",6.83586090866785,2,300,0.2
"s2","s1",6.4342580867919,2,300,0.2
"s2","s1",6.98137765926189,2,300,0.2
"s2","s1",6.5457694797197,2,300,0.2
"s2","s1",6.51702849176755,2,300,0.2
"s2","s1",6.8056881768649,2,300,0.2
"s2","s1",7.14575456735849,2,300,0.2
"s2","s1",6.71162700507946,2,300,0.2
"s2","s1",6.4360125471392,2,300,0.2
"s2","s1",6.23823277542403,2,300,0.2
"s2","s1",6.34175231643832,2,300,0.2
"s2","s1",6.66486989502423,2,300,0.2
"s2","s1",6.52249126007266,2,300,0.2
"s2","s1",6.51371654004993,2,300,0.2
"s2","s1",6.10864887432913,2,300,0.2
"s2","s1",6.34562363478233,2,300,0.2
"s2","s1",6.90842637139171,2,300,0.2
"s2","s1",6.30398020133301,2,300,0.2
"s2","s1",6.61259821840218,2,300,0.2
"s2","s1",6.41686261055916,2,300,0.2
"s2","s1",6.53383664316674,2,300,0.2
"s2","s1",6.3235040914042,2,300,0.2
"s2","s1",6.69374635199379,2,300,0.2
"s2","s1",6.53481125488941,2,300,0.2
"s2","s1",6.65178990688054,2,300,0.2
"s2","s1",6.82501591926911,2,300,0.2
"s2","s1",6.55312066600914,2,300,0.2
"s2","s1",6.5825828769289,2,300,0.2
"s2","s1",6.68205586735614,2,300,0.2
"s2","s1",6.1922839169814,2,300,0.2
"s2","s1",6.46661420603652,2,300,0.2
"s2","s1",6.62044156491412,2,300,0.2
"s2","s1",6.19420435258542,2,300,0.2
"s2","s1",6.91117760920113,2,300,0.2
"s2","s1",6.70679052149504,2,300,0.2
"s2","s1",6.7458505607164,2,300,0.2
"s2","s1",6.96832873061022,2,300,0.2
"s2","s1",7.04902592397127,2,300,0.2
"s2","s1",6.81255976500357,2,300,0.2
"s2","s1",6.44823640460394,2,300,0.2
"s2","s1",6.43379472431017,2,300,0.2
"s2","s1",6.50322971608358,2,300,0.2
"s2","s1",6.6929168848049,2,300,0.2
"s2","s1",6.41954481436701,2,300,0.2
"s2","s1",7.1777776383219,2,300,0.2
"s2","s1",6.39785338107166,2,300,0.2
"s2","s1",6.47818977202676,2,300,0.2
"s2","s1",6.4190055528304,2,300,0.2
"s2","s1",5.7362641226359,2,300,0.2
"s2","s1",6.26928159684494,2,300,0.2
"s2","s1",6.3353590029816,2,300,0.2
"s2","s1",6.41952099067865,2,300,0.2
"s2","s1",6.89668940684128,2,300,0.2
"s2","s1",6.36892258496614,2,300,0.2
"s2","s1",6.99826790666112,2,300,0.2
"s2","s1",6.98785178983247,2,300,0.2
"s2","s1",6.18072678037983,2,300,0.2
"s2","s1",6.60029211420964,2,300,0.2
"s2","s1",6.87981301792331,2,300,0.2
"s2","s1",6.39894145532364,2,300,0.2
"s2","s1",6.43309244714845,2,300,0.2
"s2","s1",6.43462987029937,2,300,0.2
"s2","s1",7.02895023919464,2,300,0.2
"s2","s1",5.97902276731705,2,300,0.2
"s2","s1",6.24761054639197,2,300,0.2
"s2","s1",6.31810181387283,2,300,0.2
"s2","s1",6.27723813253894,2,300,0.2
"s2","s1",6.68490871769306,2,300,0.2
"s2","s1",6.39444109212286,2,300,0.2
"s2","s1",7.11517949044392,2,300,0.2
"s2","s1",6.16191758010541,2,300,0.2
"s2","s1",6.85764880187737,2,300,0.2
"s2","s1",7.03236786772251,2,300,0.2
"s2","s1",6.80356003446904,2,300,0.2
"s2","s1",6.8905608497476,2,300,0.2
"s2","s1",6.51371654004993,2,300,0.2
"s2","s1",6.75728725580859,2,300,0.2
"s2","s1",6.65404255885205,2,300,0.2
"s2","s1",6.32494549826055,2,300,0.2
"s2","s1",5.82415257844278,2,300,0.2
"s2","s1",6.10431389788681,2,300,0.2
"s2","s1",5.9316733855885,2,300,0.2
"s2","s1",6.68504434700387,2,300,0.2
"s2","s1",6.7882789956486,2,300,0.2
"s2","s1",6.16187645532523,2,300,0.2
"s2","s1",6.67985328925988,2,300,0.2
"s2","s1",6.37690337350503,2,300,0.2
"s2","s1",6.83607691353595,2,300,0.2
"s2","s1",6.4918411668446,2,300,0.2
"s2","s1",6.63998397700612,2,300,0.2
"s2","s1",6.67304480407674,2,300,0.2
"s2","s1",6.53640049382082,2,300,0.2
"s2","s1",6.081496811443,2,300,0.2
"s2","s1",6.35775882573034,2,300,0.2
"s2","s1",6.76367399284723,2,300,0.2
"s2","s1",6.46032044700721,2,300,0.2
"s2","s1",6.41234997868634,2,300,0.2
"s2","s1",6.47395144415899,2,300,0.2
"s2","s1",6.78657241764742,2,300,0.2
"s2","s1",6.4704277168635,2,300,0.2
"s2","s1",6.62673800879853,2,300,0.2
"s2","s1",6.19308274219888,2,300,0.2
"s2","s1",6.46259639752401,2,300,0.2
"s2","s1",6.71817694911021,2,300,0.2
"s2","s1",6.74043616506174,2,300,0.2
"s2","s1",6.40523916090395,2,300,0.2
"s2","s1",6.81243604990539,2,300,0.2
"s2","s1",6.32290462431612,2,300,0.2
"s2","s1",6.79223386664728,2,300,0.2
"s2","s1",6.18530698940569,2,300,0.2
"s2","s1",6.62559710499675,2,300,0.2
"s2","s1",6.5787651990926,2,300,0.2
"s2","s1",6.30739511770369,2,300,0.2
"s2","s1",5.95090586364902,2,300,0.2
"s2","s1",6.48554849083038,2,300,0.2
"s2","s1",6.65840928512631,2,300,0.2
"s2","s1",6.45145355431525,2,300,0.2
"s2","s1",6.7882789956486,2,300,0.2
"s2","s1",6.45170005058004,2,300,0.2
"s2","s1",6.31337880192461,2,300,0.2
"s2","s1",6.7095212793359,2,300,0.2
"s2","s1",6.24295693556108,2,300,0.2
"s2","s1",6.76577985733177,2,300,0.2
"s2","s1",6.81486405444417,2,300,0.2
"s2","s1",6.5783443779144,2,300,0.2
"s2","s1",6.57452693632601,2,300,0.2
"s2","s1",6.8219785778428,2,300,0.2
"s2","s1",6.43777792084118,2,300,0.2
"s2","s1",6.44529759033018,2,300,0.2
"s2","s1",6.7412341340397,2,300,0.2
"s2","s1",6.71835770219393,2,300,0.2
"s2","s1",6.46259639752401,2,300,0.2
"s2","s1",6.3744016254976,2,300,0.2
"s2","s1",6.45952062839742,2,300,0.2
"s2","s1",6.53738127810942,2,300,0.2
"s2","s1",6.84239533624813,2,300,0.2
"s2","s1",6.69072467264445,2,300,0.2
"s2","s1",6.17141170530419,2,300,0.2
"s2","s1",6.63160702970703,2,300,0.2
"s2","s1",6.14960528663868,2,300,0.2
"s2","s1",6.20734971834573,2,300,0.2
"s2","s1",6.19132284317072,2,300,0.2
"s2","s1",6.74982904583888,2,300,0.2
"s2","s1",7.3996787319216,2,300,0.2
"s2","s1",6.20382680123981,2,300,0.2
"s2","s1",6.53461152860298,2,300,0.2
"s2","s1",6.79827240551083,2,300,0.2
"s2","s1",6.42437521377531,2,300,0.2
"s2","s1",6.17368173551624,2,300,0.2
"s2","s1",6.58505864778488,2,300,0.2
"s2","s1",6.25543705339507,2,300,0.2
"s2","s1",6.57527909709135,2,300,0.2
"s2","s1",7.05018622447474,2,300,0.2
"s2","s1",6.56874461093432,2,300,0.2
"s2","s1",6.54493619966638,2,300,0.2
"s2","s1",6.29501761514589,2,300,0.2
"s2","s1",6.44740965083424,2,300,0.2
"s2","s1",6.08824867003591,2,300,0.2
"s2","s1",6.15566251898943,2,300,0.2
"s2","s1",6.65048371967183,2,300,0.2
"s2","s1",6.60332124928829,2,300,0.2
"s2","s1",6.29831936908057,2,300,0.2
"s2","s1",6.53375552942715,2,300,0.2
"s2","s1",6.38125102326566,2,300,0.2
"s2","s1",5.65671897381748,2,300,0.2
"s2","s1",6.85154256475088,2,300,0.2
"s2","s1",6.72607428057283,2,300,0.2
"s2","s1",6.21544844751901,2,300,0.2
"s2","s1",6.58727965007918,2,300,0.2
"s2","s1",6.89139583792332,2,300,0.2
"s2","s1",6.62606550321118,2,300,0.2
"s2","s1",6.61294139579067,2,300,0.2
"s2","s1",6.79207367910531,2,300,0.2
"s2","s1",6.19121522831345,2,300,0.2
"s2","s1",6.51702849176755,2,300,0.2
"s2","s1",6.28873794625828,2,300,0.2
"s2","s1",6.84769548110505,2,300,0.2
"s2","s1",6.25991148090138,2,300,0.2
"s2","s1",6.34606660240416,2,300,0.2
"s2","s1",6.20121285635193,2,300,0.2
"s2","s1",6.6837413816053,2,300,0.2
"s2","s1",6.43756271913981,2,300,0.2
"s2","s1",6.60089535654912,2,300,0.2
"s2","s1",6.49487423331259,2,300,0.2
"s2","s1",7.12754732572172,2,300,0.2
"s2","s1",6.79708229402948,2,300,0.2
"s2","s1",6.38082863947571,2,300,0.2
"s2","s1",6.34724354778245,2,300,0.2
"s2","s1",7.40549647405771,2,300,0.2
"s2","s1",6.32751474805247,2,300,0.2
"s2","s1",6.44077892767464,2,300,0.2
"s2","s1",6.47078280645277,2,300,0.2
"s2","s1",6.34193375193352,2,300,0.2
"s2","s1",6.26831061893967,2,300,0.2
"s2","s1",7.2776695008591,2,300,0.2
"s2","s1",6.38163321909717,2,300,0.2
"s2","s1",6.23137102186865,2,300,0.2
"s2","s1",6.49326496031387,2,300,0.2
"s2","s1",6.66867748180138,2,300,0.2
"s2","s1",6.68554257803901,2,300,0.2
"s2","s1",6.37904995014177,2,300,0.2
"s2","s1",6.71851023576339,2,300,0.2
"s2","s1",6.31382124037174,2,300,0.2
"s2","s1",6.54493619966638,2,300,0.2
"s2","s1",6.54592185186471,2,300,0.2
"s2","s1",6.43777792084118,2,300,0.2
"s2","s1",6.77584143420486,2,300,0.2
"s2","s1",6.90641958206801,2,300,0.2
"s2","s1",6.75520117537777,2,300,0.2
"s2","s1",6.76191607215389,2,300,0.2
"s2","s1",6.18882881969836,2,300,0.2
"s2","s1",6.51155093273384,2,300,0.2
"s2","s1",6.41686261055916,2,300,0.2
"s2","s1",6.48269485879223,2,300,0.2
"s2","s1",6.39894145532364,2,300,0.2
"s2","s1",6.46971157717613,2,300,0.2
"s2","s1",6.11496219614131,2,300,0.2
"s2","s1",6.70317398939146,2,300,0.2
"s2","s1",6.52608397583853,2,300,0.2
"s2","s1",6.09747553810043,2,300,0.2
"s2","s1",6.09093762742016,2,300,0.2
"s2","s1",6.52873358916151,2,300,0.2
"s2","s1",6.9370912485187,2,300,0.2
"s2","s1",6.31463764402564,2,300,0.2
"s2","s1",6.18342571275485,2,300,0.2
"s2","s1",6.29011654173814,2,300,0.2
"s2","s1",6.87508482522409,2,300,0.2
"s2","s1",6.67081291805992,2,300,0.2
"s2","s1",7.59126288040673,2,300,0.2
"s2","s1",6.439256387407,2,300,0.2
"s2","s1",6.32802482633674,2,300,0.2
"s2","s1",6.54482857223849,2,300,0.2
"s2","s1",6.58224535444785,2,300,0.2
"s2","s1",6.48069509967611,2,300,0.2
"s2","s1",6.56916696868894,2,300,0.2
"s2","s1",6.45572305757585,2,300,0.2
"s2","s1",6.75802860869565,2,300,0.2
"s2","s1",6.61128631206074,2,300,0.2
"s2","s1",6.33308978662443,2,300,0.2
"s2","s1",6.60564018251851,2,300,0.2
"s2","s1",7.41681426179684,2,300,0.2
"s2","s1",6.26643058078012,2,300,0.2
"s2","s1",6.79651433805989,2,300,0.2
"s2","s1",6.18994060206886,2,300,0.2
"s2","s1",6.78269834555261,2,300,0.2
"s2","s1",6.51421739350569,2,300,0.2
"s2","s1",6.80151449465183,2,300,0.2
"s2","s1",6.5413150198756,2,300,0.2
"s2","s1",6.95736000515057,2,300,0.2
"s2","s1",6.83787386370197,2,300,0.2
"s2","s1",7.21667935461653,2,300,0.2
"s2","s1",6.2202246902215,2,300,0.2
"s2","s1",6.846373421561,2,300,0.2
"s2","s1",6.32361825685928,2,300,0.2
"s2","s1",6.66812914302621,2,300,0.2
"s2","s1",6.55995416697527,2,300,0.2
"s2","s1",6.84221731024559,2,300,0.2
"s2","s1",6.63620455798704,2,300,0.2
"s2","s1",7.13135285896982,2,300,0.2
"s2","s1",6.6596852285103,2,300,0.2
"s2","s1",6.35963589020545,2,300,0.2
"s2","s1",6.59345565635073,2,300,0.2
"s2","s1",6.12579564209616,2,300,0.2
"s2","s1",6.78525741205327,2,300,0.2
"s2","s1",6.82501591926911,2,300,0.2
"s2","s1",6.75502442218944,2,300,0.2
"s2","s1",6.20625166175553,2,300,0.2
"s2","s1",6.86715568290897,2,300,0.2
"s2","s1",6.51353473766622,2,300,0.2
"s2","s1",6.25601191120239,2,300,0.2
"s2","s1",6.80048273864833,2,300,0.2
"s2","s1",6.43054325587986,2,300,0.2
"s2","s1",6.15547272768788,2,300,0.2
"s2","s1",6.31821186551599,2,300,0.2
"s2","s1",6.98951853642227,2,300,0.2
"s2","s1",6.1292972047637,2,300,0.2
"s2","s1",6.59044276280213,2,300,0.2
"s2","s1",6.55783099414752,2,300,0.2
"s2","s1",7.38194353838216,2,300,0.2
"s2","s1",7.016288318905,2,300,0.2
"s2","s1",6.75810970749109,2,300,0.2
"s2","s1",6.70712903054805,2,300,0.2
"s2","s1",6.04817330919954,2,300,0.2
"s2","s1",6.30690379345477,2,300,0.2
"s2","s1",6.51167320011501,2,300,0.2
"s2","s1",6.06802301858417,2,300,0.2
"s2","s1",6.11210535568453,2,300,0.2
"s2","s1",7.05098988720675,2,300,0.2
"s2","s1",6.52417909360998,2,300,0.2
"s2","s1",5.89524403121939,2,300,0.2
"s2","s1",6.33762827098944,2,300,0.2
"s2","s1",6.71443622105069,2,300,0.2
"s2","s1",6.31591491765772,2,300,0.2
"s2","s1",7.12324731097524,2,300,0.2
"s2","s1",6.21387706965405,2,300,0.2
"s2","s1",6.37483752976495,2,300,0.2
"s2","s1",6.77287387501008,2,300,0.2
"s2","s1",6.20467907889325,2,300,0.2
"s2","s1",6.45020533177134,2,300,0.2
"s2","s1",6.27365335008755,2,300,0.2
"s2","s1",6.44689036366091,2,300,0.2
"s2","s1",6.47873148222317,2,300,0.2
"s2","s1",6.55673778891963,2,300,0.2
"s2","s1",6.58709973047388,2,300,0.2
"s2","s1",6.55143272392981,2,300,0.2
"s2","s1",6.45467070402655,2,300,0.2
"s2","s1",6.26925837478279,2,300,0.2
"s2","s1",6.84785594905897,2,300,0.2
"s2","s1",6.80048273864833,2,300,0.2
"s2","s1",6.6092369676327,2,300,0.2
"s2","s1",7.04062916178717,2,300,0.2
"s2","s1",6.55780852623053,2,300,0.2
"s2","s1",6.1683766429544,2,300,0.2
"s2","s1",6.63055160022026,2,300,0.2
"s2","s1",6.90917036662654,2,300,0.2
"s2","s1",6.31037021842454,2,300,0.2
"s2","s1",6.45572305757585,2,300,0.2
"s2","s1",6.40442760490365,2,300,0.2
"s2","s1",6.06995304308361,2,300,0.2
"s2","s1",6.87617813313079,2,300,0.2
"s2","s1",5.96727544786422,2,300,0.2
"s2","s1",6.05129684767753,2,300,0.2
"s2","s1",6.92902291853684,2,300,0.2
"s2","s1",6.27343581709411,2,300,0.2
"s2","s1",6.66704879370695,2,300,0.2
"s2","s1",6.60312432599364,2,300,0.2
"s2","s1",6.90117818269214,2,300,0.2
"s2","s1",6.49172127693089,2,300,0.2
"s2","s1",6.6631350834822,2,300,0.2
"s2","s1",6.77466730621595,2,300,0.2
"s2","s1",6.41880278031982,2,300,0.2
"s2","s1",6.62415583450857,2,300,0.2
"s2","s1",6.56069484684608,2,300,0.2
"s2","s1",6.19236804979781,2,300,0.2
"s2","s1",6.25718015085004,2,300,0.2
"s2","s1",6.16768162202085,2,300,0.2
"s2","s1",6.34736761649619,2,300,0.2
"s2","s1",6.05526229600912,2,300,0.2
"s2","s1",6.51782674925167,2,300,0.2
"s2","s1",6.83828173277534,2,300,0.2
"s2","s1",6.37959584353018,2,300,0.2
"s2","s1",6.55096433551682,2,300,0.2
"s2","s1",6.50405233114308,2,300,0.2
"s2","s1",6.50904517306031,2,300,0.2
"s2","s1",6.59675605785145,2,300,0.2
"s2","s1",6.15126888564496,2,300,0.2
"s2","s1",6.9508167394916,2,300,0.2
"s2","s1",6.59991169617088,2,300,0.2
"s2","s1",7.0050323584749,2,300,0.2
"s2","s1",6.56101511718826,2,300,0.2
"s2","s1",6.49326496031387,2,300,0.2
"s2","s1",6.74237726282974,2,300,0.2
"s2","s1",6.28084837043109,2,300,0.2
"s2","s1",6.62934649356887,2,300,0.2
"s2","s1",6.30840907158824,2,300,0.2
"s2","s1",6.62353425903257,2,300,0.2
"s2","s1",6.68504434700387,2,300,0.2
"s2","s1",6.40937484539844,2,300,0.2
"s2","s1",6.84910944764335,2,300,0.2
"s2","s1",6.63160702970703,2,300,0.2
"s2","s1",6.50405233114308,2,300,0.2
"s2","s1",6.31077076863973,2,300,0.2
"s2","s1",6.78269834555261,2,300,0.2
"s2","s1",6.3233782456133,2,300,0.2
"s2","s1",6.88032007573247,2,300,0.2
"s2","s1",6.59077556731114,2,300,0.2
"s2","s1",6.60090134172246,2,300,0.2
"s2","s1",6.56069484684608,2,300,0.2
"s2","s1",6.75203959735823,2,300,0.2
"s2","s1",7.34899942932115,2,300,0.2
"s2","s1",6.06274686313957,2,300,0.2
"s2","s1",6.64850904390883,2,300,0.2
"s2","s1",6.06258938759709,2,300,0.2
"s2","s1",6.50335448435362,2,300,0.2
"s2","s1",6.52956514832508,2,300,0.2
"s2","s1",6.24761054639197,2,300,0.2
"s2","s1",6.3811410461777,2,300,0.2
"s2","s1",6.20061076425577,2,300,0.2
"s2","s1",6.67099810940353,2,300,0.2
"s2","s1",6.66315982380188,2,300,0.2
"s2","s1",6.93975759620781,2,300,0.2
"s2","s1",6.69988905816958,2,300,0.2
"s2","s1",6.50836260293926,2,300,0.2
"s2","s1",6.58846347271973,2,300,0.2
"s2","s1",6.66229747206199,2,300,0.2
"s2","s1",7.47564795418288,2,300,0.2
"s2","s1",5.94387297109288,2,300,0.2
"s2","s1",6.17001632172309,2,300,0.2
"s2","s1",6.61468692266349,2,300,0.2
"s2","s1",6.41234997868634,2,300,0.2
"s2","s1",6.03936031103201,2,300,0.2
"s2","s1",6.53739787456712,2,300,0.2
"s2","s1",6.51509983704057,2,300,0.2
"s2","s1",6.92207690857439,2,300,0.2
"s2","s1",6.5082497929817,2,300,0.2
"s2","s1",6.56664639043936,2,300,0.2
"s2","s1",6.58663305222583,2,300,0.2
"s2","s1",6.90945043868226,2,300,0.2
"s2","s1",6.42825818554929,2,300,0.2
"s2","s1",6.04011585633125,2,300,0.2
"s2","s1",6.66126771984031,2,300,0.2
"s2","s1",6.83755466601414,2,300,0.2
"s2","s1",6.14719144704483,2,300,0.2
"s2","s1",6.34032337878486,2,300,0.2
"s2","s1",6.46058274281476,2,300,0.2
"s2","s1",6.05506413781497,2,300,0.2
"s2","s1",6.25803788955244,2,300,0.2
"s2","s1",6.41723923397646,2,300,0.2
"s2","s1",5.95279655480314,2,300,0.2
"s2","s1",6.27820458845578,2,300,0.2
"s2","s1",5.78716377815946,2,300,0.2
"s2","s1",6.28217065004137,2,300,0.2
"s2","s1",6.44983039246214,2,300,0.2
"s2","s1",6.68775538186196,2,300,0.2
"s2","s1",6.42497752885381,2,300,0.2
"s2","s1",6.18882881969836,2,300,0.2
"s2","s1",6.73813206637215,2,300,0.2
"s2","s1",6.59291682011451,2,300,0.2
"s2","s1",6.44644325768384,2,300,0.2
"s2","s1",6.45047442630516,2,300,0.2
"s2","s1",6.58567842952261,2,300,0.2
"s2","s1",6.1922651837082,2,300,0.2
"s2","s1",7.0067634530359,2,300,0.2
"s2","s1",6.53557433696132,2,300,0.2
"s2","s1",6.37348908910161,2,300,0.2
"s2","s1",6.30637789317562,2,300,0.2
"s2","s1",6.3019435701434,2,300,0.2
"s2","s1",6.89972856205901,2,300,0.2
"s2","s1",6.49824218903348,2,300,0.2
"s2","s1",6.39269680316028,2,300,0.2
"s2","s1",7.21518893309944,2,300,0.2
"s2","s1",5.68565271337093,2,300,0.2
"s2","s1",6.74216312256257,2,300,0.2
"s2","s1",6.49503121562995,2,300,0.2
"s2","s1",6.34935398547128,2,300,0.2
"s2","s1",6.08899383761985,2,300,0.2
"s2","s1",7.40760290604879,2,300,0.2
"s2","s1",6.53307383956906,2,300,0.2
"s2","s1",6.69099586638588,2,300,0.2
"s2","s1",6.67801658637124,2,300,0.2
"s2","s1",6.89994443897815,2,300,0.2
"s2","s1",6.96653774541531,2,300,0.2
"s2","s1",6.58389514649077,2,300,0.2
"s2","s1",6.89299454109808,2,300,0.2
"s2","s1",6.73006736846867,2,300,0.2
"s2","s1",7.00750288528221,2,300,0.2
"s2","s1",6.51621227188647,2,300,0.2
"s2","s1",6.43054731074686,2,300,0.2
"s2","s1",6.44409642107607,2,300,0.2
"s2","s1",6.39921028774306,2,300,0.2
"s2","s1",6.57245744478047,2,300,0.2
"s2","s1",6.62564578133425,2,300,0.2
"s2","s1",6.34912230774307,2,300,0.2
"s2","s1",6.18503607518946,2,300,0.2
"s2","s1",6.79961644775387,2,300,0.2
"s2","s1",6.31066051461683,2,300,0.2
"s2","s1",6.38912456209993,2,300,0.2
"s2","s1",6.52788212387252,2,300,0.2
"s2","s1",6.3970244962336,2,300,0.2
"s2","s1",6.32941452754434,2,300,0.2
"s2","s1",6.34737438623319,2,300,0.2
"s2","s1",6.74734131878125,2,300,0.2
"s2","s1",7.07752179435022,2,300,0.2
"s2","s1",6.81656936289326,2,300,0.2
"s2","s1",6.44916332896715,2,300,0.2
"s2","s1",6.67949229585957,2,300,0.2
"s2","s1",6.60194370369778,2,300,0.2
"s2","s1",6.53738127810942,2,300,0.2
"s2","s1",6.29615645015998,2,300,0.2
"s2","s1",6.67874058448897,2,300,0.2
"s2","s1",6.64824629671722,2,300,0.2
"s2","s1",6.684794025284,2,300,0.2
"s2","s1",5.9655817455739,2,300,0.2
"s2","s1",6.65365740785104,2,300,0.2
"s2","s1",6.9370912485187,2,300,0.2
"s2","s1",6.68336122487112,2,300,0.2
"s2","s1",6.31336557669651,2,300,0.2
"s2","s1",6.82745054892162,2,300,0.2
"s2","s1",6.40265842486254,2,300,0.2
"s2","s1",6.20721290945085,2,300,0.2
"s2","s1",6.30948690892706,2,300,0.2
"s2","s1",6.18043761285014,2,300,0.2
"s2","s1",6.64163924966242,2,300,0.2
"s2","s1",7.09332655521557,2,300,0.2
"s2","s1",7.16982797603987,2,300,0.2
"s2","s1",6.50121306160031,2,300,0.2
"s2","s1",7.16813307855877,2,300,0.2
"s2","s1",7.02789286110712,2,300,0.2
"s2","s1",6.48409057395124,2,300,0.2
"s2","s1",6.26680386082216,2,300,0.2
"s2","s1",6.36354033003204,2,300,0.2
"s2","s1",6.43522863028271,2,300,0.2
"s2","s1",5.91987474052522,2,300,0.2
"s2","s1",6.85029651986176,2,300,0.2
"s2","s1",6.73380791053411,2,300,0.2
"s2","s1",5.91113170856038,2,300,0.2
"s2","s1",6.1249556536454,2,300,0.2
"s2","s1",6.35642834018363,2,300,0.2
"s2","s1",6.28154691013725,2,300,0.2
"s2","s1",6.88395044009024,2,300,0.2
"s2","s1",6.05562968448541,2,300,0.2
"s2","s1",6.80304164964258,2,300,0.2
"s2","s1",6.74302599348008,2,300,0.2
"s2","s1",6.70136222969012,2,300,0.2
"s2","s1",6.64514916263944,2,300,0.2
"s2","s1",6.19236804979781,2,300,0.2
"s2","s1",6.31246085367448,2,300,0.2
"s2","s1",6.43815115996406,2,300,0.2
"s2","s1",6.87667627652868,2,300,0.2
"s2","s1",6.50547957949968,2,300,0.2
"s2","s1",6.19062308339646,2,300,0.2
"s2","s1",6.2806393529287,2,300,0.2
"s2","s1",6.70679052149504,2,300,0.2
"s2","s1",6.9558393885991,2,300,0.2
"s2","s1",6.5503545404526,2,300,0.2
"s2","s1",6.74216312256257,2,300,0.2
"s2","s1",5.6315360953642,2,300,0.2
"s2","s1",5.63095703112081,2,300,0.2
"s2","s1",6.34193375193352,2,300,0.2
"s2","s1",6.4671819378449,2,300,0.2
"s2","s1",6.12235111352717,2,300,0.2
"s2","s1",6.67876556532923,2,300,0.2
"s2","s1",6.68288924923733,2,300,0.2
"s2","s1",6.3920052112872,2,300,0.2
"s2","s1",6.20513676159101,2,300,0.2
"s2","s1",6.49824218903348,2,300,0.2
"s2","s1",6.65423997764974,2,300,0.2
"s2","s1",7.01861725080844,2,300,0.2
"s2","s1",6.51778607094475,2,300,0.2
"s2","s1",6.62504313233399,2,300,0.2
"s2","s1",6.88421137361308,2,300,0.2
"s2","s1",7.03733067073687,2,300,0.2
"s2","s1",6.05884032361333,2,300,0.2
"s2","s1",5.98055868323809,2,300,0.2
"s2","s1",7.15115827685622,2,300,0.2
"s2","s1",6.58625930374814,2,300,0.2
"s2","s1",6.44524532157228,2,300,0.2
"s2","s1",6.57435022512476,2,300,0.2
"s2","s1",6.63896064607658,2,300,0.2
"s2","s1",6.39596002651494,2,300,0.2
"s2","s1",6.63134157043389,2,300,0.2
"s2","s1",6.52055360415903,2,300,0.2
"s2","s1",5.83708534431268,2,300,0.2
"s2","s1",6.03243688933867,2,300,0.2
"s2","s1",6.69857555479257,2,300,0.2
"s2","s1",6.94330460434284,2,300,0.2
"s2","s1",6.05554068319552,2,300,0.2
"s2","s1",6.71756656991153,2,300,0.2
"s2","s1",6.51628847312267,2,300,0.2
"s2","s1",6.4035120378479,2,300,0.2
"s2","s1",6.5430768631439,2,300,0.2
"s2","s1",6.71538513791022,2,300,0.2
"s2","s1",6.39008444816488,2,300,0.2
"s2","s1",6.31800818771939,2,300,0.2
"s2","s1",6.49665314673378,2,300,0.2
"s2","s1",6.43622894402739,2,300,0.2
"s2","s1",6.56197138907689,2,300,0.2
"s2","s1",6.42305553160293,2,300,0.2
"s2","s1",6.24587484000361,2,300,0.2
"s2","s1",6.43961495820899,2,300,0.2
"s2","s1",6.65849217593129,2,300,0.2
"s2","s1",6.30280086599679,2,300,0.2
"s2","s1",6.51458207247617,2,300,0.2
"s2","s1",6.35421603702858,2,300,0.2
"s2","s1",6.77747788361607,2,300,0.2
"s2","s1",6.30465465622007,2,300,0.2
"s2","s1",5.89907243399281,2,300,0.2
"s2","s1",6.51782674925167,2,300,0.2
"s2","s1",5.85326200423009,2,300,0.2
"s2","s1",6.37449428410524,2,300,0.2
"s2","s1",6.8490175406491,2,300,0.2
"s2","s1",6.5032480784048,2,300,0.2
"s2","s1",6.52099006941333,2,300,0.2
"s2","s1",6.43524918589682,2,300,0.2
"s2","s1",6.69393222467025,2,300,0.2
"s2","s1",6.55109547589842,2,300,0.2
"s2","s1",6.40931218340435,2,300,0.2
"s2","s1",6.73854532879622,2,300,0.2
"s2","s1",6.57194367434063,2,300,0.2
"s2","s1",6.62216659897065,2,300,0.2
"s2","s1",6.18106653327785,2,300,0.2
"s2","s1",5.78469294549619,2,300,0.2
"s2","s1",7.09464492262928,2,300,0.2
"s2","s1",6.17718916960077,2,300,0.2
"s2","s1",6.88088875801827,2,300,0.2
"s2","s1",6.75098915686029,2,300,0.2
"s2","s1",6.67095800816148,2,300,0.2
"s2","s1",6.49904130241512,2,300,0.2
"s2","s1",6.57041047742877,2,300,0.2
"s2","s1",6.6038963636648,2,300,0.2
"s2","s1",6.31520745140895,2,300,0.2
"s2","s1",6.31021747843334,2,300,0.2
"s2","s1",6.51309845102682,2,300,0.2
"s2","s1",6.59026542804384,2,300,0.2
"s2","s1",6.53479372342667,2,300,0.2
"s2","s1",5.92932509362078,2,300,0.2
"s2","s1",6.49971877982841,2,300,0.2
"s2","s1",6.43309244714845,2,300,0.2
"s2","s1",5.95782475917633,2,300,0.2
"s2","s1",6.57980780502112,2,300,0.2
"s2","s1",6.67941910247307,2,300,0.2
"s2","s1",6.45404904546417,2,300,0.2
"s2","s1",6.45020533177134,2,300,0.2
"s2","s1",6.8356222581756,2,300,0.2
"s2","s1",6.78412097533005,2,300,0.2
"s2","s1",6.5383647424014,2,300,0.2
"s2","s1",6.39621915511509,2,300,0.2
"s2","s1",6.766577993467,2,300,0.2
"s2","s1",6.39077398692288,2,300,0.2
"s2","s1",6.09392098578542,2,300,0.2
"s2","s1",6.48328216569073,2,300,0.2
"s2","s1",6.3572007217485,2,300,0.2
"s2","s1",6.28217065004137,2,300,0.2
"s2","s1",5.9956906205237,2,300,0.2
"s2","s1",6.3235040914042,2,300,0.2
"s2","s1",5.99338146777325,2,300,0.2
"s2","s1",6.49841179473962,2,300,0.2
"s2","s1",6.07940196936732,2,300,0.2
"s2","s1",5.91547316937708,2,300,0.2
"s2","s1",5.80960808061945,2,300,0.2
"s2","s1",6.17485032797157,2,300,0.2
"s2","s1",6.87585161042043,2,300,0.2
"s2","s1",6.79780955608048,2,300,0.2
"s2","s1",6.64968958896871,2,300,0.2
"s2","s1",6.66315982380188,2,300,0.2
"s2","s1",6.2003276267294,2,300,0.2
"s2","s1",6.9488225187244,2,300,0.2
"s2","s1",6.48242809989453,2,300,0.2
"s2","s1",6.28067005905512,2,300,0.2
"s2","s1",5.87871374131375,2,300,0.2
"s2","s1",6.83324521425939,2,300,0.2
"s2","s1",6.64059998573991,2,300,0.2
"s2","s1",6.40635826518093,2,300,0.2
"s2","s1",6.84221731024559,2,300,0.2
"s2","s1",6.09868031975973,2,300,0.2
"s2","s1",6.41860847457541,2,300,0.2
"s2","s1",6.21542708326371,2,300,0.2
"s2","s1",6.84189601898049,2,300,0.2
"s2","s1",6.4627180215075,2,300,0.2
"s2","s1",6.54732004020002,2,300,0.2
"s2","s1",6.63277093503328,2,300,0.2
"s2","s1",6.4652026168655,2,300,0.2
"s2","s1",6.1804261380791,2,300,0.2
"s2","s1",6.8255162455813,2,300,0.2
"s2","s1",6.91863265629488,2,300,0.2
"s2","s1",6.96832873061022,2,300,0.2
"s2","s1",6.33974036441467,2,300,0.2
"s2","s1",6.77280898272608,2,300,0.2
"s2","s1",6.43612355386963,2,300,0.2
"s2","s1",6.21228572524228,2,300,0.2
"s2","s1",6.10809318721319,2,300,0.2
"s2","s1",6.2952310371647,2,300,0.2
"s2","s1",6.529626747879,2,300,0.2
"s2","s1",6.81181486081732,2,300,0.2
"s2","s1",6.73423449773227,2,300,0.2
"s2","s1",6.20273486039801,2,300,0.2
"s2","s1",6.66575413497313,2,300,0.2
"s2","s1",6.3347329872613,2,300,0.2
"s2","s1",6.44499008089772,2,300,0.2
"s2","s1",7.24598032177108,2,300,0.2
"s2","s1",6.16157656695862,2,300,0.2
"s2","s1",6.10930688350989,2,300,0.2
"s2","s1",6.46214872506633,2,300,0.2
"s2","s1",6.62397995454491,2,300,0.2
"s2","s1",6.34398999342557,2,300,0.2
"s2","s1",6.79696660374645,2,300,0.2
"s2","s1",6.54174893412247,2,300,0.2
"s2","s1",7.24714779934849,2,300,0.2
"s2","s1",6.27853762853491,2,300,0.2
"s2","s1",6.54596969486677,2,300,0.2
"s2","s1",6.53856166857857,2,300,0.2
"s2","s1",6.54120062106779,2,300,0.2
"s2","s1",6.27650577913402,2,300,0.2
"s2","s1",6.73516525328708,2,300,0.2
"s2","s1",6.27578778483063,2,300,0.2
"s2","s1",7.24493020907852,2,300,0.2
"s2","s1",6.52243274180512,2,300,0.2
"s2","s1",7.11021121746859,2,300,0.2
"s2","s1",6.61916150466909,2,300,0.2
"s2","s1",6.84896584764047,2,300,0.2
"s2","s1",6.20627664297416,2,300,0.2
"s2","s1",6.60019012836045,2,300,0.2
"s2","s1",6.51408435267663,2,300,0.2
"s2","s1",6.39072127205007,2,300,0.2
"s2","s1",6.40890800980999,2,300,0.2
"s2","s1",6.41234997868634,2,300,0.2
"s2","s1",6.39199845086557,2,300,0.2
"s2","s1",6.38210813724628,2,300,0.2
"s2","s1",6.77511297381102,2,300,0.2
"s2","s1",6.57109671936501,2,300,0.2
"s2","s1",6.04747007671676,2,300,0.2
"s2","s1",6.38474523832497,2,300,0.2
"s2","s1",6.45439579548592,2,300,0.2
"s2","s1",6.33143944614216,2,300,0.2
"s2","s1",6.84867824951428,2,300,0.2
"s2","s1",6.74665218834033,2,300,0.2
"s2","s1",6.92688285394961,2,300,0.2
"s2","s1",6.77204960488946,2,300,0.2
"s2","s1",6.82916000463118,2,300,0.2
"s2","s1",6.54942627465034,2,300,0.2
"s2","s1",6.50647503412074,2,300,0.2
"s2","s1",6.40636376932673,2,300,0.2
"s2","s1",6.27913831903061,2,300,0.2
"s2","s1",6.69596274580849,2,300,0.2
"s2","s1",6.46054181967904,2,300,0.2
"s2","s1",6.54442056741681,2,300,0.2
"s2","s1",6.57980780502112,2,300,0.2
"s2","s1",6.02155717727393,2,300,0.2
"s2","s1",6.37910911584079,2,300,0.2
"s2","s1",6.57641605298817,2,300,0.2
"s2","s1",6.66804255403854,2,300,0.2
"s2","s1",6.34032337878486,2,300,0.2
"s2","s1",6.73578688549435,2,300,0.2
"s2","s1",6.59527877112674,2,300,0.2
"s2","s1",6.96647414159237,2,300,0.2
"s2","s1",6.39843507323658,2,300,0.2
"s2","s1",6.74611186810222,2,300,0.2
"s2","s1",6.57905786366206,2,300,0.2
"s2","s1",6.27973501006947,2,300,0.2
"s2","s1",6.515329888691,2,300,0.2
"s2","s1",6.88105370216208,2,300,0.2
"s2","s1",6.08857879140064,2,300,0.2
"s2","s1",6.42522032964445,2,300,0.2
"s2","s1",6.7770747696688,2,300,0.2
"s2","s1",6.34518830002845,2,300,0.2
"s2","s1",6.13837611584017,2,300,0.2
"s2","s1",6.78539234555378,2,300,0.2
"s2","s1",6.40119932642392,2,300,0.2
"s2","s1",6.36639894982687,2,300,0.2
"s2","s1",6.12337984162923,2,300,0.2
"s2","s1",6.20810422089352,2,300,0.2
"s2","s1",6.45337975070848,2,300,0.2
"s2","s1",6.47397339740791,2,300,0.2
"s2","s1",6.67062131867129,2,300,0.2
"s2","s1",6.53207283798019,2,300,0.2
"s2","s1",6.76810840197975,2,300,0.2
"s2","s1",6.88583252336186,2,300,0.2
"s2","s1",7.34325094525403,2,300,0.2
"s2","s3",5.97679943034497,2,300,0.2
"s2","s3",5.44116943834577,2,300,0.2
"s2","s3",5.72548906768634,2,300,0.2
"s2","s3",5.59297900326158,2,300,0.2
"s2","s3",5.90424462376085,2,300,0.2
"s2","s3",6.05691617461616,2,300,0.2
"s2","s3",5.60338897934524,2,300,0.2
"s2","s3",5.90387816593094,2,300,0.2
"s2","s3",5.6545002339945,2,300,0.2
"s2","s3",5.55300489076216,2,300,0.2
"s2","s3",6.00085813944291,2,300,0.2
"s2","s3",5.73748388719747,2,300,0.2
"s2","s3",6.12592739140145,2,300,0.2
"s2","s3",5.38210566499544,2,300,0.2
"s2","s3",6.11294461244761,2,300,0.2
"s2","s3",5.88551088199545,2,300,0.2
"s2","s3",5.62060502307764,2,300,0.2
"s2","s3",5.75230125827157,2,300,0.2
"s2","s3",6.37175534195723,2,300,0.2
"s2","s3",5.65312648038179,2,300,0.2
"s2","s3",5.77033788885092,2,300,0.2
"s2","s3",6.00472576128718,2,300,0.2
"s2","s3",5.72573119862608,2,300,0.2
"s2","s3",6.01591524158678,2,300,0.2
"s2","s3",5.85372489216488,2,300,0.2
"s2","s3",6.11662782286618,2,300,0.2
"s2","s3",5.88579304526633,2,300,0.2
"s2","s3",5.65945979440156,2,300,0.2
"s2","s3",5.66950238172305,2,300,0.2
"s2","s3",5.46511698506751,2,300,0.2
"s2","s3",5.50786709333219,2,300,0.2
"s2","s3",5.71303397331718,2,300,0.2
"s2","s3",6.25982001143864,2,300,0.2
"s2","s3",5.84332063174219,2,300,0.2
"s2","s3",5.63067805917979,2,300,0.2
"s2","s3",5.8144252219244,2,300,0.2
"s2","s3",5.7211833154425,2,300,0.2
"s2","s3",6.34779480849528,2,300,0.2
"s2","s3",5.67103668318069,2,300,0.2
"s2","s3",6.07429580649212,2,300,0.2
"s2","s3",6.12254728825638,2,300,0.2
"s2","s3",6.10596767204927,2,300,0.2
"s2","s3",5.50114864260858,2,300,0.2
"s2","s3",5.7031184984366,2,300,0.2
"s2","s3",6.0894546498233,2,300,0.2
"s2","s3",6.02512493475345,2,300,0.2
"s2","s3",5.98645771996627,2,300,0.2
"s2","s3",5.21383695568167,2,300,0.2
"s2","s3",5.723823187368,2,300,0.2
"s2","s3",5.66553132962482,2,300,0.2
"s2","s3",6.12841170207191,2,300,0.2
"s2","s3",6.04079537453175,2,300,0.2
"s2","s3",5.85185862728883,2,300,0.2
"s2","s3",5.6703526056953,2,300,0.2
"s2","s3",5.60470943100113,2,300,0.2
"s2","s3",6.12014820370975,2,300,0.2
"s2","s3",5.94288549697387,2,300,0.2
"s2","s3",4.87614563166686,2,300,0.2
"s2","s3",6.25147961956557,2,300,0.2
"s2","s3",6.45944232328917,2,300,0.2
"s2","s3",5.701372394359,2,300,0.2
"s2","s3",6.13091511109309,2,300,0.2
"s2","s3",5.51060588200413,2,300,0.2
"s2","s3",5.72583294337539,2,300,0.2
"s2","s3",6.04646913487394,2,300,0.2
"s2","s3",5.76757890251236,2,300,0.2
"s2","s3",5.76350433030281,2,300,0.2
"s2","s3",5.88975565328345,2,300,0.2
"s2","s3",5.91487556302506,2,300,0.2
"s2","s3",5.81845827422444,2,300,0.2
"s2","s3",6.24466745892694,2,300,0.2
"s2","s3",5.8168162465587,2,300,0.2
"s2","s3",5.85220049813352,2,300,0.2
"s2","s3",6.20039844129474,2,300,0.2
"s2","s3",5.99590584531407,2,300,0.2
"s2","s3",6.20364357983036,2,300,0.2
"s2","s3",5.80187516363269,2,300,0.2
"s2","s3",6.06588309315043,2,300,0.2
"s2","s3",5.86009924097687,2,300,0.2
"s2","s3",5.76390665926519,2,300,0.2
"s2","s3",5.81939998390045,2,300,0.2
"s2","s3",6.04496557068411,2,300,0.2
"s2","s3",5.66639578677287,2,300,0.2
"s2","s3",5.90029934273866,2,300,0.2
"s2","s3",5.62858207947293,2,300,0.2
"s2","s3",5.74016681176852,2,300,0.2
"s2","s3",6.16048690846189,2,300,0.2
"s2","s3",6.0794506790067,2,300,0.2
"s2","s3",6.11570409179921,2,300,0.2
"s2","s3",5.68233521676649,2,300,0.2
"s2","s3",5.931353260865,2,300,0.2
"s2","s3",5.73558369831051,2,300,0.2
"s2","s3",6.04647009154332,2,300,0.2
"s2","s3",5.88381050021036,2,300,0.2
"s2","s3",5.8391058267965,2,300,0.2
"s2","s3",5.78124474218714,2,300,0.2
"s2","s3",5.99639810924103,2,300,0.2
"s2","s3",5.8558617659034,2,300,0.2
"s2","s3",5.73375306517491,2,300,0.2
"s2","s3",5.80323244326179,2,300,0.2
"s2","s3",5.931353260865,2,300,0.2
"s2","s3",6.08173782396263,2,300,0.2
"s2","s3",5.87185697706989,2,300,0.2
"s2","s3",5.90444723014019,2,300,0.2
"s2","s3",5.459033111412,2,300,0.2
"s2","s3",5.77905874564775,2,300,0.2
"s2","s3",6.21592283681969,2,300,0.2
"s2","s3",5.97640195766144,2,300,0.2
"s2","s3",5.75949554133647,2,300,0.2
"s2","s3",6.10566362113269,2,300,0.2
"s2","s3",5.90365497749582,2,300,0.2
"s2","s3",5.666971204335,2,300,0.2
"s2","s3",5.99889839121295,2,300,0.2
"s2","s3",5.66290591438026,2,300,0.2
"s2","s3",5.72364484497967,2,300,0.2
"s2","s3",6.04193835433293,2,300,0.2
"s2","s3",5.61721175849904,2,300,0.2
"s2","s3",5.88539343393874,2,300,0.2
"s2","s3",5.83092340288275,2,300,0.2
"s2","s3",5.99753192643988,2,300,0.2
"s2","s3",5.65101615993677,2,300,0.2
"s2","s3",5.79362895630203,2,300,0.2
"s2","s3",5.911322034428,2,300,0.2
"s2","s3",5.74050680722915,2,300,0.2
"s2","s3",5.85087875925783,2,300,0.2
"s2","s3",6.21872901224641,2,300,0.2
"s2","s3",5.65831009913481,2,300,0.2
"s2","s3",5.34916257482979,2,300,0.2
"s2","s3",5.52346016285168,2,300,0.2
"s2","s3",5.67771395134096,2,300,0.2
"s2","s3",5.465363741454,2,300,0.2
"s2","s3",5.55640092849306,2,300,0.2
"s2","s3",5.931353260865,2,300,0.2
"s2","s3",5.95696538497836,2,300,0.2
"s2","s3",5.99151083191913,2,300,0.2
"s2","s3",5.97027709581157,2,300,0.2
"s2","s3",5.60900625217164,2,300,0.2
"s2","s3",5.81670412509357,2,300,0.2
"s2","s3",6.03052349106446,2,300,0.2
"s2","s3",5.72206439517093,2,300,0.2
"s2","s3",5.88291874978071,2,300,0.2
"s2","s3",5.74610018857926,2,300,0.2
"s2","s3",6.01535379833487,2,300,0.2
"s2","s3",5.87323198196506,2,300,0.2
"s2","s3",6.03616923317492,2,300,0.2
"s2","s3",5.24607073020394,2,300,0.2
"s2","s3",5.67316706955098,2,300,0.2
"s2","s3",5.96506276079126,2,300,0.2
"s2","s3",6.04000123503389,2,300,0.2
"s2","s3",5.61848170355536,2,300,0.2
"s2","s3",5.56465762003096,2,300,0.2
"s2","s3",5.84931674530773,2,300,0.2
"s2","s3",6.14168800487352,2,300,0.2
"s2","s3",5.70714615199206,2,300,0.2
"s2","s3",5.73397013480457,2,300,0.2
"s2","s3",5.7541396920856,2,300,0.2
"s2","s3",5.46026037722261,2,300,0.2
"s2","s3",5.81670412509357,2,300,0.2
"s2","s3",5.7548886498769,2,300,0.2
"s2","s3",5.71080770276973,2,300,0.2
"s2","s3",5.71619764288391,2,300,0.2
"s2","s3",5.7349953060803,2,300,0.2
"s2","s3",5.59297900326158,2,300,0.2
"s2","s3",5.59976443961648,2,300,0.2
"s2","s3",5.52528384716189,2,300,0.2
"s2","s3",6.03759591278107,2,300,0.2
"s2","s3",5.9161535323285,2,300,0.2
"s2","s3",5.57518843488504,2,300,0.2
"s2","s3",5.74321552570905,2,300,0.2
"s2","s3",5.79362895630203,2,300,0.2
"s2","s3",5.78450771922627,2,300,0.2
"s2","s3",6.22221914236894,2,300,0.2
"s2","s3",6.02526805591214,2,300,0.2
"s2","s3",6.0044954953052,2,300,0.2
"s2","s3",6.11195804707934,2,300,0.2
"s2","s3",5.90052150941322,2,300,0.2
"s2","s3",6.21430796044814,2,300,0.2
"s2","s3",5.93271173609753,2,300,0.2
"s2","s3",5.98915693921394,2,300,0.2
"s2","s3",5.8778489013177,2,300,0.2
"s2","s3",5.77882316965125,2,300,0.2
"s2","s3",5.56294766012064,2,300,0.2
"s2","s3",6.03504824760429,2,300,0.2
"s2","s3",5.97016814611461,2,300,0.2
"s2","s3",5.94110085531381,2,300,0.2
"s2","s3",5.96850444841451,2,300,0.2
"s2","s3",6.02077508950238,2,300,0.2
"s2","s3",6.27476645355411,2,300,0.2
"s2","s3",5.56836863082753,2,300,0.2
"s2","s3",6.10956903398034,2,300,0.2
"s2","s3",6.38371347483935,2,300,0.2
"s2","s3",5.86980595889507,2,300,0.2
"s2","s3",5.94253676220136,2,300,0.2
"s2","s3",6.34344353483965,2,300,0.2
"s2","s3",5.74494689800277,2,300,0.2
"s2","s3",5.65101615993677,2,300,0.2
"s2","s3",6.42497159133607,2,300,0.2
"s2","s3",5.61017938721609,2,300,0.2
"s2","s3",6.00952171401678,2,300,0.2
"s2","s3",6.1788054407292,2,300,0.2
"s2","s3",6.13597287922391,2,300,0.2
"s2","s3",6.25176312825585,2,300,0.2
"s2","s3",5.58239952276281,2,300,0.2
"s2","s3",5.78099073413969,2,300,0.2
"s2","s3",5.61751873040866,2,300,0.2
"s2","s3",5.64147187182484,2,300,0.2
"s2","s3",5.72992322428158,2,300,0.2
"s2","s3",5.93435021644325,2,300,0.2
"s2","s3",5.74051746195966,2,300,0.2
"s2","s3",6.22300595925275,2,300,0.2
"s2","s3",5.96403870397036,2,300,0.2
"s2","s3",5.69517123542482,2,300,0.2
"s2","s3",5.99939004880009,2,300,0.2
"s2","s3",5.63743725815905,2,300,0.2
"s2","s3",5.84028547449606,2,300,0.2
"s2","s3",5.40777928827189,2,300,0.2
"s2","s3",5.71956970899269,2,300,0.2
"s2","s3",6.11267769225256,2,300,0.2
"s2","s3",5.65578640538285,2,300,0.2
"s2","s3",5.74325872688038,2,300,0.2
"s2","s3",5.8712586614555,2,300,0.2
"s2","s3",5.65815483926687,2,300,0.2
"s2","s3",5.63762058084289,2,300,0.2
"s2","s3",5.87664985586014,2,300,0.2
"s2","s3",6.12158609949367,2,300,0.2
"s2","s3",5.98273926412053,2,300,0.2
"s2","s3",5.91275770710581,2,300,0.2
"s2","s3",5.55680809281475,2,300,0.2
"s2","s3",5.54155389813498,2,300,0.2
"s2","s3",6.03223487567943,2,300,0.2
"s2","s3",5.32074013981058,2,300,0.2
"s2","s3",5.59094770954984,2,300,0.2
"s2","s3",5.85177815969621,2,300,0.2
"s2","s3",5.19831092102737,2,300,0.2
"s2","s3",5.94657980683704,2,300,0.2
"s2","s3",6.3584652840151,2,300,0.2
"s2","s3",6.24321360622418,2,300,0.2
"s2","s3",6.38119743416306,2,300,0.2
"s2","s3",5.77952513601119,2,300,0.2
"s2","s3",6.13263219066211,2,300,0.2
"s2","s3",5.55379476025247,2,300,0.2
"s2","s3",6.13622287748984,2,300,0.2
"s2","s3",5.87060764723972,2,300,0.2
"s2","s3",5.78552357662352,2,300,0.2
"s2","s3",6.1249696149542,2,300,0.2
"s2","s3",5.95627232072229,2,300,0.2
"s2","s3",5.88066239864312,2,300,0.2
"s2","s3",5.46395715439428,2,300,0.2
"s2","s3",6.08161217531793,2,300,0.2
"s2","s3",5.66939952045334,2,300,0.2
"s2","s3",5.51656569646983,2,300,0.2
"s2","s3",5.99192580906236,2,300,0.2
"s2","s3",5.77882316965125,2,300,0.2
"s2","s3",6.35948110227771,2,300,0.2
"s2","s3",5.90247361832141,2,300,0.2
"s2","s3",5.87236180024057,2,300,0.2
"s2","s3",5.8689170758245,2,300,0.2
"s2","s3",5.92075539016321,2,300,0.2
"s2","s3",5.64724227213165,2,300,0.2
"s2","s3",5.67018824395385,2,300,0.2
"s2","s3",5.45851161935959,2,300,0.2
"s2","s3",6.00041262234129,2,300,0.2
"s2","s3",5.83760715196978,2,300,0.2
"s2","s3",5.3160092755095,2,300,0.2
"s2","s3",6.08447661754131,2,300,0.2
"s2","s3",5.8759179128026,2,300,0.2
"s2","s3",6.14180296197213,2,300,0.2
"s2","s3",6.12717591183201,2,300,0.2
"s2","s3",5.94136685348148,2,300,0.2
"s2","s3",6.09317930885251,2,300,0.2
"s2","s3",5.87529809980164,2,300,0.2
"s2","s3",6.66745153025909,2,300,0.2
"s2","s3",5.87085741294399,2,300,0.2
"s2","s3",6.23900058318674,2,300,0.2
"s2","s3",6.09523424925486,2,300,0.2
"s2","s3",5.66736036663838,2,300,0.2
"s2","s3",5.81979143048189,2,300,0.2
"s2","s3",5.64726697395398,2,300,0.2
"s2","s3",5.77895672915866,2,300,0.2
"s2","s3",5.41341643362695,2,300,0.2
"s2","s3",6.03125290902534,2,300,0.2
"s2","s3",5.87283660294486,2,300,0.2
"s2","s3",6.18459707961244,2,300,0.2
"s2","s3",6.13410020300333,2,300,0.2
"s2","s3",5.67530712037913,2,300,0.2
"s2","s3",5.43193847381809,2,300,0.2
"s2","s3",6.16723704352091,2,300,0.2
"s2","s3",5.45098138864562,2,300,0.2
"s2","s3",5.94438662340093,2,300,0.2
"s2","s3",6.28855504381635,2,300,0.2
"s2","s3",5.56518660951372,2,300,0.2
"s2","s3",5.92790722523125,2,300,0.2
"s2","s3",5.59734538437273,2,300,0.2
"s2","s3",5.69401124604855,2,300,0.2
"s2","s3",5.94438662340093,2,300,0.2
"s2","s3",5.33472949733515,2,300,0.2
"s2","s3",5.72017922542474,2,300,0.2
"s2","s3",5.82585346649432,2,300,0.2
"s2","s3",6.46729369589013,2,300,0.2
"s2","s3",5.83122378671155,2,300,0.2
"s2","s3",5.59704470332721,2,300,0.2
"s2","s3",5.89356174250688,2,300,0.2
"s2","s3",5.89348898053028,2,300,0.2
"s2","s3",6.13091511109309,2,300,0.2
"s2","s3",5.67254361698032,2,300,0.2
"s2","s3",5.65506875887139,2,300,0.2
"s2","s3",5.8837868569699,2,300,0.2
"s2","s3",5.54006895699803,2,300,0.2
"s2","s3",5.75311204643072,2,300,0.2
"s2","s3",6.53281362676402,2,300,0.2
"s2","s3",5.87512089302453,2,300,0.2
"s2","s3",5.77227166904601,2,300,0.2
"s2","s3",5.9754019989563,2,300,0.2
"s2","s3",6.08639536921663,2,300,0.2
"s2","s3",6.04376741904008,2,300,0.2
"s2","s3",5.85087875925783,2,300,0.2
"s2","s3",5.91840348173096,2,300,0.2
"s2","s3",5.7619412344921,2,300,0.2
"s2","s3",5.66822893182,2,300,0.2
"s2","s3",5.90358887871059,2,300,0.2
"s2","s3",5.72920680377962,2,300,0.2
"s2","s3",5.65226222684497,2,300,0.2
"s2","s3",5.78050326958085,2,300,0.2
"s2","s3",6.00407257696168,2,300,0.2
"s2","s3",5.9697720631281,2,300,0.2
"s2","s3",5.62528948601687,2,300,0.2
"s2","s3",6.12194489517947,2,300,0.2
"s2","s3",5.88755759286184,2,300,0.2
"s2","s3",5.68063334224462,2,300,0.2
"s2","s3",6.13217427973334,2,300,0.2
"s2","s3",6.03125290902534,2,300,0.2
"s2","s3",6.12223595029187,2,300,0.2
"s2","s3",5.99192506188339,2,300,0.2
"s2","s3",6.2993927352509,2,300,0.2
"s2","s3",5.74925347488153,2,300,0.2
"s2","s3",5.59873825328187,2,300,0.2
"s2","s3",5.75467215218637,2,300,0.2
"s2","s3",6.06094792499154,2,300,0.2
"s2","s3",6.12357115056776,2,300,0.2
"s2","s3",5.72992322428158,2,300,0.2
"s2","s3",6.32034991603638,2,300,0.2
"s2","s3",6.00757315554617,2,300,0.2
"s2","s3",5.65420430174538,2,300,0.2
"s2","s3",6.10512886890229,2,300,0.2
"s2","s3",5.69503856268273,2,300,0.2
"s2","s3",5.68148392712735,2,300,0.2
"s2","s3",5.94745388862391,2,300,0.2
"s2","s3",6.03222860776368,2,300,0.2
"s2","s3",5.91480033715384,2,300,0.2
"s2","s3",5.80295927275802,2,300,0.2
"s2","s3",6.07332856740587,2,300,0.2
"s2","s3",6.14409569814848,2,300,0.2
"s2","s3",5.68369489003946,2,300,0.2
"s2","s3",5.96067470624308,2,300,0.2
"s2","s3",5.64779604871296,2,300,0.2
"s2","s3",5.88936991216832,2,300,0.2
"s2","s3",5.63150121977912,2,300,0.2
"s2","s3",5.77901469243824,2,300,0.2
"s2","s3",5.72229838425494,2,300,0.2
"s2","s3",5.87520708051423,2,300,0.2
"s2","s3",5.99098355682665,2,300,0.2
"s2","s3",5.73604499339152,2,300,0.2
"s2","s3",5.91048597929611,2,300,0.2
"s2","s3",6.01156177697467,2,300,0.2
"s2","s3",5.78718714721862,2,300,0.2
"s2","s3",6.12064425430876,2,300,0.2
"s2","s3",5.75894067877981,2,300,0.2
"s2","s3",6.11197376842439,2,300,0.2
"s2","s3",5.76462431079464,2,300,0.2
"s2","s3",5.67344354937182,2,300,0.2
"s2","s3",5.77400173085218,2,300,0.2
"s2","s3",6.00975726992195,2,300,0.2
"s2","s3",5.33957376694645,2,300,0.2
"s2","s3",5.98171595914715,2,300,0.2
"s2","s3",5.83075091395671,2,300,0.2
"s2","s3",5.84058474993844,2,300,0.2
"s2","s3",5.75247901755547,2,300,0.2
"s2","s3",6.01133906245963,2,300,0.2
"s2","s3",5.89471816506993,2,300,0.2
"s2","s3",5.76462431079464,2,300,0.2
"s2","s3",5.90856562088663,2,300,0.2
"s2","s3",6.16074173820741,2,300,0.2
"s2","s3",6.03125290902534,2,300,0.2
"s2","s3",5.73264131713195,2,300,0.2
"s2","s3",5.88291874978071,2,300,0.2
"s2","s3",6.14957439114315,2,300,0.2
"s2","s3",5.2960963639101,2,300,0.2
"s2","s3",6.13619082050415,2,300,0.2
"s2","s3",6.58841470785078,2,300,0.2
"s2","s3",5.70545226154351,2,300,0.2
"s2","s3",5.90880439516403,2,300,0.2
"s2","s3",5.63568853493348,2,300,0.2
"s2","s3",5.71338763984086,2,300,0.2
"s2","s3",5.46505669845354,2,300,0.2
"s2","s3",6.02890145688303,2,300,0.2
"s2","s3",5.87054535959195,2,300,0.2
"s2","s3",5.81979143048189,2,300,0.2
"s2","s3",6.03936526618938,2,300,0.2
"s2","s3",5.26168289589445,2,300,0.2
"s2","s3",5.76525861234595,2,300,0.2
"s2","s3",6.05653224765916,2,300,0.2
"s2","s3",5.78392285310784,2,300,0.2
"s2","s3",6.25655630072428,2,300,0.2
"s2","s3",5.66578404485527,2,300,0.2
"s2","s3",5.9104752895438,2,300,0.2
"s2","s3",5.56635303332418,2,300,0.2
"s2","s3",5.74130397831161,2,300,0.2
"s2","s3",5.63872692711212,2,300,0.2
"s2","s3",5.3260190476559,2,300,0.2
"s2","s3",5.9252163049901,2,300,0.2
"s2","s3",5.93407965670255,2,300,0.2
"s2","s3",5.71257864679677,2,300,0.2
"s2","s3",5.77000665231417,2,300,0.2
"s2","s3",5.76419551313814,2,300,0.2
"s2","s3",6.0038676249732,2,300,0.2
"s2","s3",6.09892671537023,2,300,0.2
"s2","s3",6.06366923960864,2,300,0.2
"s2","s3",6.28278879932621,2,300,0.2
"s2","s3",6.03046020944113,2,300,0.2
"s2","s3",5.93271173609753,2,300,0.2
"s2","s3",5.75883117585444,2,300,0.2
"s2","s3",6.25666472384484,2,300,0.2
"s2","s3",5.87060764723972,2,300,0.2
"s2","s3",6.24052946902427,2,300,0.2
"s2","s3",5.51066892944448,2,300,0.2
"s2","s3",5.50997190960018,2,300,0.2
"s2","s3",6.15302200921894,2,300,0.2
"s2","s3",6.06166951356555,2,300,0.2
"s2","s3",5.55087081619104,2,300,0.2
"s2","s3",5.89884031357445,2,300,0.2
"s2","s3",5.25658628554005,2,300,0.2
"s2","s3",5.54147603336813,2,300,0.2
"s2","s3",6.53957672536573,2,300,0.2
"s2","s3",5.91207623419749,2,300,0.2
"s2","s3",5.42579377730953,2,300,0.2
"s2","s3",5.67368446050884,2,300,0.2
"s2","s3",5.56486758212276,2,300,0.2
"s2","s3",5.69401124604855,2,300,0.2
"s2","s3",6.13289103252238,2,300,0.2
"s2","s3",5.67805070665275,2,300,0.2
"s2","s3",5.83122378671155,2,300,0.2
"s2","s3",5.74250086754322,2,300,0.2
"s2","s3",6.28712071256959,2,300,0.2
"s2","s3",5.75176886751478,2,300,0.2
"s2","s3",6.30580594989868,2,300,0.2
"s2","s3",5.54009503842971,2,300,0.2
"s2","s3",5.78552357662352,2,300,0.2
"s2","s3",5.91046110463301,2,300,0.2
"s2","s3",5.47383567223604,2,300,0.2
"s2","s3",6.02916211406293,2,300,0.2
"s2","s3",5.42892148467647,2,300,0.2
"s2","s3",6.15029960058598,2,300,0.2
"s2","s3",5.95451520045719,2,300,0.2
"s2","s3",5.71165228187219,2,300,0.2
"s2","s3",5.6243482977174,2,300,0.2
"s2","s3",6.18282811581355,2,300,0.2
"s2","s3",5.77019793186912,2,300,0.2
"s2","s3",5.89854289545068,2,300,0.2
"s2","s3",5.45107658693252,2,300,0.2
"s2","s3",5.71594191594856,2,300,0.2
"s2","s3",5.68574227030894,2,300,0.2
"s2","s3",5.96277073974258,2,300,0.2
"s2","s3",5.57803564628534,2,300,0.2
"s2","s3",5.666971204335,2,300,0.2
"s2","s3",5.85979607604902,2,300,0.2
"s2","s3",5.59111840780741,2,300,0.2
"s2","s3",5.6709115858889,2,300,0.2
"s2","s3",5.63155851541348,2,300,0.2
"s2","s3",6.0317882444501,2,300,0.2
"s2","s3",5.82029509648675,2,300,0.2
"s2","s3",5.49466519335282,2,300,0.2
"s2","s3",6.1837567619962,2,300,0.2
"s2","s3",5.47250142707534,2,300,0.2
"s2","s3",5.38945865639255,2,300,0.2
"s2","s3",5.52323362481525,2,300,0.2
"s2","s3",5.80013010086617,2,300,0.2
"s2","s3",5.66719102438479,2,300,0.2
"s2","s3",6.29437678084247,2,300,0.2
"s2","s3",6.11387780956096,2,300,0.2
"s2","s3",6.07607788951513,2,300,0.2
"s2","s3",6.00872080902991,2,300,0.2
"s2","s3",5.65420430174538,2,300,0.2
"s2","s3",5.73426884399247,2,300,0.2
"s2","s3",5.93967999968794,2,300,0.2
"s2","s3",6.31076019037147,2,300,0.2
"s2","s3",6.16100393636841,2,300,0.2
"s2","s3",5.91343918001413,2,300,0.2
"s2","s3",6.05627648243441,2,300,0.2
"s2","s3",6.09317930885251,2,300,0.2
"s2","s3",6.24040627274154,2,300,0.2
"s2","s3",5.73842411010949,2,300,0.2
"s2","s3",5.91271957104525,2,300,0.2
"s2","s3",5.88435304397757,2,300,0.2
"s2","s3",5.90920804656599,2,300,0.2
"s2","s3",5.86899965060212,2,300,0.2
"s2","s3",5.90029934273866,2,300,0.2
"s2","s3",5.92861535815428,2,300,0.2
"s2","s3",5.53985728001877,2,300,0.2
"s2","s3",6.41935128888557,2,300,0.2
"s2","s3",6.00785079931225,2,300,0.2
"s2","s3",5.80691446342336,2,300,0.2
"s2","s3",6.01556143692122,2,300,0.2
"s2","s3",5.8040475275416,2,300,0.2
"s2","s3",6.00502226693069,2,300,0.2
"s2","s3",6.13014973925755,2,300,0.2
"s2","s3",5.66939952045334,2,300,0.2
"s2","s3",6.25491002287026,2,300,0.2
"s2","s3",6.12003933474139,2,300,0.2
"s2","s3",5.24231803187689,2,300,0.2
"s2","s3",5.9010362623154,2,300,0.2
"s2","s3",5.8135926317897,2,300,0.2
"s2","s3",5.65801638158656,2,300,0.2
"s2","s3",5.86859372331531,2,300,0.2
"s2","s3",5.81513096408111,2,300,0.2
"s2","s3",5.69203042664504,2,300,0.2
"s2","s3",6.14918361469782,2,300,0.2
"s2","s3",6.23182484859052,2,300,0.2
"s2","s3",5.75404644011437,2,300,0.2
"s2","s3",6.65499746289925,2,300,0.2
"s2","s3",6.47114167056304,2,300,0.2
"s2","s3",6.09245090494301,2,300,0.2
"s2","s3",5.6717740291387,2,300,0.2
"s2","s3",5.71349849703358,2,300,0.2
"s2","s3",5.86199151519265,2,300,0.2
"s2","s3",5.89776473325318,2,300,0.2
"s2","s3",6.04294321608032,2,300,0.2
"s2","s3",6.06469426048908,2,300,0.2
"s2","s3",5.74616495031211,2,300,0.2
"s2","s3",5.30011274778125,2,300,0.2
"s2","s3",5.83827454141544,2,300,0.2
"s2","s3",5.81017978860235,2,300,0.2
"s2","s3",5.54852069467578,2,300,0.2
"s2","s3",5.91518724403601,2,300,0.2
"s2","s3",5.76575873561779,2,300,0.2
"s2","s3",5.84106945951292,2,300,0.2
"s2","s3",5.72114839477625,2,300,0.2
"s2","s3",5.96174160497611,2,300,0.2
"s2","s3",5.61010884297789,2,300,0.2
"s2","s3",5.72501081674652,2,300,0.2
"s2","s3",6.17929221448113,2,300,0.2
"s2","s3",5.59964493783951,2,300,0.2
"s2","s3",5.54050989161743,2,300,0.2
"s2","s3",5.39067139411974,2,300,0.2
"s2","s3",5.9929071627488,2,300,0.2
"s2","s3",5.82741928840375,2,300,0.2
"s2","s3",5.73345868891748,2,300,0.2
"s2","s3",5.89008576579074,2,300,0.2
"s2","s3",5.73748388719747,2,300,0.2
"s2","s3",5.27513482721696,2,300,0.2
"s2","s3",5.8689170758245,2,300,0.2
"s2","s3",5.54076773635691,2,300,0.2
"s2","s3",5.67535643063519,2,300,0.2
"s2","s3",6.04224050074777,2,300,0.2
"s2","s3",6.23851280457946,2,300,0.2
"s2","s3",5.74111039600757,2,300,0.2
"s2","s3",5.2804066467782,2,300,0.2
"s2","s3",5.9948094316638,2,300,0.2
"s2","s3",5.46478479091185,2,300,0.2
"s2","s3",6.10224177081861,2,300,0.2
"s2","s3",5.78672121390936,2,300,0.2
"s2","s3",5.36840907994642,2,300,0.2
"s2","s3",5.93687483210807,2,300,0.2
"s2","s3",5.55311815978038,2,300,0.2
"s2","s3",5.90681486436217,2,300,0.2
"s2","s3",5.95200481725345,2,300,0.2
"s2","s3",5.70200642439939,2,300,0.2
"s2","s3",5.5747922548518,2,300,0.2
"s2","s3",5.63568853493348,2,300,0.2
"s2","s3",5.777849005193,2,300,0.2
"s2","s3",5.78050326958085,2,300,0.2
"s2","s3",5.48650095881277,2,300,0.2
"s2","s3",5.52124636576951,2,300,0.2
"s2","s3",6.22316873927269,2,300,0.2
"s2","s3",5.46920728798265,2,300,0.2
"s2","s3",5.81266971775178,2,300,0.2
"s2","s3",5.8949352994161,2,300,0.2
"s2","s3",5.8881683242044,2,300,0.2
"s2","s3",5.39673940583299,2,300,0.2
"s2","s3",5.40561325476935,2,300,0.2
"s2","s3",6.16894856297566,2,300,0.2
"s2","s3",6.13433374751628,2,300,0.2
"s2","s3",6.10824802458194,2,300,0.2
"s2","s3",5.90249750608774,2,300,0.2
"s2","s3",5.6391291098146,2,300,0.2
"s2","s3",6.10383833183062,2,300,0.2
"s2","s3",5.99600751349586,2,300,0.2
"s2","s3",5.42982265611641,2,300,0.2
"s2","s3",5.95774957972559,2,300,0.2
"s2","s3",5.62212315497847,2,300,0.2
"s2","s3",5.67181089855413,2,300,0.2
"s2","s3",5.62060502307764,2,300,0.2
"s2","s3",5.97104765450933,2,300,0.2
"s2","s3",5.80656730618246,2,300,0.2
"s2","s3",6.01930649232369,2,300,0.2
"s2","s3",5.59070066763827,2,300,0.2
"s2","s3",6.02675746727079,2,300,0.2
"s2","s3",6.38867034383844,2,300,0.2
"s2","s3",6.08923719688676,2,300,0.2
"s2","s3",5.49538542366736,2,300,0.2
"s2","s3",5.30938515306588,2,300,0.2
"s2","s3",6.14180296197213,2,300,0.2
"s2","s3",5.89270217032575,2,300,0.2
"s2","s3",6.13842667277129,2,300,0.2
"s2","s3",5.67668022997481,2,300,0.2
"s2","s3",5.67615310610498,2,300,0.2
"s2","s3",6.1519466218569,2,300,0.2
"s2","s3",6.04597956896313,2,300,0.2
"s2","s3",6.36661619255693,2,300,0.2
"s2","s3",5.71733815780205,2,300,0.2
"s2","s3",5.80232900973598,2,300,0.2
"s2","s3",5.86165021671304,2,300,0.2
"s2","s3",5.86892417700858,2,300,0.2
"s2","s3",5.99868974179901,2,300,0.2
"s2","s3",5.98617159393308,2,300,0.2
"s2","s3",5.7613287808486,2,300,0.2
"s2","s3",6.14280344359611,2,300,0.2
"s2","s3",5.92055815030528,2,300,0.2
"s2","s3",6.10808231000652,2,300,0.2
"s2","s3",5.52909731287264,2,300,0.2
"s2","s3",6.04946355481607,2,300,0.2
"s2","s3",6.11173472648713,2,300,0.2
"s2","s3",5.50697373224062,2,300,0.2
"s2","s3",5.67805070665275,2,300,0.2
"s2","s3",5.65831009913481,2,300,0.2
"s2","s3",5.61429527326663,2,300,0.2
"s2","s3",5.90279201449782,2,300,0.2
"s2","s3",5.95695465516803,2,300,0.2
"s2","s3",5.82671283759885,2,300,0.2
"s2","s3",5.76988952214967,2,300,0.2
"s2","s3",5.73419919636913,2,300,0.2
"s2","s3",5.88832325315944,2,300,0.2
"s2","s3",5.81825978270754,2,300,0.2
"s2","s3",5.91743586292824,2,300,0.2
"s2","s3",5.82747502334376,2,300,0.2
"s2","s3",5.43608097836137,2,300,0.2
"s2","s3",5.62029991992408,2,300,0.2
"s2","s3",6.04647009154332,2,300,0.2
"s2","s3",6.14230900832845,2,300,0.2
"s2","s3",6.32445940552128,2,300,0.2
"s2","s3",5.30262126760596,2,300,0.2
"s2","s3",5.88424460485891,2,300,0.2
"s2","s3",5.80924146155101,2,300,0.2
"s2","s3",5.67737719602917,2,300,0.2
"s2","s3",5.8712586614555,2,300,0.2
"s2","s3",5.79871498557574,2,300,0.2
"s2","s3",5.80729095794297,2,300,0.2
"s2","s3",5.83051953132825,2,300,0.2
"s2","s3",6.1325122650593,2,300,0.2
"s2","s3",5.8179065284517,2,300,0.2
"s2","s3",6.6105043844355,2,300,0.2
"s2","s3",6.18816296970992,2,300,0.2
"s2","s3",6.23559061313868,2,300,0.2
"s2","s3",6.02689180891369,2,300,0.2
"s2","s3",5.81042569069442,2,300,0.2
"s2","s3",6.27462494997189,2,300,0.2
"s2","s3",5.83633757572381,2,300,0.2
"s2","s3",6.14670360628503,2,300,0.2
"s2","s3",5.69244864535614,2,300,0.2
"s2","s3",5.83182399978318,2,300,0.2
"s2","s3",5.61345366561795,2,300,0.2
"s2","s3",5.65225818701387,2,300,0.2
"s2","s3",5.80739761500306,2,300,0.2
"s2","s3",5.89776473325318,2,300,0.2
"s2","s3",5.42036975637213,2,300,0.2
"s2","s3",6.02574532270621,2,300,0.2
"s2","s3",6.11552892137425,2,300,0.2
"s2","s3",5.46601092312343,2,300,0.2
"s2","s3",6.03378476664622,2,300,0.2
"s2","s3",5.96174160497611,2,300,0.2
"s2","s3",5.87215675214645,2,300,0.2
"s2","s3",5.84490787366033,2,300,0.2
"s2","s3",5.53150326216749,2,300,0.2
"s2","s3",6.0894546498233,2,300,0.2
"s2","s3",6.21141302386512,2,300,0.2
"s2","s3",5.62318946075781,2,300,0.2
"s2","s3",6.20283054946515,2,300,0.2
"s2","s3",6.1480964548191,2,300,0.2
"s2","s3",5.88472587770621,2,300,0.2
"s2","s3",5.90243637911129,2,300,0.2
"s2","s3",5.92075539016321,2,300,0.2
"s2","s3",5.90247361832141,2,300,0.2
"s2","s3",5.73173184609811,2,300,0.2
"s2","s3",6.05736825151249,2,300,0.2
"s2","s3",6.21990218781958,2,300,0.2
"s2","s3",5.64825671201352,2,300,0.2
"s2","s3",6.09925765184599,2,300,0.2
"s2","s3",6.14279873918091,2,300,0.2
"s2","s3",5.93559953601675,2,300,0.2
"s2","s3",5.69631912507054,2,300,0.2
"s2","s3",5.90770773560953,2,300,0.2
"s2","s3",5.60624212478155,2,300,0.2
"s2","s3",5.55617257588889,2,300,0.2
"s2","s3",5.43562375191109,2,300,0.2
"s2","s3",6.00076930047717,2,300,0.2
"s2","s3",5.9685718019662,2,300,0.2
"s2","s3",5.7917805073523,2,300,0.2
"s2","s3",5.47307716504676,2,300,0.2
"s2","s3",6.14120326568175,2,300,0.2
"s2","s3",5.81851110575559,2,300,0.2
"s2","s3",5.87988811426337,2,300,0.2
"s2","s3",5.83915441302504,2,300,0.2
"s2","s3",5.57983352086897,2,300,0.2
"s2","s3",6.13111462339062,2,300,0.2
"s2","s3",5.90574045240453,2,300,0.2
"s2","s3",5.64273042733011,2,300,0.2
"s2","s3",5.41546612043386,2,300,0.2
"s2","s3",5.26765082047465,2,300,0.2
"s2","s3",6.04359590053799,2,300,0.2
"s2","s3",5.68839630633624,2,300,0.2
"s2","s3",5.73830554195798,2,300,0.2
"s2","s3",5.60578144953317,2,300,0.2
"s2","s3",5.76894427422494,2,300,0.2
"s2","s3",5.73236330313068,2,300,0.2
"s2","s3",6.46140872091996,2,300,0.2
"s2","s3",5.73719726181646,2,300,0.2
"s2","s3",5.78547730965096,2,300,0.2
"s2","s3",5.91343602229,2,300,0.2
"s2","s3",5.67109966521652,2,300,0.2
"s2","s3",5.45109910547133,2,300,0.2
"s2","s3",5.83296921909034,2,300,0.2
"s2","s3",5.8560939376889,2,300,0.2
"s2","s3",5.90372414138862,2,300,0.2
"s2","s3",5.91761839439977,2,300,0.2
"s2","s3",5.68615383579151,2,300,0.2
"s2","s3",6.32026727857993,2,300,0.2
"s2","s3",5.89854289545068,2,300,0.2
"s2","s3",5.54354156541709,2,300,0.2
"s2","s3",6.0301381037294,2,300,0.2
"s2","s3",5.87465726465581,2,300,0.2
"s2","s3",6.0007487805781,2,300,0.2
"s2","s3",5.70896596939462,2,300,0.2
"s2","s3",5.72206439517093,2,300,0.2
"s2","s3",5.82765316334573,2,300,0.2
"s2","s3",5.77572404309487,2,300,0.2
"s2","s3",5.65779052614184,2,300,0.2
"s2","s3",6.06985040155155,2,300,0.2
"s2","s3",6.29840107840894,2,300,0.2
"s2","s3",5.43728266264997,2,300,0.2
"s2","s3",5.29325403028434,2,300,0.2
"s2","s3",5.96007484120776,2,300,0.2
"s2","s3",6.1270636976484,2,300,0.2
"s2","s3",6.03017777323711,2,300,0.2
"s2","s3",5.96986383036749,2,300,0.2
"s2","s3",5.72464389919804,2,300,0.2
"s2","s3",5.51617605043373,2,300,0.2
"s2","s3",5.979547936518,2,300,0.2
"s2","s3",5.93454238220951,2,300,0.2
"s2","s3",5.33378318442216,2,300,0.2
"s2","s3",5.8217175390937,2,300,0.2
"s2","s3",5.63360560524727,2,300,0.2
"s2","s3",6.14068521774411,2,300,0.2
"s2","s3",5.9901125443952,2,300,0.2
"s2","s3",5.8329593650643,2,300,0.2
"s2","s3",5.71206895466537,2,300,0.2
"s2","s3",6.01079284282652,2,300,0.2
"s2","s3",5.90781941670434,2,300,0.2
"s2","s3",5.56758145459616,2,300,0.2
"s2","s3",5.70613974674055,2,300,0.2
"s2","s3",6.05418125362179,2,300,0.2
"s2","s3",6.1480964548191,2,300,0.2
"s2","s3",5.78146877277304,2,300,0.2
"s2","s3",5.79375405395929,2,300,0.2
"s2","s3",5.80729095794297,2,300,0.2
"s2","s3",6.06910473064109,2,300,0.2
"s2","s3",6.32896121989448,2,300,0.2
"s2","s3",5.81797714957493,2,300,0.2
"s2","s3",5.82815042901527,2,300,0.2
"s2","s3",5.40302196159024,2,300,0.2
"s2","s3",5.57453253776346,2,300,0.2
"s2","s3",5.8384308783752,2,300,0.2
"s2","s3",6.27761165204785,2,300,0.2
"s2","s3",5.48100750592809,2,300,0.2
"s2","s3",6.7099817977747,2,300,0.2
"s2","s3",5.91882660812067,2,300,0.2
"s2","s3",5.567824093776,2,300,0.2
"s2","s3",5.29453457085696,2,300,0.2
"s2","s3",6.29524139975969,2,300,0.2
"s2","s3",6.29877564572807,2,300,0.2
"s2","s3",5.64354423614756,2,300,0.2
"s2","s3",5.87453897428472,2,300,0.2
"s2","s3",6.08721241035974,2,300,0.2
"s2","s3",5.92790722523125,2,300,0.2
"s2","s3",5.85177815969621,2,300,0.2
"s2","s3",5.38347649676763,2,300,0.2
"s2","s3",5.59297900326158,2,300,0.2
"s2","s3",5.06943047342082,2,300,0.2
"s2","s3",6.63653078012221,2,300,0.2
"s2","s3",5.72017448230076,2,300,0.2
"s2","s3",6.1101136496675,2,300,0.2
"s2","s3",6.52524834254137,2,300,0.2
"s2","s3",5.90248841302522,2,300,0.2
"s2","s3",6.03936526618938,2,300,0.2
"s2","s3",6.21226556614292,2,300,0.2
"s2","s3",5.7898916057627,2,300,0.2
"s2","s3",5.89069610933323,2,300,0.2
"s2","s3",5.53967807234098,2,300,0.2
"s2","s3",5.98109449980788,2,300,0.2
"s2","s3",5.69203042664504,2,300,0.2
"s2","s3",5.9001074895879,2,300,0.2
"s2","s3",5.92710316821994,2,300,0.2
"s2","s3",5.414490385687,2,300,0.2
"s2","s3",5.35632604545385,2,300,0.2
"s2","s3",5.62486262869646,2,300,0.2
"s2","s3",5.62976017935634,2,300,0.2
"s2","s3",6.26127040620466,2,300,0.2
"s2","s3",6.4393928210509,2,300,0.2
"s2","s3",6.53826810537497,2,300,0.2
"s2","s3",5.29000186954909,2,300,0.2
"s2","s3",5.90248556220457,2,300,0.2
"s2","s3",5.59861134519511,2,300,0.2
"s2","s3",5.3369317102254,2,300,0.2
"s2","s3",6.02309953276038,2,300,0.2
"s2","s3",6.01951669170145,2,300,0.2
"s2","s3",5.54233380318337,2,300,0.2
"s2","s3",6.11159824383071,2,300,0.2
"s2","s3",5.69656826261684,2,300,0.2
"s2","s3",5.6882810747926,2,300,0.2
"s2","s3",5.45499340939064,2,300,0.2
"s2","s3",5.89913075440705,2,300,0.2
"s2","s3",5.90454356514993,2,300,0.2
"s2","s3",5.75634963529831,2,300,0.2
"s2","s3",5.98224152297148,2,300,0.2
"s2","s3",5.40004332608211,2,300,0.2
"s2","s3",6.22460887435886,2,300,0.2
"s2","s3",6.4013415398037,2,300,0.2
"s2","s3",6.16288283707685,2,300,0.2
"s2","s3",5.19838872960163,2,300,0.2
"s2","s3",5.91577308958296,2,300,0.2
"s2","s3",5.95934813007207,2,300,0.2
"s2","s3",5.47656311340936,2,300,0.2
"s2","s3",5.73397013480457,2,300,0.2
"s2","s3",6.51380677602862,2,300,0.2
"s2","s3",5.62531925333374,2,300,0.2
"s2","s3",5.77965311065923,2,300,0.2
"s2","s3",5.57695076382518,2,300,0.2
"s2","s3",5.666971204335,2,300,0.2
"s2","s3",5.79032983047399,2,300,0.2
"s2","s3",5.87728179096412,2,300,0.2
"s2","s3",5.78248712102951,2,300,0.2
"s2","s3",5.81391732464626,2,300,0.2
"s2","s3",5.88941722457932,2,300,0.2
"s2","s3",5.85242796825952,2,300,0.2
"s2","s3",5.61338334618612,2,300,0.2
"s2","s3",5.68731417649099,2,300,0.2
"s2","s3",5.87164483214752,2,300,0.2
"s2","s3",5.83062301905395,2,300,0.2
"s2","s3",5.98071650420997,2,300,0.2
"s2","s3",5.83579229723748,2,300,0.2
"s2","s3",5.84144567179754,2,300,0.2
"s2","s3",6.00952171401678,2,300,0.2
"s2","s3",6.36367134916695,2,300,0.2
"s2","s3",6.01761438465246,2,300,0.2
"s2","s3",5.72439550257958,2,300,0.2
"s2","s3",5.86165021671304,2,300,0.2
"s2","s3",6.10109605125288,2,300,0.2
"s2","s3",5.92375130471001,2,300,0.2
"s2","s3",6.19909204268701,2,300,0.2
"s2","s3",5.46342093513557,2,300,0.2
"s2","s3",5.6616631387963,2,300,0.2
"s2","s3",6.08639536921663,2,300,0.2
"s2","s3",5.88374516618096,2,300,0.2
"s2","s3",5.64422670904791,2,300,0.2
"s2","s3",5.9676156602933,2,300,0.2
"s2","s3",5.66106910273858,2,300,0.2
"s2","s3",5.6812414763001,2,300,0.2
"s2","s3",5.98089697860447,2,300,0.2
"s2","s3",5.82507451559042,2,300,0.2
"s2","s3",5.56112210193676,2,300,0.2
"s2","s3",5.92723851193949,2,300,0.2
"s2","s3",5.56247168519474,2,300,0.2
"s2","s3",5.85892770972954,2,300,0.2
"s2","s3",5.73287325790717,2,300,0.2
"s2","s3",5.73236330313068,2,300,0.2
"s2","s3",6.0470349264108,2,300,0.2
"s2","s3",5.53657951532633,2,300,0.2
"s2","s3",5.73748388719747,2,300,0.2
"s2","s3",5.68000805395461,2,300,0.2
"s2","s3",5.59168296584278,2,300,0.2
"s2","s3",5.62669465069258,2,300,0.2
"s2","s3",5.90158441218201,2,300,0.2
"s2","s3",5.76592039580493,2,300,0.2
"s2","s3",5.64171961061135,2,300,0.2
"s2","s3",5.79164564321589,2,300,0.2
"s2","s3",5.98701078342721,2,300,0.2
"s2","s3",5.74051746195966,2,300,0.2
"s2","s3",5.81478725636426,2,300,0.2
"s2","s3",5.45668126273634,2,300,0.2
"s2","s3",6.28811432162985,2,300,0.2
"s2","s3",5.89635323021072,2,300,0.2
"s2","s3",5.87394471481488,2,300,0.2
"s2","s3",6.0582743329092,2,300,0.2
"s2","s3",5.61324039669207,2,300,0.2
"s2","s3",5.58682746732543,2,300,0.2
"s2","s3",6.02198261340402,2,300,0.2
"s2","s3",5.83122378671155,2,300,0.2
"s2","s3",6.06464072613341,2,300,0.2
"s2","s3",5.66477017723078,2,300,0.2
"s2","s3",5.65771733866239,2,300,0.2
"s2","s3",5.50134379677584,2,300,0.2
"s2","s3",5.67109966521652,2,300,0.2
"s2","s3",5.60880334718633,2,300,0.2
"s2","s3",5.64833470318935,2,300,0.2
"s2","s3",5.96971028370837,2,300,0.2
"s2","s3",5.98041889606026,2,300,0.2
"s2","s3",6.46974363150201,2,300,0.2
"s2","s3",5.42661046160146,2,300,0.2
"s2","s3",5.50386057073457,2,300,0.2
"s2","s3",5.81729401362094,2,300,0.2
"s2","s3",5.75362586925816,2,300,0.2
"s2","s3",5.85137093910436,2,300,0.2
"s2","s3",6.44054709709096,2,300,0.2
"s2","s3",5.83122378671155,2,300,0.2
"s2","s3",5.86256093656168,2,300,0.2
"s2","s3",5.73903763930602,2,300,0.2
"s2","s3",5.63857917160216,2,300,0.2
"s2","s3",5.81913554022989,2,300,0.2
"s2","s3",5.77186296282008,2,300,0.2
"s2","s3",6.05032567258255,2,300,0.2
"s2","s3",6.41115573943108,2,300,0.2
"s2","s3",6.19596848652554,2,300,0.2
"s2","s3",5.95695465516803,2,300,0.2
"s2","s3",5.88173523480108,2,300,0.2
"s2","s3",5.82882168275833,2,300,0.2
"s2","s3",5.72548906768634,2,300,0.2
"s2","s3",5.9879285500094,2,300,0.2
"s2","s3",5.45821918993213,2,300,0.2
"s2","s3",5.87355897502505,2,300,0.2
"s2","s3",5.72569164462949,2,300,0.2
"s2","s3",5.83438898422283,2,300,0.2
"s2","s3",5.54285125366917,2,300,0.2
"s2","s3",6.27518973389209,2,300,0.2
"s2","s3",5.7584251352243,2,300,0.2
"s2","s3",5.42950843408254,2,300,0.2
"s2","s3",5.96225617235934,2,300,0.2
"s2","s3",6.33879492956862,2,300,0.2
"s2","s3",5.76419551313814,2,300,0.2
"s2","s3",6.02226163409637,2,300,0.2
"s2","s3",5.98409875531349,2,300,0.2
"s2","s3",5.54167282708669,2,300,0.2
"s2","s3",6.03175830481933,2,300,0.2
"s2","s3",5.74225786641125,2,300,0.2
"s2","s3",6.08081564560891,2,300,0.2
"s2","s3",5.91703297925113,2,300,0.2
"s2","s3",5.78176120583225,2,300,0.2
"s2","s3",5.54671885809032,2,300,0.2
"s2","s3",5.95664322197455,2,300,0.2
"s2","s3",5.83110018845895,2,300,0.2
"s2","s3",6.21806254880789,2,300,0.2
"s2","s3",6.08299941424825,2,300,0.2
"s2","s3",6.09893732035627,2,300,0.2
"s2","s3",6.08937889814376,2,300,0.2
"s2","s3",5.60784591339018,2,300,0.2
"s2","s3",5.59161682087813,2,300,0.2
"s2","s3",6.04892083900771,2,300,0.2
"s2","s3",5.97437050154777,2,300,0.2
"s2","s3",5.6221181362928,2,300,0.2
"s2","s3",5.82576606199698,2,300,0.2
"s2","s3",5.89854289545068,2,300,0.2
"s2","s3",5.91882660812067,2,300,0.2
"s2","s3",5.80147056829378,2,300,0.2
"s2","s3",6.16828167335997,2,300,0.2
"s2","s3",5.544231877165,2,300,0.2
"s2","s3",5.95767336203225,2,300,0.2
"s2","s3",5.59407965904793,2,300,0.2
"s2","s3",6.01894841866752,2,300,0.2
"s2","s3",5.81306861926174,2,300,0.2
"s2","s3",5.52948349366165,2,300,0.2
"s2","s3",5.74188163074587,2,300,0.2
"s2","s3",5.5020408644137,2,300,0.2
"s2","s3",5.7958433558123,2,300,0.2
"s2","s3",6.57006273564254,2,300,0.2
"s2","s3",5.6633486252081,2,300,0.2
"s2","s3",5.85675442200094,2,300,0.2
"s2","s3",6.33563877958306,2,300,0.2
"s2","s3",6.07274276805198,2,300,0.2
"s2","s3",5.64329119726997,2,300,0.2
"s2","s3",6.1530269553302,2,300,0.2
"s2","s3",5.94492218053203,2,300,0.2
"s2","s3",5.84084054472833,2,300,0.2
"s2","s3",5.90725007436537,2,300,0.2
"s2","s3",5.85588922467329,2,300,0.2
"s2","s3",5.81088283239026,2,300,0.2
"s2","s3",5.56596409189302,2,300,0.2
"s2","s3",5.65015114615102,2,300,0.2
"s2","s3",5.40069943283505,2,300,0.2
"s2","s3",5.28379226851507,2,300,0.2
"s2","s3",5.84758962951551,2,300,0.2
"s2","s3",5.8689170758245,2,300,0.2
"s2","s3",5.66075132382242,2,300,0.2
"s2","s3",5.83822805242492,2,300,0.2
"s2","s3",5.87026535846425,2,300,0.2
"s2","s3",5.3804851553696,2,300,0.2
"s2","s3",5.91350702326282,2,300,0.2
"s2","s3",5.775959870731,2,300,0.2
"s2","s3",5.82723100103033,2,300,0.2
"s2","s3",5.80862975384918,2,300,0.2
"s2","s3",5.68403709128835,2,300,0.2
"s2","s3",6.52244749635149,2,300,0.2
"s2","s3",5.63305820392324,2,300,0.2
"s2","s4",5.45340678234365,2,300,0.2
"s2","s4",5.71071448846257,2,300,0.2
"s2","s4",5.54779382380579,2,300,0.2
"s2","s4",5.74071722677508,2,300,0.2
"s2","s4",6.11897014671968,2,300,0.2
"s2","s4",5.72004563418529,2,300,0.2
"s2","s4",5.80577543807434,2,300,0.2
"s2","s4",5.92501833577111,2,300,0.2
"s2","s4",5.85047855779897,2,300,0.2
"s2","s4",5.59648337600234,2,300,0.2
"s2","s4",6.01852662887518,2,300,0.2
"s2","s4",5.5113908855877,2,300,0.2
"s2","s4",5.85445599269399,2,300,0.2
"s2","s4",5.4544080665222,2,300,0.2
"s2","s4",5.3904126348821,2,300,0.2
"s2","s4",5.10793900207965,2,300,0.2
"s2","s4",6.13261397647168,2,300,0.2
"s2","s4",6.06990524209981,2,300,0.2
"s2","s4",5.57461019331443,2,300,0.2
"s2","s4",6.18349478736476,2,300,0.2
"s2","s4",5.9710445393993,2,300,0.2
"s2","s4",5.79247843365761,2,300,0.2
"s2","s4",5.91829537886473,2,300,0.2
"s2","s4",5.46639459094432,2,300,0.2
"s2","s4",5.82261022646479,2,300,0.2
"s2","s4",5.27107494938706,2,300,0.2
"s2","s4",5.61739773197913,2,300,0.2
"s2","s4",5.92249144138032,2,300,0.2
"s2","s4",6.13185997353901,2,300,0.2
"s2","s4",5.42984341293515,2,300,0.2
"s2","s4",5.82097276144182,2,300,0.2
"s2","s4",5.65082964160074,2,300,0.2
"s2","s4",6.04542313141798,2,300,0.2
"s2","s4",5.82617843290009,2,300,0.2
"s2","s4",5.51491262968408,2,300,0.2
"s2","s4",5.66073629494622,2,300,0.2
"s2","s4",5.49849270092044,2,300,0.2
"s2","s4",6.38387309299176,2,300,0.2
"s2","s4",5.71703151207834,2,300,0.2
"s2","s4",5.84240217883319,2,300,0.2
"s2","s4",5.36882108249638,2,300,0.2
"s2","s4",5.35406755432912,2,300,0.2
"s2","s4",5.49136516158185,2,300,0.2
"s2","s4",6.03181753395286,2,300,0.2
"s2","s4",5.48900027295788,2,300,0.2
"s2","s4",6.04561525974852,2,300,0.2
"s2","s4",5.77423624267732,2,300,0.2
"s2","s4",5.70673515461007,2,300,0.2
"s2","s4",5.94058113513606,2,300,0.2
"s2","s4",5.43543098853115,2,300,0.2
"s2","s4",5.78879206441082,2,300,0.2
"s2","s4",5.6793632096792,2,300,0.2
"s2","s4",5.69473672702449,2,300,0.2
"s2","s4",5.65626024767986,2,300,0.2
"s2","s4",5.39854104398957,2,300,0.2
"s2","s4",5.41264812905592,2,300,0.2
"s2","s4",5.70171629112574,2,300,0.2
"s2","s4",5.55719026098541,2,300,0.2
"s2","s4",5.90306549518924,2,300,0.2
"s2","s4",5.31484839839344,2,300,0.2
"s2","s4",6.1282682798039,2,300,0.2
"s2","s4",5.53304257737753,2,300,0.2
"s2","s4",5.48684318132175,2,300,0.2
"s2","s4",5.73256304107513,2,300,0.2
"s2","s4",5.74869958225955,2,300,0.2
"s2","s4",6.09752664896784,2,300,0.2
"s2","s4",6.08330070096265,2,300,0.2
"s2","s4",5.93578182282963,2,300,0.2
"s2","s4",5.85700180142464,2,300,0.2
"s2","s4",5.56748797802774,2,300,0.2
"s2","s4",5.76054777718571,2,300,0.2
"s2","s4",5.57733725800052,2,300,0.2
"s2","s4",5.42533675939573,2,300,0.2
"s2","s4",5.92780623700651,2,300,0.2
"s2","s4",5.67314508551694,2,300,0.2
"s2","s4",5.72891802342423,2,300,0.2
"s2","s4",5.54845117578622,2,300,0.2
"s2","s4",5.82590413755042,2,300,0.2
"s2","s4",5.95442239840035,2,300,0.2
"s2","s4",5.75806311710641,2,300,0.2
"s2","s4",5.61508730486223,2,300,0.2
"s2","s4",5.69634318071945,2,300,0.2
"s2","s4",5.84391873069092,2,300,0.2
"s2","s4",5.5964806679185,2,300,0.2
"s2","s4",5.78164488766397,2,300,0.2
"s2","s4",5.77120605704215,2,300,0.2
"s2","s4",5.74034535882434,2,300,0.2
"s2","s4",6.19671080591887,2,300,0.2
"s2","s4",5.54839005113035,2,300,0.2
"s2","s4",5.95348168662773,2,300,0.2
"s2","s4",4.94127575728652,2,300,0.2
"s2","s4",5.84538438649691,2,300,0.2
"s2","s4",5.63535444033202,2,300,0.2
"s2","s4",5.65517441873025,2,300,0.2
"s2","s4",5.76004416944136,2,300,0.2
"s2","s4",5.51546546161745,2,300,0.2
"s2","s4",5.54308732244039,2,300,0.2
"s2","s4",5.75621929393532,2,300,0.2
"s2","s4",5.4806946203415,2,300,0.2
"s2","s4",5.86619451319875,2,300,0.2
"s2","s4",5.53718382136137,2,300,0.2
"s2","s4",5.60991594355556,2,300,0.2
"s2","s4",5.77141132679012,2,300,0.2
"s2","s4",5.85646588317049,2,300,0.2
"s2","s4",6.21807610020963,2,300,0.2
"s2","s4",5.70589411032026,2,300,0.2
"s2","s4",6.017225845757,2,300,0.2
"s2","s4",5.71412821447801,2,300,0.2
"s2","s4",5.72248460364077,2,300,0.2
"s2","s4",6.04950830204945,2,300,0.2
"s2","s4",5.99084070153401,2,300,0.2
"s2","s4",6.34054122601812,2,300,0.2
"s2","s4",5.88951329967709,2,300,0.2
"s2","s4",5.6298540587021,2,300,0.2
"s2","s4",5.41320937363065,2,300,0.2
"s2","s4",5.9114438929109,2,300,0.2
"s2","s4",5.77100154221252,2,300,0.2
"s2","s4",6.51250897017116,2,300,0.2
"s2","s4",5.60536769154536,2,300,0.2
"s2","s4",5.71717477060869,2,300,0.2
"s2","s4",5.88742490450071,2,300,0.2
"s2","s4",5.69473672702449,2,300,0.2
"s2","s4",5.89621623676291,2,300,0.2
"s2","s4",5.89545586979473,2,300,0.2
"s2","s4",5.60397413316236,2,300,0.2
"s2","s4",6.0547846021004,2,300,0.2
"s2","s4",5.62931917692026,2,300,0.2
"s2","s4",5.9844963784586,2,300,0.2
"s2","s4",5.57407258538143,2,300,0.2
"s2","s4",5.5321612389514,2,300,0.2
"s2","s4",5.80838065766139,2,300,0.2
"s2","s4",5.84003567198427,2,300,0.2
"s2","s4",5.73936878196328,2,300,0.2
"s2","s4",5.9027559113875,2,300,0.2
"s2","s4",5.85005539842194,2,300,0.2
"s2","s4",5.93502367372959,2,300,0.2
"s2","s4",5.9995523227249,2,300,0.2
"s2","s4",6.28098840302183,2,300,0.2
"s2","s4",5.93836093093352,2,300,0.2
"s2","s4",6.21291875196337,2,300,0.2
"s2","s4",5.5786471971758,2,300,0.2
"s2","s4",5.61530994654435,2,300,0.2
"s2","s4",6.42735800622735,2,300,0.2
"s2","s4",6.31133643032338,2,300,0.2
"s2","s4",6.24473097138591,2,300,0.2
"s2","s4",5.86287366113459,2,300,0.2
"s2","s4",5.77423624267732,2,300,0.2
"s2","s4",5.50212045794463,2,300,0.2
"s2","s4",5.73767763028256,2,300,0.2
"s2","s4",5.97955244457975,2,300,0.2
"s2","s4",6.01939554641321,2,300,0.2
"s2","s4",5.62263888054399,2,300,0.2
"s2","s4",5.02864071004771,2,300,0.2
"s2","s4",6.07848992400827,2,300,0.2
"s2","s4",5.63513202360422,2,300,0.2
"s2","s4",5.64480219393815,2,300,0.2
"s2","s4",5.67940037963237,2,300,0.2
"s2","s4",5.78888607415433,2,300,0.2
"s2","s4",6.05137746127893,2,300,0.2
"s2","s4",5.52452861311611,2,300,0.2
"s2","s4",5.42661185224166,2,300,0.2
"s2","s4",5.67156448818486,2,300,0.2
"s2","s4",5.78999746970263,2,300,0.2
"s2","s4",5.60252408605535,2,300,0.2
"s2","s4",6.24947810262554,2,300,0.2
"s2","s4",6.31860730200893,2,300,0.2
"s2","s4",5.57955551943425,2,300,0.2
"s2","s4",5.43016726622849,2,300,0.2
"s2","s4",5.50523497774753,2,300,0.2
"s2","s4",5.59150947440048,2,300,0.2
"s2","s4",5.77205157031664,2,300,0.2
"s2","s4",5.59856823453364,2,300,0.2
"s2","s4",6.25522584929399,2,300,0.2
"s2","s4",5.73029489835714,2,300,0.2
"s2","s4",5.9136354436574,2,300,0.2
"s2","s4",5.55191901823976,2,300,0.2
"s2","s4",5.8335433384441,2,300,0.2
"s2","s4",5.72695730629606,2,300,0.2
"s2","s4",5.59459699635989,2,300,0.2
"s2","s4",5.58914005273277,2,300,0.2
"s2","s4",6.06062887805632,2,300,0.2
"s2","s4",6.02944862996318,2,300,0.2
"s2","s4",5.33774904027275,2,300,0.2
"s2","s4",5.43488871730827,2,300,0.2
"s2","s4",5.90096883265863,2,300,0.2
"s2","s4",5.81587962232135,2,300,0.2
"s2","s4",6.20496160839059,2,300,0.2
"s2","s4",5.80494543046387,2,300,0.2
"s2","s4",6.10637437785773,2,300,0.2
"s2","s4",5.56338758748492,2,300,0.2
"s2","s4",5.82799840534705,2,300,0.2
"s2","s4",5.4226621741185,2,300,0.2
"s2","s4",5.53381293165529,2,300,0.2
"s2","s4",5.81151895882911,2,300,0.2
"s2","s4",5.85737978060752,2,300,0.2
"s2","s4",6.0056298843709,2,300,0.2
"s2","s4",6.03321013325147,2,300,0.2
"s2","s4",5.5013065377069,2,300,0.2
"s2","s4",5.43071267351706,2,300,0.2
"s2","s4",5.52080131445166,2,300,0.2
"s2","s4",6.02176204103762,2,300,0.2
"s2","s4",6.00576547040365,2,300,0.2
"s2","s4",5.66157429416157,2,300,0.2
"s2","s4",5.68930918304899,2,300,0.2
"s2","s4",5.5484855023069,2,300,0.2
"s2","s4",5.6202432077481,2,300,0.2
"s2","s4",5.80434327508058,2,300,0.2
"s2","s4",6.01200078641979,2,300,0.2
"s2","s4",5.86721566893986,2,300,0.2
"s2","s4",5.78098102210852,2,300,0.2
"s2","s4",5.85143848600353,2,300,0.2
"s2","s4",5.82718724623752,2,300,0.2
"s2","s4",5.84258053614975,2,300,0.2
"s2","s4",5.64617928876589,2,300,0.2
"s2","s4",5.80576446030841,2,300,0.2
"s2","s4",5.35454813935361,2,300,0.2
"s2","s4",5.90790358916977,2,300,0.2
"s2","s4",5.81472440619713,2,300,0.2
"s2","s4",5.85349050969711,2,300,0.2
"s2","s4",6.24878086891003,2,300,0.2
"s2","s4",5.72056096219971,2,300,0.2
"s2","s4",5.85509200358385,2,300,0.2
"s2","s4",5.85949087288957,2,300,0.2
"s2","s4",5.97239873688187,2,300,0.2
"s2","s4",5.60161126300454,2,300,0.2
"s2","s4",5.33185958842273,2,300,0.2
"s2","s4",5.95658941174705,2,300,0.2
"s2","s4",5.95799705636792,2,300,0.2
"s2","s4",5.56672043779767,2,300,0.2
"s2","s4",5.54274790941357,2,300,0.2
"s2","s4",5.52584600569761,2,300,0.2
"s2","s4",5.29612871411725,2,300,0.2
"s2","s4",5.76054777718571,2,300,0.2
"s2","s4",6.10196319792161,2,300,0.2
"s2","s4",5.45421116364496,2,300,0.2
"s2","s4",5.78198472821408,2,300,0.2
"s2","s4",5.49416077579077,2,300,0.2
"s2","s4",5.84166084980284,2,300,0.2
"s2","s4",5.71732266291428,2,300,0.2
"s2","s4",6.02167089548995,2,300,0.2
"s2","s4",5.87776844935814,2,300,0.2
"s2","s4",6.01021579344762,2,300,0.2
"s2","s4",5.61508730486223,2,300,0.2
"s2","s4",5.42690561162608,2,300,0.2
"s2","s4",5.82002349733745,2,300,0.2
"s2","s4",5.70114837011194,2,300,0.2
"s2","s4",5.52591019490535,2,300,0.2
"s2","s4",5.44406376731806,2,300,0.2
"s2","s4",5.37135734965904,2,300,0.2
"s2","s4",5.85855638271575,2,300,0.2
"s2","s4",5.84951024408763,2,300,0.2
"s2","s4",6.1183622180334,2,300,0.2
"s2","s4",5.73723528442814,2,300,0.2
"s2","s4",5.47134269929771,2,300,0.2
"s2","s4",5.9844963784586,2,300,0.2
"s2","s4",5.41441802925844,2,300,0.2
"s2","s4",5.34041386685697,2,300,0.2
"s2","s4",6.31888753388524,2,300,0.2
"s2","s4",5.59182250420489,2,300,0.2
"s2","s4",6.01959206243774,2,300,0.2
"s2","s4",5.75920507865254,2,300,0.2
"s2","s4",5.96177949586614,2,300,0.2
"s2","s4",5.58864032892924,2,300,0.2
"s2","s4",5.4318983416884,2,300,0.2
"s2","s4",5.59566089916083,2,300,0.2
"s2","s4",6.25434112118415,2,300,0.2
"s2","s4",5.62036652342241,2,300,0.2
"s2","s4",5.50084397901347,2,300,0.2
"s2","s4",5.59386915907959,2,300,0.2
"s2","s4",5.76122303565046,2,300,0.2
"s2","s4",5.97018426815943,2,300,0.2
"s2","s4",5.70051008009008,2,300,0.2
"s2","s4",5.86666527802493,2,300,0.2
"s2","s4",5.85437186774664,2,300,0.2
"s2","s4",5.63374685776679,2,300,0.2
"s2","s4",6.02176204103762,2,300,0.2
"s2","s4",5.63652422359004,2,300,0.2
"s2","s4",5.90784003507073,2,300,0.2
"s2","s4",5.79452208690992,2,300,0.2
"s2","s4",5.55550115174566,2,300,0.2
"s2","s4",5.95721904599046,2,300,0.2
"s2","s4",5.65060108476861,2,300,0.2
"s2","s4",5.50523497774753,2,300,0.2
"s2","s4",5.75462751287803,2,300,0.2
"s2","s4",6.21309980630804,2,300,0.2
"s2","s4",5.95925255373996,2,300,0.2
"s2","s4",5.77408451832036,2,300,0.2
"s2","s4",5.85949087288957,2,300,0.2
"s2","s4",5.71071448846257,2,300,0.2
"s2","s4",5.8802612938304,2,300,0.2
"s2","s4",5.74282130286939,2,300,0.2
"s2","s4",5.36884281704424,2,300,0.2
"s2","s4",6.1347484358371,2,300,0.2
"s2","s4",5.61666867302301,2,300,0.2
"s2","s4",6.10811655240725,2,300,0.2
"s2","s4",5.95250371375027,2,300,0.2
"s2","s4",5.87104299477938,2,300,0.2
"s2","s4",5.23812602517683,2,300,0.2
"s2","s4",5.55095578323875,2,300,0.2
"s2","s4",6.24594099944486,2,300,0.2
"s2","s4",6.02959053877058,2,300,0.2
"s2","s4",5.9279992774849,2,300,0.2
"s2","s4",5.35863511959138,2,300,0.2
"s2","s4",5.74451395716257,2,300,0.2
"s2","s4",6.19545755593369,2,300,0.2
"s2","s4",6.10587888249783,2,300,0.2
"s2","s4",5.64819463932992,2,300,0.2
"s2","s4",6.17534309560114,2,300,0.2
"s2","s4",5.76199037059968,2,300,0.2
"s2","s4",5.67400088058368,2,300,0.2
"s2","s4",5.86814344141789,2,300,0.2
"s2","s4",5.73741932282543,2,300,0.2
"s2","s4",5.95725208448123,2,300,0.2
"s2","s4",6.36481854635196,2,300,0.2
"s2","s4",5.5964806679185,2,300,0.2
"s2","s4",5.34795716870088,2,300,0.2
"s2","s4",6.02962289228142,2,300,0.2
"s2","s4",5.86104837950801,2,300,0.2
"s2","s4",5.35220964545162,2,300,0.2
"s2","s4",6.29726920537519,2,300,0.2
"s2","s4",5.65799278430994,2,300,0.2
"s2","s4",5.63890435186169,2,300,0.2
"s2","s4",5.70993760223799,2,300,0.2
"s2","s4",6.08846990902823,2,300,0.2
"s2","s4",5.40255955557717,2,300,0.2
"s2","s4",5.54937305714967,2,300,0.2
"s2","s4",6.37093809054608,2,300,0.2
"s2","s4",5.8464571081845,2,300,0.2
"s2","s4",5.99759544686494,2,300,0.2
"s2","s4",5.97576369811127,2,300,0.2
"s2","s4",5.64586794653093,2,300,0.2
"s2","s4",5.22214907917069,2,300,0.2
"s2","s4",6.00614524709994,2,300,0.2
"s2","s4",6.07922941998069,2,300,0.2
"s2","s4",5.30860242213794,2,300,0.2
"s2","s4",5.30090453869407,2,300,0.2
"s2","s4",5.8242773024921,2,300,0.2
"s2","s4",5.74071722677508,2,300,0.2
"s2","s4",5.95616220627761,2,300,0.2
"s2","s4",5.81818309697519,2,300,0.2
"s2","s4",5.50419140865783,2,300,0.2
"s2","s4",5.51546546161745,2,300,0.2
"s2","s4",5.7020423714313,2,300,0.2
"s2","s4",5.70951995302315,2,300,0.2
"s2","s4",6.04770323632462,2,300,0.2
"s2","s4",6.06304218617932,2,300,0.2
"s2","s4",5.97404173574949,2,300,0.2
"s2","s4",5.85465209078096,2,300,0.2
"s2","s4",5.80934947803624,2,300,0.2
"s2","s4",5.58538354531486,2,300,0.2
"s2","s4",5.69234010842042,2,300,0.2
"s2","s4",5.53482788104151,2,300,0.2
"s2","s4",5.53705885739317,2,300,0.2
"s2","s4",5.5794459293747,2,300,0.2
"s2","s4",6.08743797658028,2,300,0.2
"s2","s4",5.73176779459199,2,300,0.2
"s2","s4",6.12480620045223,2,300,0.2
"s2","s4",5.33522087588757,2,300,0.2
"s2","s4",5.9471718186646,2,300,0.2
"s2","s4",5.84048984861496,2,300,0.2
"s2","s4",6.00398316040673,2,300,0.2
"s2","s4",5.86316757563764,2,300,0.2
"s2","s4",6.04784419261306,2,300,0.2
"s2","s4",5.77018200859906,2,300,0.2
"s2","s4",5.86287366113459,2,300,0.2
"s2","s4",5.96764849253135,2,300,0.2
"s2","s4",5.77881785477843,2,300,0.2
"s2","s4",5.82789319446073,2,300,0.2
"s2","s4",5.79465844289642,2,300,0.2
"s2","s4",5.67747866473619,2,300,0.2
"s2","s4",5.89577015361357,2,300,0.2
"s2","s4",5.85319234190271,2,300,0.2
"s2","s4",5.76365790131956,2,300,0.2
"s2","s4",5.87300628081007,2,300,0.2
"s2","s4",5.58707750114164,2,300,0.2
"s2","s4",5.73337264390685,2,300,0.2
"s2","s4",6.0033349056076,2,300,0.2
"s2","s4",5.57955786056845,2,300,0.2
"s2","s4",5.87604451199998,2,300,0.2
"s2","s4",6.04568866771177,2,300,0.2
"s2","s4",5.4862094360914,2,300,0.2
"s2","s4",5.75319543221495,2,300,0.2
"s2","s4",5.47847161453358,2,300,0.2
"s2","s4",5.61039583427919,2,300,0.2
"s2","s4",6.29254886271124,2,300,0.2
"s2","s4",6.23600663921025,2,300,0.2
"s2","s4",5.91281634468602,2,300,0.2
"s2","s4",5.57263958317967,2,300,0.2
"s2","s4",6.08991087395131,2,300,0.2
"s2","s4",5.78767531006739,2,300,0.2
"s2","s4",5.61665474622922,2,300,0.2
"s2","s4",5.58798269165953,2,300,0.2
"s2","s4",5.71861001241894,2,300,0.2
"s2","s4",5.93234989493045,2,300,0.2
"s2","s4",5.65585439028393,2,300,0.2
"s2","s4",6.52166619510393,2,300,0.2
"s2","s4",5.40362842284935,2,300,0.2
"s2","s4",5.55929799296799,2,300,0.2
"s2","s4",5.44242933843534,2,300,0.2
"s2","s4",5.79898189138498,2,300,0.2
"s2","s4",5.68655393678532,2,300,0.2
"s2","s4",5.6373737592147,2,300,0.2
"s2","s4",5.74496206345187,2,300,0.2
"s2","s4",5.64726944385268,2,300,0.2
"s2","s4",5.37924075839552,2,300,0.2
"s2","s4",5.91159392207901,2,300,0.2
"s2","s4",5.72780551029214,2,300,0.2
"s2","s4",5.9156380235502,2,300,0.2
"s2","s4",6.13137970066427,2,300,0.2
"s2","s4",6.01491073069306,2,300,0.2
"s2","s4",5.73855381332356,2,300,0.2
"s2","s4",5.17581929176036,2,300,0.2
"s2","s4",5.70673515461007,2,300,0.2
"s2","s4",5.61491704219358,2,300,0.2
"s2","s4",5.85437186774664,2,300,0.2
"s2","s4",5.98890113563864,2,300,0.2
"s2","s4",5.47178703087201,2,300,0.2
"s2","s4",5.69296642417959,2,300,0.2
"s2","s4",5.95884775969913,2,300,0.2
"s2","s4",5.26683986252078,2,300,0.2
"s2","s4",5.4458232574917,2,300,0.2
"s2","s4",5.47286564124769,2,300,0.2
"s2","s4",5.70663326468366,2,300,0.2
"s2","s4",6.04898745480233,2,300,0.2
"s2","s4",5.95268141150034,2,300,0.2
"s2","s4",5.81081549394843,2,300,0.2
"s2","s4",5.93445721606353,2,300,0.2
"s2","s4",5.698436227423,2,300,0.2
"s2","s4",5.82117360241128,2,300,0.2
"s2","s4",5.58100413447515,2,300,0.2
"s2","s4",5.77589754840011,2,300,0.2
"s2","s4",5.83094751627144,2,300,0.2
"s2","s4",5.74310770356641,2,300,0.2
"s2","s4",6.03837992378804,2,300,0.2
"s2","s4",6.04719173582413,2,300,0.2
"s2","s4",5.91232501142033,2,300,0.2
"s2","s4",5.54308732244039,2,300,0.2
"s2","s4",6.16020879889267,2,300,0.2
"s2","s4",5.77532363758466,2,300,0.2
"s2","s4",5.56069486911468,2,300,0.2
"s2","s4",6.17252986453726,2,300,0.2
"s2","s4",6.00141752073552,2,300,0.2
"s2","s4",5.84768362401051,2,300,0.2
"s2","s4",5.88265305989677,2,300,0.2
"s2","s4",5.58663854732788,2,300,0.2
"s2","s4",5.9055240406334,2,300,0.2
"s2","s4",6.02874695795951,2,300,0.2
"s2","s4",6.1701445181854,2,300,0.2
"s2","s4",5.70160916276075,2,300,0.2
"s2","s4",5.66016797483844,2,300,0.2
"s2","s4",5.85546467944655,2,300,0.2
"s2","s4",6.13793673742359,2,300,0.2
"s2","s4",5.71775089904298,2,300,0.2
"s2","s4",6.10839140080458,2,300,0.2
"s2","s4",5.77022740800427,2,300,0.2
"s2","s4",6.17836629605861,2,300,0.2
"s2","s4",5.97738239044252,2,300,0.2
"s2","s4",5.82843638911302,2,300,0.2
"s2","s4",5.45616407724618,2,300,0.2
"s2","s4",5.84787543186492,2,300,0.2
"s2","s4",5.65082070679716,2,300,0.2
"s2","s4",5.85381998180412,2,300,0.2
"s2","s4",5.56919273803477,2,300,0.2
"s2","s4",5.24383378535395,2,300,0.2
"s2","s4",5.57937373608154,2,300,0.2
"s2","s4",5.71891504857491,2,300,0.2
"s2","s4",6.06669869945731,2,300,0.2
"s2","s4",5.5923004629077,2,300,0.2
"s2","s4",5.87438975524213,2,300,0.2
"s2","s4",5.86100946951466,2,300,0.2
"s2","s4",5.64309561766314,2,300,0.2
"s2","s4",5.34135932923058,2,300,0.2
"s2","s4",6.29585953679475,2,300,0.2
"s2","s4",5.61138300450062,2,300,0.2
"s2","s4",5.71538006132393,2,300,0.2
"s2","s4",5.43640649224295,2,300,0.2
"s2","s4",5.76431800943652,2,300,0.2
"s2","s4",5.64766820431112,2,300,0.2
"s2","s4",5.84538438649691,2,300,0.2
"s2","s4",5.90669068435524,2,300,0.2
"s2","s4",5.9043693900281,2,300,0.2
"s2","s4",6.14241650903303,2,300,0.2
"s2","s4",6.10587888249783,2,300,0.2
"s2","s4",5.49344080451708,2,300,0.2
"s2","s4",6.37388337041112,2,300,0.2
"s2","s4",5.34925414030956,2,300,0.2
"s2","s4",6.24905621561275,2,300,0.2
"s2","s4",5.94059206297902,2,300,0.2
"s2","s4",5.94952944410014,2,300,0.2
"s2","s4",5.91635823119131,2,300,0.2
"s2","s4",5.62126459462581,2,300,0.2
"s2","s4",5.9890919206112,2,300,0.2
"s2","s4",5.52660976921972,2,300,0.2
"s2","s4",5.69329346955221,2,300,0.2
"s2","s4",5.38096518297061,2,300,0.2
"s2","s4",5.90396646211795,2,300,0.2
"s2","s4",5.42871883821325,2,300,0.2
"s2","s4",5.84343117908765,2,300,0.2
"s2","s4",5.55901173998799,2,300,0.2
"s2","s4",5.71669188967357,2,300,0.2
"s2","s4",5.43640649224295,2,300,0.2
"s2","s4",5.88932121784339,2,300,0.2
"s2","s4",5.57847127794223,2,300,0.2
"s2","s4",5.30401964388925,2,300,0.2
"s2","s4",5.49355239850161,2,300,0.2
"s2","s4",5.77050932721587,2,300,0.2
"s2","s4",6.05680027088499,2,300,0.2
"s2","s4",5.55759629716299,2,300,0.2
"s2","s4",5.38316124379777,2,300,0.2
"s2","s4",5.52931796229871,2,300,0.2
"s2","s4",6.11738070632418,2,300,0.2
"s2","s4",5.76815881762155,2,300,0.2
"s2","s4",5.74610568525482,2,300,0.2
"s2","s4",6.45219464438048,2,300,0.2
"s2","s4",5.80729382345557,2,300,0.2
"s2","s4",6.25401392857216,2,300,0.2
"s2","s4",5.74864254188584,2,300,0.2
"s2","s4",5.81818309697519,2,300,0.2
"s2","s4",5.86100946951466,2,300,0.2
"s2","s4",5.54992057126217,2,300,0.2
"s2","s4",5.55749977586396,2,300,0.2
"s2","s4",6.06522249115602,2,300,0.2
"s2","s4",5.53241822398778,2,300,0.2
"s2","s4",5.51490223286834,2,300,0.2
"s2","s4",5.94804919639601,2,300,0.2
"s2","s4",5.9289892800747,2,300,0.2
"s2","s4",5.5478318540094,2,300,0.2
"s2","s4",5.93810591839187,2,300,0.2
"s2","s4",5.75283994268629,2,300,0.2
"s2","s4",5.50097261784309,2,300,0.2
"s2","s4",5.55019463006704,2,300,0.2
"s2","s4",5.78854072297315,2,300,0.2
"s2","s4",5.87800974582323,2,300,0.2
"s2","s4",5.63008498653943,2,300,0.2
"s2","s4",5.91207750230704,2,300,0.2
"s2","s4",5.85949087288957,2,300,0.2
"s2","s4",6.08637049275796,2,300,0.2
"s2","s4",5.73937677200473,2,300,0.2
"s2","s4",5.43364834316003,2,300,0.2
"s2","s4",5.71694757641887,2,300,0.2
"s2","s4",5.85643216781023,2,300,0.2
"s2","s4",6.03878245498819,2,300,0.2
"s2","s4",6.03964038935931,2,300,0.2
"s2","s4",6.07830885276616,2,300,0.2
"s2","s4",5.93917132639156,2,300,0.2
"s2","s4",6.39851757459678,2,300,0.2
"s2","s4",6.04550102610429,2,300,0.2
"s2","s4",5.90483373008797,2,300,0.2
"s2","s4",5.93233313986437,2,300,0.2
"s2","s4",5.44297637455846,2,300,0.2
"s2","s4",5.72743611985234,2,300,0.2
"s2","s4",6.12361684899042,2,300,0.2
"s2","s4",5.68565887871704,2,300,0.2
"s2","s4",5.64983346918376,2,300,0.2
"s2","s4",5.50081329514752,2,300,0.2
"s2","s4",5.33149186110505,2,300,0.2
"s2","s4",5.71163576840249,2,300,0.2
"s2","s4",6.0098378107525,2,300,0.2
"s2","s4",5.6062141156371,2,300,0.2
"s2","s4",5.68809002397477,2,300,0.2
"s2","s4",5.4806946203415,2,300,0.2
"s2","s4",5.71922802234079,2,300,0.2
"s2","s4",6.01801275460232,2,300,0.2
"s2","s4",5.61632791975103,2,300,0.2
"s2","s4",6.06316703424102,2,300,0.2
"s2","s4",5.95820826161183,2,300,0.2
"s2","s4",5.44302779071398,2,300,0.2
"s2","s4",5.55408139179526,2,300,0.2
"s2","s4",5.94817965776144,2,300,0.2
"s2","s4",5.56759740934099,2,300,0.2
"s2","s4",5.72689737474104,2,300,0.2
"s2","s4",5.53759667157918,2,300,0.2
"s2","s4",5.7776782219092,2,300,0.2
"s2","s4",5.55095578323875,2,300,0.2
"s2","s4",5.94216774149305,2,300,0.2
"s2","s4",6.04053729024943,2,300,0.2
"s2","s4",5.97555903934004,2,300,0.2
"s2","s4",6.02176204103762,2,300,0.2
"s2","s4",5.98458051272561,2,300,0.2
"s2","s4",6.01914077297123,2,300,0.2
"s2","s4",5.59585256411732,2,300,0.2
"s2","s4",5.34542301973801,2,300,0.2
"s2","s4",5.49712026347554,2,300,0.2
"s2","s4",6.03181753395286,2,300,0.2
"s2","s4",5.78269590768606,2,300,0.2
"s2","s4",5.85446782220799,2,300,0.2
"s2","s4",5.33482981513629,2,300,0.2
"s2","s4",5.52800667294308,2,300,0.2
"s2","s4",5.39227755710705,2,300,0.2
"s2","s4",5.52931796229871,2,300,0.2
"s2","s4",5.62342140249046,2,300,0.2
"s2","s4",5.50136290107991,2,300,0.2
"s2","s4",5.82504673350641,2,300,0.2
"s2","s4",5.79264889613238,2,300,0.2
"s2","s4",5.6937724098041,2,300,0.2
"s2","s4",6.07260489566464,2,300,0.2
"s2","s4",5.85143848600353,2,300,0.2
"s2","s4",6.15663342646796,2,300,0.2
"s2","s4",5.83315299707573,2,300,0.2
"s2","s4",5.945439514558,2,300,0.2
"s2","s4",6.2063462447482,2,300,0.2
"s2","s4",5.99977703271476,2,300,0.2
"s2","s4",5.88053353604835,2,300,0.2
"s2","s4",5.39398269038151,2,300,0.2
"s2","s4",6.18672881213844,2,300,0.2
"s2","s4",5.42442964558768,2,300,0.2
"s2","s4",5.85955375500217,2,300,0.2
"s2","s4",5.4959068196128,2,300,0.2
"s2","s4",5.47400322317921,2,300,0.2
"s2","s4",5.76621976973406,2,300,0.2
"s2","s4",5.78631590087977,2,300,0.2
"s2","s4",5.18910630415786,2,300,0.2
"s2","s4",5.89320963537914,2,300,0.2
"s2","s4",6.08637049275796,2,300,0.2
"s2","s4",5.9768234203751,2,300,0.2
"s2","s4",5.65099681558326,2,300,0.2
"s2","s4",5.52810529991454,2,300,0.2
"s2","s4",5.56633663488793,2,300,0.2
"s2","s4",5.72438273982051,2,300,0.2
"s2","s4",6.04635609840631,2,300,0.2
"s2","s4",5.62503583814208,2,300,0.2
"s2","s4",5.52364881638497,2,300,0.2
"s2","s4",5.70335581008797,2,300,0.2
"s2","s4",5.77072655165826,2,300,0.2
"s2","s4",5.5879069513818,2,300,0.2
"s2","s4",5.84861695042295,2,300,0.2
"s2","s4",5.71815092348027,2,300,0.2
"s2","s4",5.53972193952156,2,300,0.2
"s2","s4",5.30530352262699,2,300,0.2
"s2","s4",5.51490223286834,2,300,0.2
"s2","s4",5.61943561260582,2,300,0.2
"s2","s4",5.980281897007,2,300,0.2
"s2","s4",5.9396829379459,2,300,0.2
"s2","s4",5.95454656274866,2,300,0.2
"s2","s4",5.99286994414111,2,300,0.2
"s2","s4",5.95799705636792,2,300,0.2
"s2","s4",5.66437540992089,2,300,0.2
"s2","s4",5.65137098524949,2,300,0.2
"s2","s4",5.96259736412296,2,300,0.2
"s2","s4",5.47762057691621,2,300,0.2
"s2","s4",6.07990342354763,2,300,0.2
"s2","s4",5.48730199412284,2,300,0.2
"s2","s4",5.67794506223078,2,300,0.2
"s2","s4",5.54748474051277,2,300,0.2
"s2","s4",5.83535422040341,2,300,0.2
"s2","s4",5.90306549518924,2,300,0.2
"s2","s4",5.9020173423136,2,300,0.2
"s2","s4",6.13185997353901,2,300,0.2
"s2","s4",5.63538547326223,2,300,0.2
"s2","s4",5.9105810320918,2,300,0.2
"s2","s4",5.54839005113035,2,300,0.2
"s2","s4",5.82701827181589,2,300,0.2
"s2","s4",6.21599044795434,2,300,0.2
"s2","s4",5.57350045334685,2,300,0.2
"s2","s4",6.12913220601628,2,300,0.2
"s2","s4",5.64483549619305,2,300,0.2
"s2","s4",5.4703090180608,2,300,0.2
"s2","s4",5.42699218984231,2,300,0.2
"s2","s4",6.15405792589252,2,300,0.2
"s2","s4",5.54748474051277,2,300,0.2
"s2","s4",6.15437512980182,2,300,0.2
"s2","s4",5.58454962051614,2,300,0.2
"s2","s4",5.69918053766313,2,300,0.2
"s2","s4",6.04367713934404,2,300,0.2
"s2","s4",5.54684073048296,2,300,0.2
"s2","s4",5.89950904181609,2,300,0.2
"s2","s4",5.71127009415125,2,300,0.2
"s2","s4",5.92012808488292,2,300,0.2
"s2","s4",5.87131360509264,2,300,0.2
"s2","s4",6.06786953956596,2,300,0.2
"s2","s4",5.6083756013034,2,300,0.2
"s2","s4",5.48563115432347,2,300,0.2
"s2","s4",5.37206970675205,2,300,0.2
"s2","s4",5.85847241301702,2,300,0.2
"s2","s4",5.66567533162638,2,300,0.2
"s2","s4",5.71035542869811,2,300,0.2
"s2","s4",6.03022022816992,2,300,0.2
"s2","s4",5.62862692607465,2,300,0.2
"s2","s4",5.26370486078595,2,300,0.2
"s2","s4",5.38264111443403,2,300,0.2
"s2","s4",5.92207315846099,2,300,0.2
"s2","s4",5.15564738995478,2,300,0.2
"s2","s4",5.82715589341674,2,300,0.2
"s2","s4",5.63837733384898,2,300,0.2
"s2","s4",5.83862152554867,2,300,0.2
"s2","s4",5.81281548445434,2,300,0.2
"s2","s4",5.32563355744168,2,300,0.2
"s2","s4",5.63073267192929,2,300,0.2
"s2","s4",5.75742996183089,2,300,0.2
"s2","s4",5.90424721360235,2,300,0.2
"s2","s4",5.63422644970518,2,300,0.2
"s2","s4",5.63165587860582,2,300,0.2
"s2","s4",6.09731478253769,2,300,0.2
"s2","s4",5.60509037638295,2,300,0.2
"s2","s4",5.66885715774266,2,300,0.2
"s2","s4",5.70878497559033,2,300,0.2
"s2","s4",5.83613916061677,2,300,0.2
"s2","s4",5.46001080173721,2,300,0.2
"s2","s4",5.33897796128718,2,300,0.2
"s2","s4",6.04825428948203,2,300,0.2
"s2","s4",6.20637408437415,2,300,0.2
"s2","s4",5.47709344395581,2,300,0.2
"s2","s4",5.97239873688187,2,300,0.2
"s2","s4",5.91708931495222,2,300,0.2
"s2","s4",5.60252408605535,2,300,0.2
"s2","s4",5.56648020455162,2,300,0.2
"s2","s4",5.69826197301298,2,300,0.2
"s2","s4",5.74309199769915,2,300,0.2
"s2","s4",5.91153321135593,2,300,0.2
"s2","s4",5.96640398168631,2,300,0.2
"s2","s4",5.69083250572793,2,300,0.2
"s2","s4",6.22562775848994,2,300,0.2
"s2","s4",6.02876921599618,2,300,0.2
"s2","s4",5.70044299069925,2,300,0.2
"s2","s4",5.52311319429906,2,300,0.2
"s2","s4",5.94118885573675,2,300,0.2
"s2","s4",5.50908230637813,2,300,0.2
"s2","s4",5.89985533894193,2,300,0.2
"s2","s4",5.62582039983565,2,300,0.2
"s2","s4",5.6537989918366,2,300,0.2
"s2","s4",5.82908969707645,2,300,0.2
"s2","s4",6.05822078071671,2,300,0.2
"s2","s4",5.67841716929129,2,300,0.2
"s2","s4",6.14601509481282,2,300,0.2
"s2","s4",5.75507087900257,2,300,0.2
"s2","s4",5.85949087288957,2,300,0.2
"s2","s4",6.12566429919801,2,300,0.2
"s2","s4",5.80439113866171,2,300,0.2
"s2","s4",5.71399467688441,2,300,0.2
"s2","s4",6.47925818298384,2,300,0.2
"s2","s4",5.61522871686765,2,300,0.2
"s2","s4",5.88225214920044,2,300,0.2
"s2","s4",5.92225883172691,2,300,0.2
"s2","s4",5.70503736221296,2,300,0.2
"s2","s4",5.18257693818311,2,300,0.2
"s2","s4",5.89979013776852,2,300,0.2
"s2","s4",5.83113442393707,2,300,0.2
"s2","s4",5.06274879019178,2,300,0.2
"s2","s4",5.81723422632331,2,300,0.2
"s2","s4",5.68817044353602,2,300,0.2
"s2","s4",5.71227226284744,2,300,0.2
"s2","s4",5.43543098853115,2,300,0.2
"s2","s4",5.24527182765581,2,300,0.2
"s2","s4",5.90921817805948,2,300,0.2
"s2","s4",5.76057154061984,2,300,0.2
"s2","s4",5.99207313324025,2,300,0.2
"s2","s4",6.04075655764296,2,300,0.2
"s2","s4",6.22066493904012,2,300,0.2
"s2","s4",5.05869711222346,2,300,0.2
"s2","s4",6.16310552662476,2,300,0.2
"s2","s4",5.90792897676228,2,300,0.2
"s2","s4",5.54137838040873,2,300,0.2
"s2","s4",5.69329979091344,2,300,0.2
"s2","s4",5.67696913417535,2,300,0.2
"s2","s4",5.70681337153069,2,300,0.2
"s2","s4",5.4692937940599,2,300,0.2
"s2","s4",5.67572233401893,2,300,0.2
"s2","s4",5.9020173423136,2,300,0.2
"s2","s4",5.40744815242672,2,300,0.2
"s2","s4",5.77234033642973,2,300,0.2
"s2","s4",5.68586657606724,2,300,0.2
"s2","s4",5.40915009506081,2,300,0.2
"s2","s4",5.60158408313674,2,300,0.2
"s2","s4",5.98541074255391,2,300,0.2
"s2","s4",6.0206574960003,2,300,0.2
"s2","s4",5.53084192052642,2,300,0.2
"s2","s4",6.37982823403343,2,300,0.2
"s2","s4",5.63382350442845,2,300,0.2
"s2","s4",5.60991902619988,2,300,0.2
"s2","s4",5.57996765315348,2,300,0.2
"s2","s4",5.75404811631836,2,300,0.2
"s2","s4",5.68886351098429,2,300,0.2
"s2","s4",5.81120226551582,2,300,0.2
"s2","s4",5.95756876352453,2,300,0.2
"s2","s4",5.69799811166303,2,300,0.2
"s2","s4",5.64586794653093,2,300,0.2
"s2","s4",5.99938499661661,2,300,0.2
"s2","s4",5.64211584429719,2,300,0.2
"s2","s4",6.13143317105252,2,300,0.2
"s2","s4",5.53645595972091,2,300,0.2
"s2","s4",5.72004563418529,2,300,0.2
"s2","s4",5.90838152631932,2,300,0.2
"s2","s4",5.4392036815448,2,300,0.2
"s2","s4",5.83178963457698,2,300,0.2
"s2","s4",5.63837733384898,2,300,0.2
"s2","s4",6.01474818707817,2,300,0.2
"s2","s4",5.90673142785377,2,300,0.2
"s2","s4",5.98801537685581,2,300,0.2
"s2","s4",6.00689984290523,2,300,0.2
"s2","s4",5.32127242906122,2,300,0.2
"s2","s4",5.42984341293515,2,300,0.2
"s2","s4",5.65130082639594,2,300,0.2
"s2","s4",5.42876604234873,2,300,0.2
"s2","s4",5.43611806409264,2,300,0.2
"s2","s4",5.71576264538787,2,300,0.2
"s2","s4",5.99626076184448,2,300,0.2
"s2","s4",5.50030634062071,2,300,0.2
"s2","s4",5.6706446418669,2,300,0.2
"s2","s4",6.0931478949647,2,300,0.2
"s2","s4",6.1423341312844,2,300,0.2
"s2","s4",5.24115395753499,2,300,0.2
"s2","s4",5.52818466094402,2,300,0.2
"s2","s4",5.4730429666771,2,300,0.2
"s2","s4",5.63841823000158,2,300,0.2
"s2","s4",5.91279521742822,2,300,0.2
"s2","s4",5.99938499661661,2,300,0.2
"s2","s4",5.92225883172691,2,300,0.2
"s2","s4",5.97035032804424,2,300,0.2
"s2","s4",5.5884545195537,2,300,0.2
"s2","s4",6.10915412332224,2,300,0.2
"s2","s4",5.698068976759,2,300,0.2
"s2","s4",5.60161126300454,2,300,0.2
"s2","s4",6.1306600539444,2,300,0.2
"s2","s4",5.98345384403459,2,300,0.2
"s2","s4",6.0224172668932,2,300,0.2
"s2","s4",5.59299015427829,2,300,0.2
"s2","s4",5.93064436724526,2,300,0.2
"s2","s4",5.88358336869892,2,300,0.2
"s2","s4",5.60161126300454,2,300,0.2
"s2","s4",5.30237424663538,2,300,0.2
"s2","s4",5.66867847966707,2,300,0.2
"s2","s4",5.60161126300454,2,300,0.2
"s2","s4",5.98294202488219,2,300,0.2
"s2","s4",5.51215896281838,2,300,0.2
"s2","s4",5.49763854144445,2,300,0.2
"s2","s4",5.75250228642365,2,300,0.2
"s2","s4",5.12176441144311,2,300,0.2
"s2","s4",6.13697818973358,2,300,0.2
"s2","s4",6.00323081646391,2,300,0.2
"s2","s4",5.87527771315754,2,300,0.2
"s2","s4",6.10915412332224,2,300,0.2
"s2","s4",6.18431325905589,2,300,0.2
"s2","s4",6.06870689179841,2,300,0.2
"s2","s4",5.50218017945264,2,300,0.2
"s2","s4",5.44813492498987,2,300,0.2
"s2","s4",5.68471054424725,2,300,0.2
"s2","s4",5.66378863950846,2,300,0.2
"s2","s4",5.63976591277859,2,300,0.2
"s2","s4",5.42177860076078,2,300,0.2
"s2","s4",5.58100413447515,2,300,0.2
"s2","s4",5.62646023661581,2,300,0.2
"s2","s4",5.50884766586577,2,300,0.2
"s2","s4",5.61419310003821,2,300,0.2
"s2","s4",5.75920507865254,2,300,0.2
"s2","s4",5.55775859135886,2,300,0.2
"s2","s4",5.93817467426079,2,300,0.2
"s2","s4",5.72320056545132,2,300,0.2
"s2","s4",6.10915412332224,2,300,0.2
"s2","s4",5.73937677200473,2,300,0.2
"s2","s4",5.55787494025833,2,300,0.2
"s2","s4",5.96170899411524,2,300,0.2
"s2","s4",5.15265254548905,2,300,0.2
"s2","s4",5.70219126009886,2,300,0.2
"s2","s4",6.22237684030202,2,300,0.2
"s2","s4",5.86307807545725,2,300,0.2
"s2","s4",5.9309824863736,2,300,0.2
"s2","s4",5.60809440796291,2,300,0.2
"s2","s4",5.41819376292376,2,300,0.2
"s2","s4",5.58929796619895,2,300,0.2
"s2","s4",6.01856261564619,2,300,0.2
"s2","s4",5.66157429416157,2,300,0.2
"s2","s4",5.66676588253103,2,300,0.2
"s2","s4",5.81022243320388,2,300,0.2
"s2","s4",5.80838065766139,2,300,0.2
"s2","s4",5.27385818769221,2,300,0.2
"s2","s4",6.05007032727267,2,300,0.2
"s2","s4",5.76532453784976,2,300,0.2
"s2","s4",5.79746579941934,2,300,0.2
"s2","s4",5.43543098853115,2,300,0.2
"s2","s4",6.18239348453488,2,300,0.2
"s2","s4",6.27713361060734,2,300,0.2
"s2","s4",5.85591785148191,2,300,0.2
"s2","s4",6.34165583549473,2,300,0.2
"s2","s4",5.58717705385892,2,300,0.2
"s2","s4",5.90771299426154,2,300,0.2
"s2","s4",5.98662297143567,2,300,0.2
"s2","s4",5.86027491002736,2,300,0.2
"s2","s4",5.45188042456944,2,300,0.2
"s2","s4",5.82729103617675,2,300,0.2
"s2","s4",5.65694839978462,2,300,0.2
"s2","s4",6.08066486980108,2,300,0.2
"s2","s4",5.78773877060908,2,300,0.2
"s2","s4",5.33660280779773,2,300,0.2
"s2","s4",5.47985582720665,2,300,0.2
"s2","s4",6.11530008971792,2,300,0.2
"s2","s4",6.04075655764296,2,300,0.2
"s2","s4",5.52140633175964,2,300,0.2
"s2","s4",5.65986629577778,2,300,0.2
"s2","s4",5.90097298468382,2,300,0.2
"s2","s4",6.17828766371564,2,300,0.2
"s2","s4",6.00834432572981,2,300,0.2
"s2","s4",5.571281884984,2,300,0.2
"s2","s4",5.61364699745839,2,300,0.2
"s2","s4",5.91829537886473,2,300,0.2
"s2","s4",5.74358958028426,2,300,0.2
"s2","s4",5.84237304193255,2,300,0.2
"s2","s4",5.47855928205809,2,300,0.2
"s2","s4",5.52604614155903,2,300,0.2
"s2","s4",5.90452544707655,2,300,0.2
"s2","s4",5.5879069513818,2,300,0.2
"s2","s4",5.5568165433105,2,300,0.2
"s2","s4",5.44036433304295,2,300,0.2
"s2","s4",5.39117471665045,2,300,0.2
"s2","s4",5.60161126300454,2,300,0.2
"s2","s4",6.32181089142058,2,300,0.2
"s2","s4",5.62252013929177,2,300,0.2
"s2","s4",5.59554771884336,2,300,0.2
"s2","s4",6.10430839819742,2,300,0.2
"s2","s4",5.38342407577254,2,300,0.2
"s2","s4",6.21779224761177,2,300,0.2
"s2","s4",5.79898189138498,2,300,0.2
"s2","s4",6.01108179492738,2,300,0.2
"s2","s4",5.4458232574917,2,300,0.2
"s2","s4",5.91680263960447,2,300,0.2
"s2","s4",5.78648465186859,2,300,0.2
"s2","s4",6.23318981479173,2,300,0.2
"s2","s4",5.90355183833654,2,300,0.2
"s2","s4",5.76379666666932,2,300,0.2
"s2","s4",5.70983665512369,2,300,0.2
"s2","s4",5.46374475159831,2,300,0.2
"s2","s4",5.90664994085671,2,300,0.2
"s2","s4",5.94945864448881,2,300,0.2
"s2","s4",5.86756049630489,2,300,0.2
"s2","s4",5.69226911976095,2,300,0.2
"s2","s4",6.38403204989123,2,300,0.2
"s2","s4",5.41460014023075,2,300,0.2
"s2","s4",5.76004416944136,2,300,0.2
"s2","s4",5.42846348953756,2,300,0.2
"s2","s4",6.11348282491905,2,300,0.2
"s2","s4",5.63159581642297,2,300,0.2
"s2","s4",5.85643216781023,2,300,0.2
"s2","s4",5.57389367088329,2,300,0.2
"s2","s4",6.26443010413578,2,300,0.2
"s2","s4",5.7697275388493,2,300,0.2
"s2","s4",5.52679256696669,2,300,0.2
"s2","s4",6.03020720010322,2,300,0.2
"s2","s4",5.7959745275902,2,300,0.2
"s2","s4",5.9392455942399,2,300,0.2
"s2","s4",6.38387309299176,2,300,0.2
"s2","s4",6.36358105518687,2,300,0.2
"s2","s4",5.76745631375833,2,300,0.2
"s2","s4",5.50243062453578,2,300,0.2
"s2","s4",5.9904887954533,2,300,0.2
"s2","s4",6.01491073069306,2,300,0.2
"s2","s4",5.22765139999174,2,300,0.2
"s2","s4",5.62448778731722,2,300,0.2
"s2","s4",5.57942460847933,2,300,0.2
"s2","s4",5.82832001716254,2,300,0.2
"s2","s4",5.70673515461007,2,300,0.2
"s2","s4",5.5252864564732,2,300,0.2
"s2","s4",5.67200816655762,2,300,0.2
"s2","s4",6.07442243435576,2,300,0.2
"s2","s4",5.66151048695701,2,300,0.2
"s2","s4",5.81357387981359,2,300,0.2
"s2","s4",5.30219013944349,2,300,0.2
"s2","s4",5.8082979705495,2,300,0.2
"s2","s4",5.50765140344737,2,300,0.2
"s2","s4",5.69587937728267,2,300,0.2
"s2","s4",6.1761243732103,2,300,0.2
"s2","s4",5.9822670644993,2,300,0.2
"s2","s4",5.85855638271575,2,300,0.2
"s2","s4",5.86283016792844,2,300,0.2
"s2","s4",5.72711560868726,2,300,0.2
"s2","s4",5.84258053614975,2,300,0.2
"s2","s4",6.17350037566828,2,300,0.2
"s2","s4",6.05153982418528,2,300,0.2
"s2","s4",5.5172112865642,2,300,0.2
"s2","s4",6.04950830204945,2,300,0.2
"s2","s4",5.83792800272198,2,300,0.2
"s2","s4",5.36590279385243,2,300,0.2
"s2","s4",5.81550612965195,2,300,0.2
"s2","s4",5.87438975524213,2,300,0.2
"s2","s4",5.63640135670227,2,300,0.2
"s2","s4",5.57554699526139,2,300,0.2
"s2","s4",5.61311530379382,2,300,0.2
"s2","s4",6.61536675958185,2,300,0.2
"s2","s4",6.1124677993034,2,300,0.2
"s2","s4",6.19671080591887,2,300,0.2
"s2","s4",5.85643216781023,2,300,0.2
"s2","s4",5.85643216781023,2,300,0.2
"s2","s4",5.74432936636786,2,300,0.2
"s2","s4",5.1579869199232,2,300,0.2
"s2","s4",6.06070550432298,2,300,0.2
"s2","s4",5.39117471665045,2,300,0.2
"s2","s4",5.26305941186442,2,300,0.2
"s2","s4",6.18347507475923,2,300,0.2
"s2","s4",5.8169253264233,2,300,0.2
"s2","s4",5.87211714511085,2,300,0.2
"s2","s4",6.15437512980182,2,300,0.2
"s2","s4",6.32295228774478,2,300,0.2
"s2","s4",5.79252115856971,2,300,0.2
"s2","s4",5.99481315964959,2,300,0.2
"s2","s4",5.38525987482655,2,300,0.2
"s2","s4",5.34749602626266,2,300,0.2
"s2","s4",5.27303059108365,2,300,0.2
"s2","s4",5.60526049947848,2,300,0.2
"s2","s4",5.75710396436955,2,300,0.2
"s2","s4",6.13567885268588,2,300,0.2
"s2","s4",6.37681606539692,2,300,0.2
"s2","s5",7.09099847902091,2,300,0.2
"s2","s5",7.00876334662082,2,300,0.2
"s2","s5",6.88057168323823,2,300,0.2
"s2","s5",7.07633602741612,2,300,0.2
"s2","s5",7.1838660236286,2,300,0.2
"s2","s5",7.59725099443008,2,300,0.2
"s2","s5",7.00876334662082,2,300,0.2
"s2","s5",7.24838516708901,2,300,0.2
"s2","s5",6.79794057082205,2,300,0.2
"s2","s5",7.64808683432145,2,300,0.2
"s2","s5",7.08811558010348,2,300,0.2
"s2","s5",6.78623859190461,2,300,0.2
"s2","s5",7.03914579520195,2,300,0.2
"s2","s5",7.30349331169408,2,300,0.2
"s2","s5",7.15989538472654,2,300,0.2
"s2","s5",7.08052790293074,2,300,0.2
"s2","s5",6.89153166561614,2,300,0.2
"s2","s5",7.69645076293189,2,300,0.2
"s2","s5",7.02923213423491,2,300,0.2
"s2","s5",7.23042921133738,2,300,0.2
"s2","s5",7.1084979449406,2,300,0.2
"s2","s5",7.19430647459154,2,300,0.2
"s2","s5",7.11401458346636,2,300,0.2
"s2","s5",7.19565127686013,2,300,0.2
"s2","s5",7.85732977845177,2,300,0.2
"s2","s5",7.64002199582939,2,300,0.2
"s2","s5",7.20520472368322,2,300,0.2
"s2","s5",7.54941500596516,2,300,0.2
"s2","s5",6.72973284260464,2,300,0.2
"s2","s5",6.89596756779645,2,300,0.2
"s2","s5",7.20065643378703,2,300,0.2
"s2","s5",7.01068357260927,2,300,0.2
"s2","s5",7.54941500596516,2,300,0.2
"s2","s5",6.94227055735925,2,300,0.2
"s2","s5",6.93139652323366,2,300,0.2
"s2","s5",7.11098503418961,2,300,0.2
"s2","s5",7.66330226910793,2,300,0.2
"s2","s5",7.35159966028559,2,300,0.2
"s2","s5",7.53385826441695,2,300,0.2
"s2","s5",7.47824985660097,2,300,0.2
"s2","s5",6.7285617195792,2,300,0.2
"s2","s5",7.40875459588673,2,300,0.2
"s2","s5",6.99470701885595,2,300,0.2
"s2","s5",6.81820972563999,2,300,0.2
"s2","s5",7.14983740235028,2,300,0.2
"s2","s5",7.06130519116752,2,300,0.2
"s2","s5",7.01994693742733,2,300,0.2
"s2","s5",7.56436706339338,2,300,0.2
"s2","s5",6.87876647112909,2,300,0.2
"s2","s5",7.82621031765126,2,300,0.2
"s2","s5",7.05995608996292,2,300,0.2
"s2","s5",7.67521952287727,2,300,0.2
"s2","s5",7.19064030402198,2,300,0.2
"s2","s5",7.03620088874845,2,300,0.2
"s2","s5",7.25927966205799,2,300,0.2
"s2","s5",7.59650873585301,2,300,0.2
"s2","s5",6.74449310215583,2,300,0.2
"s2","s5",7.09590160928862,2,300,0.2
"s2","s5",7.3915576744219,2,300,0.2
"s2","s5",7.17572866985553,2,300,0.2
"s2","s5",7.11779041737211,2,300,0.2
"s2","s5",6.9165908931163,2,300,0.2
"s2","s5",7.2044465881533,2,300,0.2
"s2","s5",7.04472474497152,2,300,0.2
"s2","s5",7.00400892777401,2,300,0.2
"s2","s5",7.0776914049871,2,300,0.2
"s2","s5",7.51266492002031,2,300,0.2
"s2","s5",7.01174009708523,2,300,0.2
"s2","s5",6.81447099054396,2,300,0.2
"s2","s5",7.27567674088925,2,300,0.2
"s2","s5",7.40551385341663,2,300,0.2
"s2","s5",6.80843563601731,2,300,0.2
"s2","s5",7.14689783026438,2,300,0.2
"s2","s5",7.51327800286671,2,300,0.2
"s2","s5",7.08775251873075,2,300,0.2
"s2","s5",6.75972487034608,2,300,0.2
"s2","s5",7.45505663999813,2,300,0.2
"s2","s5",7.15219868488178,2,300,0.2
"s2","s5",6.93918196637038,2,300,0.2
"s2","s5",7.74359935070987,2,300,0.2
"s2","s5",7.81403621923583,2,300,0.2
"s2","s5",7.31455566900969,2,300,0.2
"s2","s5",7.16679785561364,2,300,0.2
"s2","s5",7.00876334662082,2,300,0.2
"s2","s5",6.98762469153461,2,300,0.2
"s2","s5",7.51059506009571,2,300,0.2
"s2","s5",7.23377695208913,2,300,0.2
"s2","s5",6.69331389565554,2,300,0.2
"s2","s5",7.03888450764381,2,300,0.2
"s2","s5",7.1727203821962,2,300,0.2
"s2","s5",7.33087363408809,2,300,0.2
"s2","s5",7.27736283940915,2,300,0.2
"s2","s5",6.74937844801952,2,300,0.2
"s2","s5",6.60427492114329,2,300,0.2
"s2","s5",7.5987313645536,2,300,0.2
"s2","s5",6.96783153192828,2,300,0.2
"s2","s5",6.8769537166613,2,300,0.2
"s2","s5",7.30635642273572,2,300,0.2
"s2","s5",6.99063568533754,2,300,0.2
"s2","s5",6.85121773266454,2,300,0.2
"s2","s5",7.29399059585103,2,300,0.2
"s2","s5",7.41290451247033,2,300,0.2
"s2","s5",7.45448951851571,2,300,0.2
"s2","s5",7.20520472368322,2,300,0.2
"s2","s5",6.883076377919,2,300,0.2
"s2","s5",7.27291818519605,2,300,0.2
"s2","s5",7.07770796126829,2,300,0.2
"s2","s5",7.42617225067704,2,300,0.2
"s2","s5",7.06074887536246,2,300,0.2
"s2","s5",7.15358837008495,2,300,0.2
"s2","s5",7.17157078131531,2,300,0.2
"s2","s5",8.01389000950255,2,300,0.2
"s2","s5",7.51523219489548,2,300,0.2
"s2","s5",6.58859427040045,2,300,0.2
"s2","s5",6.8769537166613,2,300,0.2
"s2","s5",6.64651409215317,2,300,0.2
"s2","s5",6.82595610852596,2,300,0.2
"s2","s5",7.02881911210368,2,300,0.2
"s2","s5",7.16938368157767,2,300,0.2
"s2","s5",7.0610433613015,2,300,0.2
"s2","s5",7.21740779243197,2,300,0.2
"s2","s5",6.78450693673869,2,300,0.2
"s2","s5",7.14526362991545,2,300,0.2
"s2","s5",7.92511270931866,2,300,0.2
"s2","s5",7.49598683786786,2,300,0.2
"s2","s5",6.98100064672302,2,300,0.2
"s2","s5",7.24262463225432,2,300,0.2
"s2","s5",7.4147416078156,2,300,0.2
"s2","s5",7.05761724128546,2,300,0.2
"s2","s5",7.27347383676771,2,300,0.2
"s2","s5",6.75439638518702,2,300,0.2
"s2","s5",7.43472161384528,2,300,0.2
"s2","s5",7.29139038783615,2,300,0.2
"s2","s5",7.05067119188305,2,300,0.2
"s2","s5",6.94387527262845,2,300,0.2
"s2","s5",7.20547785993696,2,300,0.2
"s2","s5",7.18139702634551,2,300,0.2
"s2","s5",7.02379665941503,2,300,0.2
"s2","s5",7.62120670206321,2,300,0.2
"s2","s5",6.84636456716242,2,300,0.2
"s2","s5",7.34888551094777,2,300,0.2
"s2","s5",7.25927966205799,2,300,0.2
"s2","s5",7.5551940534335,2,300,0.2
"s2","s5",6.73446781664347,2,300,0.2
"s2","s5",6.7395029497044,2,300,0.2
"s2","s5",7.04528290987709,2,300,0.2
"s2","s5",6.87991782605145,2,300,0.2
"s2","s5",6.88463609391889,2,300,0.2
"s2","s5",7.50411115942779,2,300,0.2
"s2","s5",7.05762381032375,2,300,0.2
"s2","s5",7.51059506009571,2,300,0.2
"s2","s5",6.72180800129036,2,300,0.2
"s2","s5",6.94596635697499,2,300,0.2
"s2","s5",7.51322597907468,2,300,0.2
"s2","s5",7.51008837296693,2,300,0.2
"s2","s5",6.808603158758,2,300,0.2
"s2","s5",6.85799492423886,2,300,0.2
"s2","s5",6.80411857163955,2,300,0.2
"s2","s5",6.85207310976327,2,300,0.2
"s2","s5",7.53872225021697,2,300,0.2
"s2","s5",6.74999820029248,2,300,0.2
"s2","s5",6.931449510728,2,300,0.2
"s2","s5",7.30318162852464,2,300,0.2
"s2","s5",7.17976747140477,2,300,0.2
"s2","s5",7.22995233144998,2,300,0.2
"s2","s5",7.56269566493815,2,300,0.2
"s2","s5",6.74444069886196,2,300,0.2
"s2","s5",7.33821279443751,2,300,0.2
"s2","s5",7.21666390596891,2,300,0.2
"s2","s5",6.6766188180034,2,300,0.2
"s2","s5",6.72048363250753,2,300,0.2
"s2","s5",7.15988235669272,2,300,0.2
"s2","s5",7.10834603209433,2,300,0.2
"s2","s5",7.14916578710776,2,300,0.2
"s2","s5",7.55230335166428,2,300,0.2
"s2","s5",7.16429443030253,2,300,0.2
"s2","s5",7.3970357604866,2,300,0.2
"s2","s5",6.31383434437728,2,300,0.2
"s2","s5",7.66566527830848,2,300,0.2
"s2","s5",6.69439968892135,2,300,0.2
"s2","s5",7.30301487739642,2,300,0.2
"s2","s5",7.39494926657693,2,300,0.2
"s2","s5",7.20603375376625,2,300,0.2
"s2","s5",7.1451129676628,2,300,0.2
"s2","s5",7.42721321794815,2,300,0.2
"s2","s5",6.90893401123647,2,300,0.2
"s2","s5",7.3322595748065,2,300,0.2
"s2","s5",6.77191820321599,2,300,0.2
"s2","s5",7.08399283538949,2,300,0.2
"s2","s5",6.62064898405595,2,300,0.2
"s2","s5",7.04280930606174,2,300,0.2
"s2","s5",7.29422325060872,2,300,0.2
"s2","s5",7.34014762819214,2,300,0.2
"s2","s5",6.46986651283873,2,300,0.2
"s2","s5",6.86420254934065,2,300,0.2
"s2","s5",7.4618268017846,2,300,0.2
"s2","s5",7.32537974987753,2,300,0.2
"s2","s5",6.76054997047561,2,300,0.2
"s2","s5",7.17806040773029,2,300,0.2
"s2","s5",7.75968326495494,2,300,0.2
"s2","s5",7.12937160917841,2,300,0.2
"s2","s5",6.69338512874468,2,300,0.2
"s2","s5",6.45247985146298,2,300,0.2
"s2","s5",7.32053598961942,2,300,0.2
"s2","s5",7.10928943745057,2,300,0.2
"s2","s5",7.47959077016606,2,300,0.2
"s2","s5",7.37118292365492,2,300,0.2
"s2","s5",7.20639748870011,2,300,0.2
"s2","s5",7.26533970729139,2,300,0.2
"s2","s5",6.71592474484135,2,300,0.2
"s2","s5",6.92285702076765,2,300,0.2
"s2","s5",7.05762381032375,2,300,0.2
"s2","s5",7.29956051826749,2,300,0.2
"s2","s5",6.77521703914732,2,300,0.2
"s2","s5",6.87888089951781,2,300,0.2
"s2","s5",6.88161995217908,2,300,0.2
"s2","s5",6.89124318810768,2,300,0.2
"s2","s5",6.53233217618967,2,300,0.2
"s2","s5",6.93931356079056,2,300,0.2
"s2","s5",6.75947529783255,2,300,0.2
"s2","s5",7.3637107423571,2,300,0.2
"s2","s5",7.24293676032616,2,300,0.2
"s2","s5",7.17658442106895,2,300,0.2
"s2","s5",6.7943892764188,2,300,0.2
"s2","s5",6.8454210325707,2,300,0.2
"s2","s5",7.45985261812317,2,300,0.2
"s2","s5",7.64182421411339,2,300,0.2
"s2","s5",6.71179286175592,2,300,0.2
"s2","s5",7.16301271768654,2,300,0.2
"s2","s5",7.02412218835633,2,300,0.2
"s2","s5",7.38570251985789,2,300,0.2
"s2","s5",6.58665538953206,2,300,0.2
"s2","s5",7.19752398485245,2,300,0.2
"s2","s5",6.75772209978564,2,300,0.2
"s2","s5",6.90840721620081,2,300,0.2
"s2","s5",7.18197521607556,2,300,0.2
"s2","s5",6.75606263061351,2,300,0.2
"s2","s5",6.95274461774846,2,300,0.2
"s2","s5",6.97715493880247,2,300,0.2
"s2","s5",7.05872827009483,2,300,0.2
"s2","s5",7.65487462733046,2,300,0.2
"s2","s5",6.9833960305219,2,300,0.2
"s2","s5",6.70608970485553,2,300,0.2
"s2","s5",6.98709433496566,2,300,0.2
"s2","s5",7.70454520007722,2,300,0.2
"s2","s5",7.00301021518393,2,300,0.2
"s2","s5",7.05396628660945,2,300,0.2
"s2","s5",7.14885748764645,2,300,0.2
"s2","s5",6.57619751595598,2,300,0.2
"s2","s5",7.55284217091187,2,300,0.2
"s2","s5",7.08098539674246,2,300,0.2
"s2","s5",6.78966678514024,2,300,0.2
"s2","s5",6.86420995380464,2,300,0.2
"s2","s5",7.32537974987753,2,300,0.2
"s2","s5",7.54161851361133,2,300,0.2
"s2","s5",7.29110122182678,2,300,0.2
"s2","s5",7.14239663155647,2,300,0.2
"s2","s5",7.43924093237403,2,300,0.2
"s2","s5",7.20973447543844,2,300,0.2
"s2","s5",7.54890270952416,2,300,0.2
"s2","s5",7.21760657284353,2,300,0.2
"s2","s5",7.11718748181955,2,300,0.2
"s2","s5",7.07428466818446,2,300,0.2
"s2","s5",7.59839805003507,2,300,0.2
"s2","s5",6.69666373426807,2,300,0.2
"s2","s5",6.7806134567914,2,300,0.2
"s2","s5",7.17492671093019,2,300,0.2
"s2","s5",7.03315772594533,2,300,0.2
"s2","s5",6.66402799868439,2,300,0.2
"s2","s5",7.14239663155647,2,300,0.2
"s2","s5",6.52771291937915,2,300,0.2
"s2","s5",7.81736647597727,2,300,0.2
"s2","s5",7.03502204349897,2,300,0.2
"s2","s5",7.45466480057743,2,300,0.2
"s2","s5",7.22330266437196,2,300,0.2
"s2","s5",6.96339968779243,2,300,0.2
"s2","s5",6.79509694787347,2,300,0.2
"s2","s5",7.07161810950173,2,300,0.2
"s2","s5",7.26996835600016,2,300,0.2
"s2","s5",7.43982929687084,2,300,0.2
"s2","s5",7.02433261746563,2,300,0.2
"s2","s5",7.28537219090489,2,300,0.2
"s2","s5",7.48482932413543,2,300,0.2
"s2","s5",7.15709581897689,2,300,0.2
"s2","s5",7.14930815076347,2,300,0.2
"s2","s5",7.10014454958388,2,300,0.2
"s2","s5",7.54161851361133,2,300,0.2
"s2","s5",7.33105432164325,2,300,0.2
"s2","s5",7.50136143902098,2,300,0.2
"s2","s5",6.83756575220423,2,300,0.2
"s2","s5",7.27527160251314,2,300,0.2
"s2","s5",7.57877072626946,2,300,0.2
"s2","s5",7.35923136358574,2,300,0.2
"s2","s5",7.00053861586611,2,300,0.2
"s2","s5",7.161992953072,2,300,0.2
"s2","s5",6.38853421825254,2,300,0.2
"s2","s5",7.04831329176915,2,300,0.2
"s2","s5",7.41987064055095,2,300,0.2
"s2","s5",7.45278367481153,2,300,0.2
"s2","s5",6.64842903291884,2,300,0.2
"s2","s5",6.51247074824809,2,300,0.2
"s2","s5",7.511927204671,2,300,0.2
"s2","s5",6.66817669447038,2,300,0.2
"s2","s5",7.37443829803979,2,300,0.2
"s2","s5",6.84139721396072,2,300,0.2
"s2","s5",7.15932034980244,2,300,0.2
"s2","s5",6.82808366000751,2,300,0.2
"s2","s5",7.10839728828821,2,300,0.2
"s2","s5",7.83545605517474,2,300,0.2
"s2","s5",7.02013168050531,2,300,0.2
"s2","s5",6.96305271950591,2,300,0.2
"s2","s5",6.68089320514315,2,300,0.2
"s2","s5",7.26051372350088,2,300,0.2
"s2","s5",7.17947269199581,2,300,0.2
"s2","s5",7.12819964182786,2,300,0.2
"s2","s5",7.1806044638187,2,300,0.2
"s2","s5",7.03500219976422,2,300,0.2
"s2","s5",7.24149697519402,2,300,0.2
"s2","s5",7.27198247535861,2,300,0.2
"s2","s5",6.94445976599938,2,300,0.2
"s2","s5",7.15266198616807,2,300,0.2
"s2","s5",7.0418788194462,2,300,0.2
"s2","s5",7.5136476799827,2,300,0.2
"s2","s5",6.548373113876,2,300,0.2
"s2","s5",7.5391864323145,2,300,0.2
"s2","s5",7.20068719702863,2,300,0.2
"s2","s5",7.19430647459154,2,300,0.2
"s2","s5",7.28537219090489,2,300,0.2
"s2","s5",6.76922852661677,2,300,0.2
"s2","s5",7.49630244493376,2,300,0.2
"s2","s5",6.74393765384663,2,300,0.2
"s2","s5",6.50066863045427,2,300,0.2
"s2","s5",7.11462749793988,2,300,0.2
"s2","s5",6.82629593889104,2,300,0.2
"s2","s5",6.88308453242183,2,300,0.2
"s2","s5",7.42211191610236,2,300,0.2
"s2","s5",7.07063237861239,2,300,0.2
"s2","s5",7.15957324604353,2,300,0.2
"s2","s5",7.014069084734,2,300,0.2
"s2","s5",7.19090840758608,2,300,0.2
"s2","s5",7.30659571337497,2,300,0.2
"s2","s5",6.98930087576503,2,300,0.2
"s2","s5",7.10533892374116,2,300,0.2
"s2","s5",7.18892048183216,2,300,0.2
"s2","s5",6.95619092440478,2,300,0.2
"s2","s5",7.36212054547705,2,300,0.2
"s2","s5",7.35752159545536,2,300,0.2
"s2","s5",7.10844854448209,2,300,0.2
"s2","s5",6.82733122125645,2,300,0.2
"s2","s5",7.724354525895,2,300,0.2
"s2","s5",7.91423966258814,2,300,0.2
"s2","s5",7.05075671438733,2,300,0.2
"s2","s5",6.99931492561969,2,300,0.2
"s2","s5",7.41086977736003,2,300,0.2
"s2","s5",7.01351990452241,2,300,0.2
"s2","s5",6.6795868569145,2,300,0.2
"s2","s5",7.55399280765474,2,300,0.2
"s2","s5",7.54813365920221,2,300,0.2
"s2","s5",7.04152749532017,2,300,0.2
"s2","s5",7.52840121584103,2,300,0.2
"s2","s5",7.34659521001808,2,300,0.2
"s2","s5",7.09385642815397,2,300,0.2
"s2","s5",7.27170965261858,2,300,0.2
"s2","s5",6.86066874206782,2,300,0.2
"s2","s5",7.52199202881116,2,300,0.2
"s2","s5",7.36697484147378,2,300,0.2
"s2","s5",7.51725681174344,2,300,0.2
"s2","s5",7.33087363408809,2,300,0.2
"s2","s5",7.39485565734185,2,300,0.2
"s2","s5",7.10542260212934,2,300,0.2
"s2","s5",7.27347383676771,2,300,0.2
"s2","s5",7.75192173269296,2,300,0.2
"s2","s5",6.8087317953634,2,300,0.2
"s2","s5",7.13707740691055,2,300,0.2
"s2","s5",7.22412186309732,2,300,0.2
"s2","s5",7.28435683765406,2,300,0.2
"s2","s5",7.86629771485315,2,300,0.2
"s2","s5",7.27032959231335,2,300,0.2
"s2","s5",6.88030632688979,2,300,0.2
"s2","s5",7.29165439464124,2,300,0.2
"s2","s5",7.30947761595674,2,300,0.2
"s2","s5",6.85789781427196,2,300,0.2
"s2","s5",7.7384823225772,2,300,0.2
"s2","s5",7.12735356841216,2,300,0.2
"s2","s5",7.04052689713846,2,300,0.2
"s2","s5",7.27863315774923,2,300,0.2
"s2","s5",6.94015624224213,2,300,0.2
"s2","s5",7.32558410650515,2,300,0.2
"s2","s5",6.77173769414073,2,300,0.2
"s2","s5",7.20803272379592,2,300,0.2
"s2","s5",7.2758463972488,2,300,0.2
"s2","s5",7.38088116761141,2,300,0.2
"s2","s5",6.77173769414073,2,300,0.2
"s2","s5",6.60827214740237,2,300,0.2
"s2","s5",7.76069185288812,2,300,0.2
"s2","s5",7.05567747002736,2,300,0.2
"s2","s5",7.02821029054346,2,300,0.2
"s2","s5",7.07848390737925,2,300,0.2
"s2","s5",7.0726282758398,2,300,0.2
"s2","s5",7.62082159907914,2,300,0.2
"s2","s5",7.31629128620549,2,300,0.2
"s2","s5",7.23733420058716,2,300,0.2
"s2","s5",7.87879044513135,2,300,0.2
"s2","s5",7.43749211050917,2,300,0.2
"s2","s5",6.55056378615127,2,300,0.2
"s2","s5",6.83577439559309,2,300,0.2
"s2","s5",7.19964564477643,2,300,0.2
"s2","s5",6.81321119548667,2,300,0.2
"s2","s5",6.89795695165245,2,300,0.2
"s2","s5",7.05346058369999,2,300,0.2
"s2","s5",7.58775438395503,2,300,0.2
"s2","s5",7.06016039254186,2,300,0.2
"s2","s5",6.85992253189653,2,300,0.2
"s2","s5",7.51854681110114,2,300,0.2
"s2","s5",7.26469952807275,2,300,0.2
"s2","s5",7.27170965261858,2,300,0.2
"s2","s5",6.83827266225073,2,300,0.2
"s2","s5",7.28537219090489,2,300,0.2
"s2","s5",7.00301021518393,2,300,0.2
"s2","s5",6.68075926418707,2,300,0.2
"s2","s5",7.00876334662082,2,300,0.2
"s2","s5",6.82274170447671,2,300,0.2
"s2","s5",6.93260565431558,2,300,0.2
"s2","s5",6.98709433496566,2,300,0.2
"s2","s5",6.98533625993382,2,300,0.2
"s2","s5",7.29713754307039,2,300,0.2
"s2","s5",7.42721321794815,2,300,0.2
"s2","s5",7.33752544844317,2,300,0.2
"s2","s5",7.32187338123941,2,300,0.2
"s2","s5",6.82781606965011,2,300,0.2
"s2","s5",7.44926386577774,2,300,0.2
"s2","s5",7.43925077246323,2,300,0.2
"s2","s5",6.8905978266498,2,300,0.2
"s2","s5",6.97806016331191,2,300,0.2
"s2","s5",7.4912044298365,2,300,0.2
"s2","s5",7.05346058369999,2,300,0.2
"s2","s5",7.71597734905765,2,300,0.2
"s2","s5",7.4995540505424,2,300,0.2
"s2","s5",6.78937218813444,2,300,0.2
"s2","s5",7.136397267717,2,300,0.2
"s2","s5",6.54883461526899,2,300,0.2
"s2","s5",6.74272736742975,2,300,0.2
"s2","s5",7.27528431063213,2,300,0.2
"s2","s5",7.70400892529274,2,300,0.2
"s2","s5",7.35337279070271,2,300,0.2
"s2","s5",7.05213595547832,2,300,0.2
"s2","s5",7.45906707730492,2,300,0.2
"s2","s5",7.07001478582899,2,300,0.2
"s2","s5",6.85729635553316,2,300,0.2
"s2","s5",7.00657924069085,2,300,0.2
"s2","s5",6.69331389565554,2,300,0.2
"s2","s5",6.84539300059517,2,300,0.2
"s2","s5",7.63093810351596,2,300,0.2
"s2","s5",6.7360922689207,2,300,0.2
"s2","s5",6.70093320402739,2,300,0.2
"s2","s5",7.18178688110356,2,300,0.2
"s2","s5",7.38710811092137,2,300,0.2
"s2","s5",6.68510008096948,2,300,0.2
"s2","s5",7.75190086946974,2,300,0.2
"s2","s5",7.0619064209658,2,300,0.2
"s2","s5",6.5295801605877,2,300,0.2
"s2","s5",7.59525239255521,2,300,0.2
"s2","s5",7.03914579520195,2,300,0.2
"s2","s5",7.16632916235701,2,300,0.2
"s2","s5",7.36934054930109,2,300,0.2
"s2","s5",7.64326881710979,2,300,0.2
"s2","s5",6.78582671202137,2,300,0.2
"s2","s5",7.03772773704105,2,300,0.2
"s2","s5",7.37113403835956,2,300,0.2
"s2","s5",7.4740515447571,2,300,0.2
"s2","s5",7.13069273498718,2,300,0.2
"s2","s5",7.08426884069243,2,300,0.2
"s2","s5",7.05977140552582,2,300,0.2
"s2","s5",7.42830732286953,2,300,0.2
"s2","s5",6.85992253189653,2,300,0.2
"s2","s5",8.123505251403,2,300,0.2
"s2","s5",7.29879815458872,2,300,0.2
"s2","s5",7.18072994507688,2,300,0.2
"s2","s5",7.04472474497152,2,300,0.2
"s2","s5",7.24325369505875,2,300,0.2
"s2","s5",7.43837844745396,2,300,0.2
"s2","s5",7.35797832835931,2,300,0.2
"s2","s5",7.21979316743107,2,300,0.2
"s2","s5",7.15454949065688,2,300,0.2
"s2","s5",6.41404962813297,2,300,0.2
"s2","s5",6.99879153354028,2,300,0.2
"s2","s5",7.75657515358387,2,300,0.2
"s2","s5",7.45621938280578,2,300,0.2
"s2","s5",7.16483630057371,2,300,0.2
"s2","s5",7.43659193059813,2,300,0.2
"s2","s5",7.38030515773569,2,300,0.2
"s2","s5",7.57502069652473,2,300,0.2
"s2","s5",7.10486271134804,2,300,0.2
"s2","s5",6.92516449380054,2,300,0.2
"s2","s5",6.88236825655569,2,300,0.2
"s2","s5",7.33088426599302,2,300,0.2
"s2","s5",7.33004539291846,2,300,0.2
"s2","s5",6.54934594260934,2,300,0.2
"s2","s5",6.763030347691,2,300,0.2
"s2","s5",7.68309833776949,2,300,0.2
"s2","s5",6.82819532321629,2,300,0.2
"s2","s5",6.71497212646054,2,300,0.2
"s2","s5",7.60305488263509,2,300,0.2
"s2","s5",7.06456470760492,2,300,0.2
"s2","s5",6.82340070515266,2,300,0.2
"s2","s5",7.02039449403742,2,300,0.2
"s2","s5",6.92959353081208,2,300,0.2
"s2","s5",7.16635189862204,2,300,0.2
"s2","s5",6.82592544672787,2,300,0.2
"s2","s5",6.9773613986855,2,300,0.2
"s2","s5",7.04073057709533,2,300,0.2
"s2","s5",6.59182417822318,2,300,0.2
"s2","s5",6.94585955163767,2,300,0.2
"s2","s5",7.56625630385318,2,300,0.2
"s2","s5",6.96021512875225,2,300,0.2
"s2","s5",7.02879406008725,2,300,0.2
"s2","s5",6.8979783878529,2,300,0.2
"s2","s5",7.87326168709005,2,300,0.2
"s2","s5",6.67531304307953,2,300,0.2
"s2","s5",6.72904919236276,2,300,0.2
"s2","s5",7.10116168049476,2,300,0.2
"s2","s5",7.06014527373237,2,300,0.2
"s2","s5",6.71179286175592,2,300,0.2
"s2","s5",7.09683062079233,2,300,0.2
"s2","s5",7.07501335304793,2,300,0.2
"s2","s5",8.13981938495331,2,300,0.2
"s2","s5",6.9656483303305,2,300,0.2
"s2","s5",7.13505115494798,2,300,0.2
"s2","s5",7.17867666737403,2,300,0.2
"s2","s5",7.63775261960559,2,300,0.2
"s2","s5",7.45679557940331,2,300,0.2
"s2","s5",6.55249909695951,2,300,0.2
"s2","s5",6.97047215144815,2,300,0.2
"s2","s5",7.01379560986065,2,300,0.2
"s2","s5",6.72196535864367,2,300,0.2
"s2","s5",6.23794913162615,2,300,0.2
"s2","s5",7.46648035779916,2,300,0.2
"s2","s5",7.11191596041635,2,300,0.2
"s2","s5",7.02240840225612,2,300,0.2
"s2","s5",7.21702949066357,2,300,0.2
"s2","s5",6.94253199910386,2,300,0.2
"s2","s5",7.54541921346404,2,300,0.2
"s2","s5",7.07261219374115,2,300,0.2
"s2","s5",7.16829183149206,2,300,0.2
"s2","s5",7.21954205348015,2,300,0.2
"s2","s5",7.00841149156142,2,300,0.2
"s2","s5",6.85958295196389,2,300,0.2
"s2","s5",7.01163739381975,2,300,0.2
"s2","s5",7.59488445155112,2,300,0.2
"s2","s5",7.47882218995541,2,300,0.2
"s2","s5",6.84950305529317,2,300,0.2
"s2","s5",8.08671239584985,2,300,0.2
"s2","s5",6.90893401123647,2,300,0.2
"s2","s5",6.96146267757992,2,300,0.2
"s2","s5",7.61841262334576,2,300,0.2
"s2","s5",6.79724626329593,2,300,0.2
"s2","s5",7.57149404339528,2,300,0.2
"s2","s5",7.04471681361274,2,300,0.2
"s2","s5",6.78564296762467,2,300,0.2
"s2","s5",8.4697514884362,2,300,0.2
"s2","s5",7.33105432164325,2,300,0.2
"s2","s5",6.53186242661667,2,300,0.2
"s2","s5",7.86443131141871,2,300,0.2
"s2","s5",7.18217624343896,2,300,0.2
"s2","s5",7.48170170367069,2,300,0.2
"s2","s5",7.75691689420312,2,300,0.2
"s2","s5",7.76343789780219,2,300,0.2
"s2","s5",7.4727562734948,2,300,0.2
"s2","s5",6.82819532321629,2,300,0.2
"s2","s5",7.4495318977272,2,300,0.2
"s2","s5",6.99548279059791,2,300,0.2
"s2","s5",6.81622481341575,2,300,0.2
"s2","s5",7.34192961754604,2,300,0.2
"s2","s5",6.88476960041629,2,300,0.2
"s2","s5",7.73281777200869,2,300,0.2
"s2","s5",7.20750144172053,2,300,0.2
"s2","s5",7.09534352447315,2,300,0.2
"s2","s5",7.28931732146997,2,300,0.2
"s2","s5",7.06456470760492,2,300,0.2
"s2","s5",7.61095375496992,2,300,0.2
"s2","s5",7.24121783591305,2,300,0.2
"s2","s5",6.99357859624516,2,300,0.2
"s2","s5",7.05672033625657,2,300,0.2
"s2","s5",6.89626048576288,2,300,0.2
"s2","s5",7.59621805562861,2,300,0.2
"s2","s5",7.08449998736904,2,300,0.2
"s2","s5",6.43119515155033,2,300,0.2
"s2","s5",7.32187338123941,2,300,0.2
"s2","s5",6.7742783362723,2,300,0.2
"s2","s5",6.94927426101469,2,300,0.2
"s2","s5",7.16216038836105,2,300,0.2
"s2","s5",7.4495318977272,2,300,0.2
"s2","s5",7.40076659191345,2,300,0.2
"s2","s5",6.97354975598722,2,300,0.2
"s2","s5",6.9703251273172,2,300,0.2
"s2","s5",6.72644737248228,2,300,0.2
"s2","s5",6.84945917015605,2,300,0.2
"s2","s5",7.20377779914702,2,300,0.2
"s2","s5",7.40234708055513,2,300,0.2
"s2","s5",7.25106943197798,2,300,0.2
"s2","s5",7.25783680692548,2,300,0.2
"s2","s5",7.06906025625001,2,300,0.2
"s2","s5",6.6560079250884,2,300,0.2
"s2","s5",6.52631113184539,2,300,0.2
"s2","s5",7.21770062132279,2,300,0.2
"s2","s5",6.84265125828897,2,300,0.2
"s2","s5",7.70989813317028,2,300,0.2
"s2","s5",7.08597039730593,2,300,0.2
"s2","s5",7.35811504690713,2,300,0.2
"s2","s5",6.98269022563661,2,300,0.2
"s2","s5",7.40822060400335,2,300,0.2
"s2","s5",7.55399280765474,2,300,0.2
"s2","s5",7.35385165254502,2,300,0.2
"s2","s5",6.80503647393479,2,300,0.2
"s2","s5",7.23163038292583,2,300,0.2
"s2","s5",7.46417721625065,2,300,0.2
"s2","s5",7.16533836561656,2,300,0.2
"s2","s5",7.14807645025425,2,300,0.2
"s2","s5",7.4427717081544,2,300,0.2
"s2","s5",7.20263735652044,2,300,0.2
"s2","s5",7.2868955360961,2,300,0.2
"s2","s5",6.94878970018289,2,300,0.2
"s2","s5",7.2776109242572,2,300,0.2
"s2","s5",6.94007534969791,2,300,0.2
"s2","s5",6.89204318441119,2,300,0.2
"s2","s5",7.04472474497152,2,300,0.2
"s2","s5",6.94015624224213,2,300,0.2
"s2","s5",6.75145922290922,2,300,0.2
"s2","s5",7.2033801571595,2,300,0.2
"s2","s5",7.05984623914424,2,300,0.2
"s2","s5",7.28885105577323,2,300,0.2
"s2","s5",7.10887443017609,2,300,0.2
"s2","s5",7.16385495803249,2,300,0.2
"s2","s5",7.43982929687084,2,300,0.2
"s2","s5",6.9362317547952,2,300,0.2
"s2","s5",6.88196886523232,2,300,0.2
"s2","s5",7.18464948788455,2,300,0.2
"s2","s5",7.27347383676771,2,300,0.2
"s2","s5",7.0500971495706,2,300,0.2
"s2","s5",7.4316151699072,2,300,0.2
"s2","s5",6.70408739209291,2,300,0.2
"s2","s5",6.86175136329071,2,300,0.2
"s2","s5",7.30160015200715,2,300,0.2
"s2","s5",7.30947761595674,2,300,0.2
"s2","s5",6.93225214796419,2,300,0.2
"s2","s5",7.16141251722755,2,300,0.2
"s2","s5",6.90965571752194,2,300,0.2
"s2","s5",7.36703838363968,2,300,0.2
"s2","s5",7.54161851361133,2,300,0.2
"s2","s5",6.73161097064424,2,300,0.2
"s2","s5",6.73302596022248,2,300,0.2
"s2","s5",7.02649839745999,2,300,0.2
"s2","s5",6.99574796888238,2,300,0.2
"s2","s5",6.64019907054922,2,300,0.2
"s2","s5",6.69835912303077,2,300,0.2
"s2","s5",7.30659571337497,2,300,0.2
"s2","s5",6.86427790172934,2,300,0.2
"s2","s5",6.6134545936625,2,300,0.2
"s2","s5",6.94105674905992,2,300,0.2
"s2","s5",7.018229577439,2,300,0.2
"s2","s5",7.22011483528537,2,300,0.2
"s2","s5",6.7129094662662,2,300,0.2
"s2","s5",8.00648938270692,2,300,0.2
"s2","s5",6.96339968779243,2,300,0.2
"s2","s5",7.04814148242173,2,300,0.2
"s2","s5",7.15881253027884,2,300,0.2
"s2","s5",7.19103225987487,2,300,0.2
"s2","s5",6.56269177115636,2,300,0.2
"s2","s5",6.44743210413353,2,300,0.2
"s2","s5",7.74349303458689,2,300,0.2
"s2","s5",7.69574413833615,2,300,0.2
"s2","s5",6.78623859190461,2,300,0.2
"s2","s5",6.35031215113668,2,300,0.2
"s2","s5",6.90162502366971,2,300,0.2
"s2","s5",7.57588348474519,2,300,0.2
"s2","s5",6.5574792793241,2,300,0.2
"s2","s5",7.01493294404995,2,300,0.2
"s2","s5",7.44544865855624,2,300,0.2
"s2","s5",7.14322617483005,2,300,0.2
"s2","s5",6.74353258217499,2,300,0.2
"s2","s5",7.23389424026781,2,300,0.2
"s2","s5",7.0121173659719,2,300,0.2
"s2","s5",7.67359339926777,2,300,0.2
"s2","s5",6.90238927005009,2,300,0.2
"s2","s5",7.01037048530297,2,300,0.2
"s2","s5",7.41437700971343,2,300,0.2
"s2","s5",6.82340070515266,2,300,0.2
"s2","s5",7.05543398774316,2,300,0.2
"s2","s5",7.50489649275944,2,300,0.2
"s2","s5",7.22214341518107,2,300,0.2
"s2","s5",7.68062688349093,2,300,0.2
"s2","s5",6.9749069422929,2,300,0.2
"s2","s5",7.06873922890929,2,300,0.2
"s2","s5",7.21127230726924,2,300,0.2
"s2","s5",7.44826110627571,2,300,0.2
"s2","s5",7.00641699887218,2,300,0.2
"s2","s5",7.01037048530297,2,300,0.2
"s2","s5",7.09221469280286,2,300,0.2
"s2","s5",7.13115286438432,2,300,0.2
"s2","s5",6.96403349247245,2,300,0.2
"s2","s5",6.80313760031578,2,300,0.2
"s2","s5",7.3151232572543,2,300,0.2
"s2","s5",7.07633602741612,2,300,0.2
"s2","s5",6.99351758106516,2,300,0.2
"s2","s5",7.06019336095778,2,300,0.2
"s2","s5",7.32187338123941,2,300,0.2
"s2","s5",7.61116444783875,2,300,0.2
"s2","s5",6.7207355929227,2,300,0.2
"s2","s5",6.66546994389269,2,300,0.2
"s2","s5",7.64105368256068,2,300,0.2
"s2","s5",7.47460650601717,2,300,0.2
"s2","s5",6.57581570091045,2,300,0.2
"s2","s5",6.81592143515097,2,300,0.2
"s2","s5",7.47178131594895,2,300,0.2
"s2","s5",6.75889977021655,2,300,0.2
"s2","s5",7.66566527830848,2,300,0.2
"s2","s5",7.43468290345567,2,300,0.2
"s2","s5",6.7971177893283,2,300,0.2
"s2","s5",7.24036522416515,2,300,0.2
"s2","s5",7.25324197329202,2,300,0.2
"s2","s5",6.56606993167318,2,300,0.2
"s2","s5",7.05907997995728,2,300,0.2
"s2","s5",7.74989310905539,2,300,0.2
"s2","s5",7.22266670592514,2,300,0.2
"s2","s5",7.1937601158217,2,300,0.2
"s2","s5",7.44897852833402,2,300,0.2
"s2","s5",6.44226660016821,2,300,0.2
"s2","s5",7.10925364753305,2,300,0.2
"s2","s5",7.13707740691055,2,300,0.2
"s2","s5",6.72772438045864,2,300,0.2
"s2","s5",7.46998108394908,2,300,0.2
"s2","s5",7.16965642836101,2,300,0.2
"s2","s5",7.34101464377757,2,300,0.2
"s2","s5",6.73161097064424,2,300,0.2
"s2","s5",7.24302364956068,2,300,0.2
"s2","s5",7.32187338123941,2,300,0.2
"s2","s5",6.77581278546766,2,300,0.2
"s2","s5",7.46500398257258,2,300,0.2
"s2","s5",6.91002657426667,2,300,0.2
"s2","s5",7.59990843599505,2,300,0.2
"s2","s5",7.95469041613664,2,300,0.2
"s2","s5",7.17791998915217,2,300,0.2
"s2","s5",7.53371940649703,2,300,0.2
"s2","s5",7.43633209734071,2,300,0.2
"s2","s5",6.95658415254559,2,300,0.2
"s2","s5",6.74049470933188,2,300,0.2
"s2","s5",6.69352631240767,2,300,0.2
"s2","s5",7.07803216068028,2,300,0.2
"s2","s5",6.83425821380254,2,300,0.2
"s2","s5",7.42833909964756,2,300,0.2
"s2","s5",6.63371703501994,2,300,0.2
"s2","s5",6.82607763679698,2,300,0.2
"s2","s5",6.81906024960864,2,300,0.2
"s2","s5",6.96760845546915,2,300,0.2
"s2","s5",7.18059653724742,2,300,0.2
"s2","s5",7.29296397576255,2,300,0.2
"s2","s5",7.35476165839383,2,300,0.2
"s2","s5",7.31331314703542,2,300,0.2
"s2","s5",7.21954205348015,2,300,0.2
"s2","s5",6.77060981318226,2,300,0.2
"s2","s5",6.94093590061586,2,300,0.2
"s2","s5",7.61842366850766,2,300,0.2
"s2","s5",7.39324649071425,2,300,0.2
"s2","s5",7.14474960287365,2,300,0.2
"s2","s5",6.48865984443714,2,300,0.2
"s2","s5",7.3573102400776,2,300,0.2
"s2","s5",7.41046180809593,2,300,0.2
"s2","s5",7.50668132613052,2,300,0.2
"s2","s5",7.80329597904421,2,300,0.2
"s2","s5",6.69331389565554,2,300,0.2
"s2","s5",6.87653246189271,2,300,0.2
"s2","s5",7.0514701771758,2,300,0.2
"s2","s5",7.56931924111254,2,300,0.2
"s2","s5",7.43920663023454,2,300,0.2
"s2","s5",6.70166757503307,2,300,0.2
"s2","s5",7.66320905884677,2,300,0.2
"s2","s5",7.11677781506236,2,300,0.2
"s2","s5",6.92473989253671,2,300,0.2
"s2","s5",7.63387238818878,2,300,0.2
"s2","s5",7.60657627652327,2,300,0.2
"s2","s5",6.80960524349439,2,300,0.2
"s2","s5",7.13027160858414,2,300,0.2
"s2","s5",7.03670182382453,2,300,0.2
"s2","s5",6.63978740794552,2,300,0.2
"s2","s5",7.19079786101852,2,300,0.2
"s2","s5",7.34159831379766,2,300,0.2
"s2","s5",7.06315570459098,2,300,0.2
"s2","s5",7.11182563350883,2,300,0.2
"s2","s5",7.00316697910486,2,300,0.2
"s2","s5",7.02240840225612,2,300,0.2
"s2","s5",6.86189011575475,2,300,0.2
"s2","s5",7.49316220736138,2,300,0.2
"s2","s5",7.01858332685967,2,300,0.2
"s2","s5",7.28369229596535,2,300,0.2
"s2","s5",6.57791602417026,2,300,0.2
"s2","s5",7.28916808333372,2,300,0.2
"s2","s5",7.01690764711202,2,300,0.2
"s2","s5",6.70093320402739,2,300,0.2
"s2","s5",7.0336780428727,2,300,0.2
"s2","s5",7.16494553732285,2,300,0.2
"s2","s5",7.2060225240391,2,300,0.2
"s2","s5",6.7539953029892,2,300,0.2
"s2","s5",6.76001263415408,2,300,0.2
"s2","s5",7.24646721500597,2,300,0.2
"s2","s5",6.85211327091451,2,300,0.2
"s2","s5",7.44544865855624,2,300,0.2
"s2","s5",6.93828858304286,2,300,0.2
"s2","s5",6.70651657975788,2,300,0.2
"s2","s5",7.12321927229104,2,300,0.2
"s2","s5",7.14593820630025,2,300,0.2
"s2","s5",6.5622139544215,2,300,0.2
"s2","s5",7.06399140927849,2,300,0.2
"s2","s5",6.82592544672787,2,300,0.2
"s2","s5",7.11082264242859,2,300,0.2
"s2","s5",7.36262240936321,2,300,0.2
"s2","s5",6.87678363414246,2,300,0.2
"s2","s5",7.19873703753682,2,300,0.2
"s2","s5",7.87698365435659,2,300,0.2
"s2","s5",7.55257598824394,2,300,0.2
"s2","s5",7.01558587443847,2,300,0.2
"s2","s5",7.01757372185077,2,300,0.2
"s2","s5",7.37916498347801,2,300,0.2
"s2","s5",7.73484003863975,2,300,0.2
"s2","s5",6.6766188180034,2,300,0.2
"s2","s5",6.66498953873459,2,300,0.2
"s2","s5",7.16261100865745,2,300,0.2
"s2","s5",6.99193660931321,2,300,0.2
"s2","s5",7.21236262113423,2,300,0.2
"s2","s5",7.20931358693398,2,300,0.2
"s2","s5",6.58500870667922,2,300,0.2
"s2","s5",7.29879815458872,2,300,0.2
"s2","s5",6.95092305674949,2,300,0.2
"s2","s5",7.06753461023099,2,300,0.2
"s2","s5",7.31158395577313,2,300,0.2
"s2","s5",7.52865697962818,2,300,0.2
"s2","s5",7.63721707060752,2,300,0.2
"s2","s5",7.40062327809357,2,300,0.2
"s2","s5",6.86123668462671,2,300,0.2
"s2","s5",7.19151531985316,2,300,0.2
"s2","s5",6.89795695165245,2,300,0.2
"s2","s5",7.27806844886048,2,300,0.2
"s2","s5",7.34232308567071,2,300,0.2
"s2","s5",7.41956213055198,2,300,0.2
"s2","s5",7.26774099943066,2,300,0.2
"s2","s5",6.52513410577613,2,300,0.2
"s2","s5",7.61032950845992,2,300,0.2
"s2","s5",6.89930239521897,2,300,0.2
"s2","s5",8.02528093324906,2,300,0.2
"s2","s5",6.68449274869781,2,300,0.2
"s2","s5",7.23941712431722,2,300,0.2
"s2","s5",7.4346847549964,2,300,0.2
"s2","s5",7.13154701285093,2,300,0.2
"s2","s5",6.96105369455656,2,300,0.2
"s2","s5",7.03494386477814,2,300,0.2
"s2","s5",6.33357247539704,2,300,0.2
"s2","s5",7.05349724953059,2,300,0.2
"s2","s5",7.63467002009802,2,300,0.2
"s2","s5",6.80669609559255,2,300,0.2
"s2","s5",6.38036247606092,2,300,0.2
"s2","s5",7.17515518337143,2,300,0.2
"s2","s5",7.19754344608764,2,300,0.2
"s2","s5",6.91284127194302,2,300,0.2
"s2","s5",6.29205978824874,2,300,0.2
"s2","s5",7.49396352755633,2,300,0.2
"s2","s5",6.87466660132374,2,300,0.2
"s2","s5",6.71868791869409,2,300,0.2
"s2","s5",7.00880114333248,2,300,0.2
"s2","s5",7.01651221745067,2,300,0.2
"s2","s5",6.70818954860133,2,300,0.2
"s2","s5",6.74048555843079,2,300,0.2
"s2","s5",7.35513484370819,2,300,0.2
"s2","s5",6.92694901050147,2,300,0.2
"s2","s5",6.79575303348418,2,300,0.2
"s2","s5",7.04339487509753,2,300,0.2
"s2","s5",6.95213423192367,2,300,0.2
"s2","s5",7.64081576401151,2,300,0.2
"s2","s5",7.40706929312331,2,300,0.2
"s2","s5",6.85144948947028,2,300,0.2
"s2","s5",6.99154244562521,2,300,0.2
"s2","s5",7.36460913364647,2,300,0.2
"s2","s5",6.76047886133722,2,300,0.2
"s2","s5",6.78050883081323,2,300,0.2
"s2","s5",7.98053546146956,2,300,0.2
"s2","s5",6.96814643448727,2,300,0.2
"s2","s5",7.24609753836306,2,300,0.2
"s2","s5",7.71580705490099,2,300,0.2
"s2","s5",6.75378992176674,2,300,0.2
"s2","s5",7.21816675891715,2,300,0.2
"s2","s5",7.01451250654196,2,300,0.2
"s2","s5",7.46213929395373,2,300,0.2
"s2","s5",7.0770764434171,2,300,0.2
"s2","s5",7.15887856520192,2,300,0.2
"s2","s5",6.76203216972647,2,300,0.2
"s2","s5",7.1326230938981,2,300,0.2
"s2","s5",7.37527522305976,2,300,0.2
"s2","s5",7.4652109400815,2,300,0.2
"s2","s5",6.83386967759675,2,300,0.2
"s2","s5",7.47268067648567,2,300,0.2
"s2","s5",7.32713586967814,2,300,0.2
"s2","s5",6.99884579980947,2,300,0.2
"s2","s5",6.8533195894626,2,300,0.2
"s2","s5",7.51059506009571,2,300,0.2
"s2","s5",7.30241373012674,2,300,0.2
"s2","s5",6.8681307950397,2,300,0.2
"s2","s5",7.85194074780198,2,300,0.2
"s2","s5",7.88114060537174,2,300,0.2
"s2","s5",6.49933318705373,2,300,0.2
"s2","s5",6.99351758106516,2,300,0.2
"s2","s5",6.6300179396798,2,300,0.2
"s2","s5",6.75659762839948,2,300,0.2
"s2","s5",7.03662550187285,2,300,0.2
"s2","s5",6.97047215144815,2,300,0.2
"s2","s5",7.43665468389869,2,300,0.2
"s2","s5",7.07656936171878,2,300,0.2
"s2","s5",7.16277860965943,2,300,0.2
"s2","s5",7.22525183594998,2,300,0.2
"s2","s5",6.74724375905373,2,300,0.2
"s2","s5",7.10990062434264,2,300,0.2
"s2","s5",7.01690764711202,2,300,0.2
"s2","s5",7.1515983544463,2,300,0.2
"s2","s5",6.87569798160574,2,300,0.2
"s2","s5",6.76133808900045,2,300,0.2
"s2","s5",6.34042923260261,2,300,0.2
"s2","s5",6.53407806008549,2,300,0.2
"s2","s5",7.60137706636014,2,300,0.2
"s2","s5",7.14585425542083,2,300,0.2
"s2","s5",7.0508030197657,2,300,0.2
"s2","s5",7.10928943745057,2,300,0.2
"s2","s5",7.20929223050795,2,300,0.2
"s2","s5",6.93843283067471,2,300,0.2
"s2","s5",7.03858479467152,2,300,0.2
"s2","s5",7.02416526855077,2,300,0.2
"s2","s5",6.74469200359738,2,300,0.2
"s2","s5",6.66384196648367,2,300,0.2
"s2","s5",7.51299106685754,2,300,0.2
"s2","s5",7.38941165958319,2,300,0.2
"s2","s5",7.14097091814767,2,300,0.2
"s2","s5",6.64206812602674,2,300,0.2
"s2","s5",7.65753795147365,2,300,0.2
"s2","s5",6.73566397859227,2,300,0.2
"s2","s5",7.45927506612833,2,300,0.2
"s2","s5",7.00657924069085,2,300,0.2
"s2","s5",6.79314112052157,2,300,0.2
"s2","s5",7.13074806037461,2,300,0.2
"s2","s5",7.36703838363968,2,300,0.2
"s2","s5",7.05346058369999,2,300,0.2
"s2","s5",7.05857794739212,2,300,0.2
"s2","s5",7.51366424099276,2,300,0.2
"s2","s5",7.72211467315311,2,300,0.2
"s2","s5",6.82592544672787,2,300,0.2
"s2","s5",7.05366925339922,2,300,0.2
"s2","s5",7.25122381853691,2,300,0.2
"s2","s5",6.92799824275264,2,300,0.2
"s2","s5",7.26638380340633,2,300,0.2
"s2","s5",6.88754098584722,2,300,0.2
"s2","s5",7.30849655149352,2,300,0.2
"s2","s5",7.00053861586611,2,300,0.2
"s2","s5",6.84159875549196,2,300,0.2
"s2","s5",6.78930874302304,2,300,0.2
"s2","s5",6.83747569796252,2,300,0.2
"s2","s5",7.26266451447134,2,300,0.2
"s2","s5",7.05346058369999,2,300,0.2
"s2","s5",6.65001498854014,2,300,0.2
"s2","s5",7.32816728018393,2,300,0.2
"s2","s5",7.32558410650515,2,300,0.2
"s2","s5",7.3915576744219,2,300,0.2
"s2","s5",6.58387296787673,2,300,0.2
"s2","s5",6.8317951559046,2,300,0.2
"s2","s5",7.43659193059813,2,300,0.2
"s2","s5",6.7872917307922,2,300,0.2
"s2","s5",6.92952729259218,2,300,0.2
"s2","s5",7.01599775946084,2,300,0.2
"s2","s5",7.57821310234397,2,300,0.2
"s2","s5",7.3701398406314,2,300,0.2
"s2","s5",7.00875166672571,2,300,0.2
"s2","s5",7.19103225987487,2,300,0.2
"s2","s5",6.90238927005009,2,300,0.2
"s2","s5",6.92341183536996,2,300,0.2
"s2","s5",6.62427270992288,2,300,0.2
"s2","s5",6.84910014518346,2,300,0.2
"s2","s5",7.3000039023768,2,300,0.2
"s2","s5",6.93933980212785,2,300,0.2
"s2","s5",7.68170890211104,2,300,0.2
"s2","s5",7.4301255859272,2,300,0.2
"s2","s5",7.32349162818598,2,300,0.2
"s2","s5",7.11692937430506,2,300,0.2
"s2","s5",6.49722713590388,2,300,0.2
"s2","s5",6.88845482116673,2,300,0.2
"s2","s5",6.92214314949041,2,300,0.2
"s2","s5",6.70831828800239,2,300,0.2
"s2","s5",6.91123968671549,2,300,0.2
"s2","s5",6.97626412859859,2,300,0.2
"s2","s5",7.14469184125976,2,300,0.2
"s2","s5",6.90315328861386,2,300,0.2
"s2","s5",7.23789555200237,2,300,0.2
"s2","s5",6.90273938243543,2,300,0.2
"s2","s5",7.02879406008725,2,300,0.2
"s2","s5",7.11637470274683,2,300,0.2
"s2","s5",7.30636823184341,2,300,0.2
"s3","s1",7.54906455526225,2,300,0.2
"s3","s1",6.76660526775128,2,300,0.2
"s3","s1",6.45333123206902,2,300,0.2
"s3","s1",6.75272211970472,2,300,0.2
"s3","s1",6.95593732270523,2,300,0.2
"s3","s1",6.36550367681313,2,300,0.2
"s3","s1",6.30130008022564,2,300,0.2
"s3","s1",5.90598937350751,2,300,0.2
"s3","s1",6.70976770644276,2,300,0.2
"s3","s1",6.88734031777359,2,300,0.2
"s3","s1",5.92824301118372,2,300,0.2
"s3","s1",6.53225480809731,2,300,0.2
"s3","s1",6.53984007280556,2,300,0.2
"s3","s1",7.1235080749657,2,300,0.2
"s3","s1",6.91641982249685,2,300,0.2
"s3","s1",7.12301267076214,2,300,0.2
"s3","s1",6.13444586587575,2,300,0.2
"s3","s1",6.43571661763048,2,300,0.2
"s3","s1",6.75996955895858,2,300,0.2
"s3","s1",6.25967797337579,2,300,0.2
"s3","s1",6.33115932714364,2,300,0.2
"s3","s1",6.5176405531865,2,300,0.2
"s3","s1",5.91603566605124,2,300,0.2
"s3","s1",6.29376036290792,2,300,0.2
"s3","s1",6.6678795721087,2,300,0.2
"s3","s1",6.79714636123806,2,300,0.2
"s3","s1",6.19454516386403,2,300,0.2
"s3","s1",6.83595296040644,2,300,0.2
"s3","s1",6.28786880613109,2,300,0.2
"s3","s1",6.54215274766321,2,300,0.2
"s3","s1",6.25718997175741,2,300,0.2
"s3","s1",6.11193267216285,2,300,0.2
"s3","s1",6.55184032281677,2,300,0.2
"s3","s1",6.18609511896437,2,300,0.2
"s3","s1",6.18335617824791,2,300,0.2
"s3","s1",6.39404944146098,2,300,0.2
"s3","s1",6.51638006905482,2,300,0.2
"s3","s1",6.78648897349552,2,300,0.2
"s3","s1",6.02356611651927,2,300,0.2
"s3","s1",6.31414616110531,2,300,0.2
"s3","s1",6.95233209552334,2,300,0.2
"s3","s1",6.68946271690226,2,300,0.2
"s3","s1",7.01490681367827,2,300,0.2
"s3","s1",6.05973277251596,2,300,0.2
"s3","s1",6.23892368775253,2,300,0.2
"s3","s1",6.61977837446388,2,300,0.2
"s3","s1",6.2941527190832,2,300,0.2
"s3","s1",6.5136396558966,2,300,0.2
"s3","s1",6.77238268668972,2,300,0.2
"s3","s1",6.46113641176254,2,300,0.2
"s3","s1",6.25794166953784,2,300,0.2
"s3","s1",6.36453324657485,2,300,0.2
"s3","s1",6.51803378208888,2,300,0.2
"s3","s1",6.61657250428669,2,300,0.2
"s3","s1",5.90792405239454,2,300,0.2
"s3","s1",6.7317302198081,2,300,0.2
"s3","s1",6.4000394924758,2,300,0.2
"s3","s1",6.29611387588987,2,300,0.2
"s3","s1",6.78013574848904,2,300,0.2
"s3","s1",6.51925179122563,2,300,0.2
"s3","s1",6.15205902065808,2,300,0.2
"s3","s1",6.46278226323212,2,300,0.2
"s3","s1",6.54827044023146,2,300,0.2
"s3","s1",6.93737455482374,2,300,0.2
"s3","s1",6.26585221342465,2,300,0.2
"s3","s1",6.30053074920652,2,300,0.2
"s3","s1",6.64410858337059,2,300,0.2
"s3","s1",6.19487406127655,2,300,0.2
"s3","s1",6.3036509496489,2,300,0.2
"s3","s1",6.08631179595927,2,300,0.2
"s3","s1",6.50772352730854,2,300,0.2
"s3","s1",7.37695551438092,2,300,0.2
"s3","s1",6.5057378374981,2,300,0.2
"s3","s1",6.64616145124205,2,300,0.2
"s3","s1",6.39153801088418,2,300,0.2
"s3","s1",6.71982778375079,2,300,0.2
"s3","s1",6.39232404968126,2,300,0.2
"s3","s1",6.2900797394945,2,300,0.2
"s3","s1",6.61668411938616,2,300,0.2
"s3","s1",6.64057659463523,2,300,0.2
"s3","s1",6.24619652621496,2,300,0.2
"s3","s1",6.56898469816515,2,300,0.2
"s3","s1",6.21325693075283,2,300,0.2
"s3","s1",6.74981476987426,2,300,0.2
"s3","s1",6.54480376770356,2,300,0.2
"s3","s1",6.6936345675923,2,300,0.2
"s3","s1",6.35408686833568,2,300,0.2
"s3","s1",6.91275145392868,2,300,0.2
"s3","s1",6.72390454310178,2,300,0.2
"s3","s1",6.43653363764168,2,300,0.2
"s3","s1",6.12687274796089,2,300,0.2
"s3","s1",6.69567624294893,2,300,0.2
"s3","s1",6.16381402802753,2,300,0.2
"s3","s1",6.78068145189667,2,300,0.2
"s3","s1",6.20387136256449,2,300,0.2
"s3","s1",6.44369115007981,2,300,0.2
"s3","s1",6.55959278359188,2,300,0.2
"s3","s1",6.13676246751109,2,300,0.2
"s3","s1",6.28620309255977,2,300,0.2
"s3","s1",6.70833487002707,2,300,0.2
"s3","s1",6.46036071073859,2,300,0.2
"s3","s1",6.57155271742375,2,300,0.2
"s3","s1",6.27455671346226,2,300,0.2
"s3","s1",6.51027420487758,2,300,0.2
"s3","s1",6.73713793704106,2,300,0.2
"s3","s1",6.92223192433429,2,300,0.2
"s3","s1",6.40676861362275,2,300,0.2
"s3","s1",6.25342920602134,2,300,0.2
"s3","s1",6.32935114636615,2,300,0.2
"s3","s1",6.14913214564201,2,300,0.2
"s3","s1",6.91086770827976,2,300,0.2
"s3","s1",6.13197072460085,2,300,0.2
"s3","s1",6.51650613592619,2,300,0.2
"s3","s1",6.42299184427007,2,300,0.2
"s3","s1",5.96218264393855,2,300,0.2
"s3","s1",6.34255307655263,2,300,0.2
"s3","s1",6.42535463750969,2,300,0.2
"s3","s1",6.62430857262865,2,300,0.2
"s3","s1",6.3446625114344,2,300,0.2
"s3","s1",6.37727524104939,2,300,0.2
"s3","s1",6.51200730259583,2,300,0.2
"s3","s1",6.7991155324887,2,300,0.2
"s3","s1",7.14604932220222,2,300,0.2
"s3","s1",6.68376547382097,2,300,0.2
"s3","s1",6.81252017140893,2,300,0.2
"s3","s1",6.31161063889734,2,300,0.2
"s3","s1",6.53421572409705,2,300,0.2
"s3","s1",5.95410440556704,2,300,0.2
"s3","s1",7.07381897834298,2,300,0.2
"s3","s1",6.28608295932984,2,300,0.2
"s3","s1",6.48086187672692,2,300,0.2
"s3","s1",6.73342768308351,2,300,0.2
"s3","s1",6.37356906604098,2,300,0.2
"s3","s1",5.7996420008929,2,300,0.2
"s3","s1",6.57412073668236,2,300,0.2
"s3","s1",6.72326730475788,2,300,0.2
"s3","s1",6.9880295069776,2,300,0.2
"s3","s1",6.48956416296443,2,300,0.2
"s3","s1",6.52296579143823,2,300,0.2
"s3","s1",6.66872663763183,2,300,0.2
"s3","s1",6.83120927740218,2,300,0.2
"s3","s1",6.34280577261885,2,300,0.2
"s3","s1",6.10763721891418,2,300,0.2
"s3","s1",6.44057219143247,2,300,0.2
"s3","s1",6.35807407114919,2,300,0.2
"s3","s1",6.33506597629393,2,300,0.2
"s3","s1",6.17359466452587,2,300,0.2
"s3","s1",6.54890821527196,2,300,0.2
"s3","s1",6.39222873812071,2,300,0.2
"s3","s1",6.87265802481591,2,300,0.2
"s3","s1",6.78543861807985,2,300,0.2
"s3","s1",6.43135013899888,2,300,0.2
"s3","s1",6.02119071057547,2,300,0.2
"s3","s1",6.46216758447187,2,300,0.2
"s3","s1",6.70012435422853,2,300,0.2
"s3","s1",6.48918314538767,2,300,0.2
"s3","s1",6.3620067659939,2,300,0.2
"s3","s1",6.42105102723183,2,300,0.2
"s3","s1",6.76032634684839,2,300,0.2
"s3","s1",6.20035308409416,2,300,0.2
"s3","s1",6.4966414427947,2,300,0.2
"s3","s1",6.54190460665816,2,300,0.2
"s3","s1",7.10141768695814,2,300,0.2
"s3","s1",6.39838447462872,2,300,0.2
"s3","s1",6.85634909513079,2,300,0.2
"s3","s1",6.41918171609714,2,300,0.2
"s3","s1",6.52536945415036,2,300,0.2
"s3","s1",6.30487689116421,2,300,0.2
"s3","s1",6.7796580051705,2,300,0.2
"s3","s1",6.17045148322605,2,300,0.2
"s3","s1",6.12394197032839,2,300,0.2
"s3","s1",6.42550402247601,2,300,0.2
"s3","s1",6.36627867281571,2,300,0.2
"s3","s1",6.20467730221581,2,300,0.2
"s3","s1",6.89549095236876,2,300,0.2
"s3","s1",6.42647297762016,2,300,0.2
"s3","s1",6.33271976866791,2,300,0.2
"s3","s1",6.21594084517611,2,300,0.2
"s3","s1",6.18609511896437,2,300,0.2
"s3","s1",6.78515202929453,2,300,0.2
"s3","s1",6.43905246143601,2,300,0.2
"s3","s1",6.52696384757299,2,300,0.2
"s3","s1",6.46584113844017,2,300,0.2
"s3","s1",6.25420910356903,2,300,0.2
"s3","s1",6.28395889015934,2,300,0.2
"s3","s1",6.26123985552451,2,300,0.2
"s3","s1",6.67006117948221,2,300,0.2
"s3","s1",6.59676189059848,2,300,0.2
"s3","s1",6.71497905101265,2,300,0.2
"s3","s1",6.39071668064911,2,300,0.2
"s3","s1",6.33953599975635,2,300,0.2
"s3","s1",6.3236760775969,2,300,0.2
"s3","s1",6.05273447636117,2,300,0.2
"s3","s1",6.02981452707645,2,300,0.2
"s3","s1",6.60698930817874,2,300,0.2
"s3","s1",6.97412568079552,2,300,0.2
"s3","s1",6.64444468469193,2,300,0.2
"s3","s1",6.18966256990149,2,300,0.2
"s3","s1",6.35660430517274,2,300,0.2
"s3","s1",6.17092922693624,2,300,0.2
"s3","s1",6.62926931772361,2,300,0.2
"s3","s1",7.17534671232904,2,300,0.2
"s3","s1",6.61568494441815,2,300,0.2
"s3","s1",6.37822444595361,2,300,0.2
"s3","s1",6.17882550519396,2,300,0.2
"s3","s1",5.9966161607371,2,300,0.2
"s3","s1",6.47626588113448,2,300,0.2
"s3","s1",6.01556130037534,2,300,0.2
"s3","s1",6.66932527078798,2,300,0.2
"s3","s1",6.60825796682329,2,300,0.2
"s3","s1",6.12465490129719,2,300,0.2
"s3","s1",6.19843213709601,2,300,0.2
"s3","s1",6.31360504498124,2,300,0.2
"s3","s1",5.96008331926855,2,300,0.2
"s3","s1",6.27796597645957,2,300,0.2
"s3","s1",6.78376494008938,2,300,0.2
"s3","s1",6.65235040582691,2,300,0.2
"s3","s1",6.82895265718834,2,300,0.2
"s3","s1",6.33271976866791,2,300,0.2
"s3","s1",6.35729722256028,2,300,0.2
"s3","s1",6.44675298492302,2,300,0.2
"s3","s1",6.524789465033,2,300,0.2
"s3","s1",6.17910956712778,2,300,0.2
"s3","s1",6.31062489987844,2,300,0.2
"s3","s1",7.22322379397407,2,300,0.2
"s3","s1",6.88859874650021,2,300,0.2
"s3","s1",6.32370983457164,2,300,0.2
"s3","s1",6.34414470915051,2,300,0.2
"s3","s1",6.34186769952593,2,300,0.2
"s3","s1",6.24129771598164,2,300,0.2
"s3","s1",6.37984138285159,2,300,0.2
"s3","s1",6.67817515735581,2,300,0.2
"s3","s1",6.71260608303561,2,300,0.2
"s3","s1",6.88094120342544,2,300,0.2
"s3","s1",6.50379826750526,2,300,0.2
"s3","s1",6.58679952803184,2,300,0.2
"s3","s1",6.51437947477419,2,300,0.2
"s3","s1",6.97895470267332,2,300,0.2
"s3","s1",6.96134299235498,2,300,0.2
"s3","s1",6.40131949698214,2,300,0.2
"s3","s1",5.86175631556772,2,300,0.2
"s3","s1",6.56315307725666,2,300,0.2
"s3","s1",6.7579528338421,2,300,0.2
"s3","s1",6.63525304807255,2,300,0.2
"s3","s1",6.62511027194904,2,300,0.2
"s3","s1",6.87647566672097,2,300,0.2
"s3","s1",6.8626945256149,2,300,0.2
"s3","s1",6.75424516235939,2,300,0.2
"s3","s1",6.44800599988608,2,300,0.2
"s3","s1",6.3372809284586,2,300,0.2
"s3","s1",6.90560187418352,2,300,0.2
"s3","s1",6.52187376961663,2,300,0.2
"s3","s1",5.74024788759755,2,300,0.2
"s3","s1",6.76925521921652,2,300,0.2
"s3","s1",6.58074081960321,2,300,0.2
"s3","s1",6.34664712320105,2,300,0.2
"s3","s1",6.37662320937815,2,300,0.2
"s3","s1",6.46226001180791,2,300,0.2
"s3","s1",6.25363117844856,2,300,0.2
"s3","s1",6.71702668499137,2,300,0.2
"s3","s1",6.76506523450135,2,300,0.2
"s3","s1",7.17083571607037,2,300,0.2
"s3","s1",6.78614514874458,2,300,0.2
"s3","s1",6.59393120424975,2,300,0.2
"s3","s1",6.1848380776955,2,300,0.2
"s3","s1",6.7238922997783,2,300,0.2
"s3","s1",6.59156685873202,2,300,0.2
"s3","s1",6.52545662577172,2,300,0.2
"s3","s1",6.27497714360126,2,300,0.2
"s3","s1",6.11407115407692,2,300,0.2
"s3","s1",6.9971502966952,2,300,0.2
"s3","s1",6.66112053318368,2,300,0.2
"s3","s1",6.64091713046492,2,300,0.2
"s3","s1",7.15709068585647,2,300,0.2
"s3","s1",6.81428459682553,2,300,0.2
"s3","s1",6.46416220849844,2,300,0.2
"s3","s1",6.58430535602422,2,300,0.2
"s3","s1",6.41477169155536,2,300,0.2
"s3","s1",6.80231806936307,2,300,0.2
"s3","s1",6.27497714360126,2,300,0.2
"s3","s1",6.31126058893054,2,300,0.2
"s3","s1",6.85558572769661,2,300,0.2
"s3","s1",6.90041721427849,2,300,0.2
"s3","s1",6.37727524104939,2,300,0.2
"s3","s1",6.24411946435728,2,300,0.2
"s3","s1",6.16396356272472,2,300,0.2
"s3","s1",6.76954825598878,2,300,0.2
"s3","s1",7.22265690253312,2,300,0.2
"s3","s1",6.22291267407628,2,300,0.2
"s3","s1",6.35052800572247,2,300,0.2
"s3","s1",6.17407916551261,2,300,0.2
"s3","s1",6.44667424395808,2,300,0.2
"s3","s1",6.39222873812071,2,300,0.2
"s3","s1",6.7434169476034,2,300,0.2
"s3","s1",6.22545279490599,2,300,0.2
"s3","s1",6.44061538969345,2,300,0.2
"s3","s1",6.12139711504944,2,300,0.2
"s3","s1",6.59798075982225,2,300,0.2
"s3","s1",6.71544445962846,2,300,0.2
"s3","s1",6.69232905645379,2,300,0.2
"s3","s1",6.38057237740867,2,300,0.2
"s3","s1",6.89166551751737,2,300,0.2
"s3","s1",6.35767600539081,2,300,0.2
"s3","s1",6.64410858337059,2,300,0.2
"s3","s1",6.31099102196083,2,300,0.2
"s3","s1",6.46175867961915,2,300,0.2
"s3","s1",5.99209418717135,2,300,0.2
"s3","s1",6.93525982746945,2,300,0.2
"s3","s1",6.04535164559723,2,300,0.2
"s3","s1",6.91562319827719,2,300,0.2
"s3","s1",6.82763219659682,2,300,0.2
"s3","s1",7.03678647884593,2,300,0.2
"s3","s1",6.39740473784305,2,300,0.2
"s3","s1",6.27354565036116,2,300,0.2
"s3","s1",6.97839183206221,2,300,0.2
"s3","s1",6.63016260828959,2,300,0.2
"s3","s1",6.35906130590287,2,300,0.2
"s3","s1",6.80790410372162,2,300,0.2
"s3","s1",6.54927482300664,2,300,0.2
"s3","s1",6.26209042156519,2,300,0.2
"s3","s1",6.13842358909565,2,300,0.2
"s3","s1",6.33217996628181,2,300,0.2
"s3","s1",6.49290921359079,2,300,0.2
"s3","s1",6.03605585740153,2,300,0.2
"s3","s1",6.92358020603373,2,300,0.2
"s3","s1",6.49104617948923,2,300,0.2
"s3","s1",7.13353832482382,2,300,0.2
"s3","s1",6.95396354036001,2,300,0.2
"s3","s1",6.81068838271697,2,300,0.2
"s3","s1",6.7935547556326,2,300,0.2
"s3","s1",6.13709112951621,2,300,0.2
"s3","s1",6.3430204269018,2,300,0.2
"s3","s1",6.20140216755112,2,300,0.2
"s3","s1",6.45440541426914,2,300,0.2
"s3","s1",6.6079459596225,2,300,0.2
"s3","s1",6.29556607031466,2,300,0.2
"s3","s1",6.2071255297039,2,300,0.2
"s3","s1",6.94004240927693,2,300,0.2
"s3","s1",6.75868986082482,2,300,0.2
"s3","s1",6.83269072105224,2,300,0.2
"s3","s1",6.40811035156256,2,300,0.2
"s3","s1",6.33859153225939,2,300,0.2
"s3","s1",6.54190732069594,2,300,0.2
"s3","s1",6.25848727355364,2,300,0.2
"s3","s1",6.2054984461342,2,300,0.2
"s3","s1",6.10689888666237,2,300,0.2
"s3","s1",7.2837352995877,2,300,0.2
"s3","s1",6.43099308228673,2,300,0.2
"s3","s1",6.67401801703573,2,300,0.2
"s3","s1",6.42515217079433,2,300,0.2
"s3","s1",6.48299024333562,2,300,0.2
"s3","s1",6.32056980416912,2,300,0.2
"s3","s1",6.43985980277765,2,300,0.2
"s3","s1",6.53419291317879,2,300,0.2
"s3","s1",6.80834300311631,2,300,0.2
"s3","s1",6.36627867281571,2,300,0.2
"s3","s1",6.14389317738576,2,300,0.2
"s3","s1",6.4548967947475,2,300,0.2
"s3","s1",6.96905654630573,2,300,0.2
"s3","s1",6.47417954836897,2,300,0.2
"s3","s1",6.16542949411539,2,300,0.2
"s3","s1",6.23733299006793,2,300,0.2
"s3","s1",6.46588057871703,2,300,0.2
"s3","s1",6.69216899484906,2,300,0.2
"s3","s1",6.84200583804648,2,300,0.2
"s3","s1",6.3813180281262,2,300,0.2
"s3","s1",6.63097704819457,2,300,0.2
"s3","s1",6.4609920512147,2,300,0.2
"s3","s1",6.44341687810031,2,300,0.2
"s3","s1",6.477934056507,2,300,0.2
"s3","s1",6.83350218315286,2,300,0.2
"s3","s1",6.5768521758184,2,300,0.2
"s3","s1",6.18880784223583,2,300,0.2
"s3","s1",6.13717876590395,2,300,0.2
"s3","s1",6.59288040300832,2,300,0.2
"s3","s1",5.99932932071007,2,300,0.2
"s3","s1",6.2692651381613,2,300,0.2
"s3","s1",6.19817840521408,2,300,0.2
"s3","s1",6.87774448448754,2,300,0.2
"s3","s1",5.93734294137959,2,300,0.2
"s3","s1",6.53155866379481,2,300,0.2
"s3","s1",6.89124314602394,2,300,0.2
"s3","s1",6.65070742800482,2,300,0.2
"s3","s1",6.27819446992277,2,300,0.2
"s3","s1",6.32041200962813,2,300,0.2
"s3","s1",6.4230207276045,2,300,0.2
"s3","s1",7.02114443675134,2,300,0.2
"s3","s1",5.88306568284024,2,300,0.2
"s3","s1",6.31791144465166,2,300,0.2
"s3","s1",6.56001182312019,2,300,0.2
"s3","s1",6.72390454310178,2,300,0.2
"s3","s1",6.27748996304257,2,300,0.2
"s3","s1",6.9969841402237,2,300,0.2
"s3","s1",6.16186596963425,2,300,0.2
"s3","s1",6.58682978852092,2,300,0.2
"s3","s1",6.8523828970124,2,300,0.2
"s3","s1",6.67189572464235,2,300,0.2
"s3","s1",6.43807757603313,2,300,0.2
"s3","s1",6.41393222395652,2,300,0.2
"s3","s1",6.27551708337464,2,300,0.2
"s3","s1",6.27430781316168,2,300,0.2
"s3","s1",7.02284439233115,2,300,0.2
"s3","s1",6.33664126348195,2,300,0.2
"s3","s1",6.90394214390412,2,300,0.2
"s3","s1",6.82895265718834,2,300,0.2
"s3","s1",6.52535842323306,2,300,0.2
"s3","s1",6.03866699446811,2,300,0.2
"s3","s1",6.16678347963316,2,300,0.2
"s3","s1",6.54203921639206,2,300,0.2
"s3","s1",6.55882020239127,2,300,0.2
"s3","s1",6.0025245349972,2,300,0.2
"s3","s1",6.28620309255977,2,300,0.2
"s3","s1",6.07878127033082,2,300,0.2
"s3","s1",6.47185286364783,2,300,0.2
"s3","s1",6.74899436423777,2,300,0.2
"s3","s1",6.81879452245869,2,300,0.2
"s3","s1",6.60494941188338,2,300,0.2
"s3","s1",6.7138798110064,2,300,0.2
"s3","s1",6.33380644323175,2,300,0.2
"s3","s1",6.364494676153,2,300,0.2
"s3","s1",6.33817975989219,2,300,0.2
"s3","s1",5.81761282850287,2,300,0.2
"s3","s1",6.56863844359374,2,300,0.2
"s3","s1",6.595901790538,2,300,0.2
"s3","s1",6.25290239092251,2,300,0.2
"s3","s1",6.78401982792667,2,300,0.2
"s3","s1",6.58161477069785,2,300,0.2
"s3","s1",6.91919361924081,2,300,0.2
"s3","s1",7.21999399147795,2,300,0.2
"s3","s1",6.94397159672457,2,300,0.2
"s3","s1",6.85445031900156,2,300,0.2
"s3","s1",6.51073894024825,2,300,0.2
"s3","s1",6.23858202047537,2,300,0.2
"s3","s1",6.45119508559021,2,300,0.2
"s3","s1",6.41055729726671,2,300,0.2
"s3","s1",6.8160024132495,2,300,0.2
"s3","s1",6.54939969467813,2,300,0.2
"s3","s1",6.477934056507,2,300,0.2
"s3","s1",6.63252310672472,2,300,0.2
"s3","s1",6.43216315866301,2,300,0.2
"s3","s1",6.2688795894,2,300,0.2
"s3","s1",6.7871594467253,2,300,0.2
"s3","s1",6.32460093778205,2,300,0.2
"s3","s1",6.55520857636327,2,300,0.2
"s3","s1",6.09931093019631,2,300,0.2
"s3","s1",6.29053639485041,2,300,0.2
"s3","s1",6.24398169411825,2,300,0.2
"s3","s1",6.45895958668575,2,300,0.2
"s3","s1",6.1017967039354,2,300,0.2
"s3","s1",6.56376141605491,2,300,0.2
"s3","s1",6.43624218028243,2,300,0.2
"s3","s1",6.30503013912936,2,300,0.2
"s3","s1",6.37577559686115,2,300,0.2
"s3","s1",6.66786121902604,2,300,0.2
"s3","s1",6.47755931458283,2,300,0.2
"s3","s1",6.9367742898354,2,300,0.2
"s3","s1",6.37870233301865,2,300,0.2
"s3","s1",6.19153692982773,2,300,0.2
"s3","s1",6.42370348565191,2,300,0.2
"s3","s1",6.19906051010128,2,300,0.2
"s3","s1",6.18279954101112,2,300,0.2
"s3","s1",6.17916655474601,2,300,0.2
"s3","s1",5.90751218569827,2,300,0.2
"s3","s1",6.39155157229926,2,300,0.2
"s3","s1",6.38370517552319,2,300,0.2
"s3","s1",6.74646932568268,2,300,0.2
"s3","s1",6.43399288688058,2,300,0.2
"s3","s1",6.18151190090708,2,300,0.2
"s3","s1",6.32864547023753,2,300,0.2
"s3","s1",6.46452473171017,2,300,0.2
"s3","s1",6.51815221713699,2,300,0.2
"s3","s1",6.93299833328335,2,300,0.2
"s3","s1",6.34875341854467,2,300,0.2
"s3","s1",6.67195534440506,2,300,0.2
"s3","s1",5.90156452482771,2,300,0.2
"s3","s1",6.58993221697552,2,300,0.2
"s3","s1",6.91943757418287,2,300,0.2
"s3","s1",6.43418936166361,2,300,0.2
"s3","s1",6.95771496183959,2,300,0.2
"s3","s1",6.24002937088149,2,300,0.2
"s3","s1",6.59083071960072,2,300,0.2
"s3","s1",6.49529602939477,2,300,0.2
"s3","s1",6.19906051010128,2,300,0.2
"s3","s1",6.60196905153563,2,300,0.2
"s3","s1",6.77598800814673,2,300,0.2
"s3","s1",6.83720633225506,2,300,0.2
"s3","s1",6.04805585577669,2,300,0.2
"s3","s1",6.64444468469193,2,300,0.2
"s3","s1",6.17923898098015,2,300,0.2
"s3","s1",5.93057525362568,2,300,0.2
"s3","s1",6.42718543330169,2,300,0.2
"s3","s1",6.51485007977799,2,300,0.2
"s3","s1",6.96539890847987,2,300,0.2
"s3","s1",6.24568619277785,2,300,0.2
"s3","s1",6.74851477996897,2,300,0.2
"s3","s1",6.01071874933378,2,300,0.2
"s3","s1",6.48629381425011,2,300,0.2
"s3","s1",6.14292771555407,2,300,0.2
"s3","s1",6.58967004372883,2,300,0.2
"s3","s1",6.24014613327805,2,300,0.2
"s3","s1",6.4422466400641,2,300,0.2
"s3","s1",7.04620015368324,2,300,0.2
"s3","s1",6.43135013899888,2,300,0.2
"s3","s1",6.76158651375738,2,300,0.2
"s3","s1",6.14144847620628,2,300,0.2
"s3","s1",6.36574688865227,2,300,0.2
"s3","s1",6.38264440407058,2,300,0.2
"s3","s1",5.87773847476382,2,300,0.2
"s3","s1",6.54281993998863,2,300,0.2
"s3","s1",6.34138481869382,2,300,0.2
"s3","s1",6.40679158161036,2,300,0.2
"s3","s1",6.57412073668236,2,300,0.2
"s3","s1",6.18280263006139,2,300,0.2
"s3","s1",6.2131334525161,2,300,0.2
"s3","s1",6.42575540590347,2,300,0.2
"s3","s1",6.89845144211395,2,300,0.2
"s3","s1",6.2170319032129,2,300,0.2
"s3","s1",6.19946328769197,2,300,0.2
"s3","s1",6.13419252338993,2,300,0.2
"s3","s1",6.70193361958974,2,300,0.2
"s3","s1",6.28395889015934,2,300,0.2
"s3","s1",6.22674357306208,2,300,0.2
"s3","s1",6.58737503235006,2,300,0.2
"s3","s1",6.539979085189,2,300,0.2
"s3","s1",6.34035636020015,2,300,0.2
"s3","s1",6.8921161921208,2,300,0.2
"s3","s1",6.80615384731435,2,300,0.2
"s3","s1",6.58789576879463,2,300,0.2
"s3","s1",6.56035975525099,2,300,0.2
"s3","s1",6.30629966196897,2,300,0.2
"s3","s1",6.501573477967,2,300,0.2
"s3","s1",6.1750931480282,2,300,0.2
"s3","s1",6.59815076591991,2,300,0.2
"s3","s1",6.39988871753813,2,300,0.2
"s3","s1",6.63384309780555,2,300,0.2
"s3","s1",6.44793035487985,2,300,0.2
"s3","s1",6.92160859384519,2,300,0.2
"s3","s1",6.23293067227046,2,300,0.2
"s3","s1",6.4597012799203,2,300,0.2
"s3","s1",6.17976046145817,2,300,0.2
"s3","s1",6.33193406402447,2,300,0.2
"s3","s1",6.42683698919796,2,300,0.2
"s3","s1",6.58293347821808,2,300,0.2
"s3","s1",6.34141117116614,2,300,0.2
"s3","s1",6.07830324210011,2,300,0.2
"s3","s1",6.3430204269018,2,300,0.2
"s3","s1",6.81158541221874,2,300,0.2
"s3","s1",6.53805474892202,2,300,0.2
"s3","s1",6.12624162340229,2,300,0.2
"s3","s1",6.7254139080669,2,300,0.2
"s3","s1",6.45377188398544,2,300,0.2
"s3","s1",6.35401009496354,2,300,0.2
"s3","s1",6.83518449442516,2,300,0.2
"s3","s1",6.54228871744469,2,300,0.2
"s3","s1",6.52477047712806,2,300,0.2
"s3","s1",6.08916444799792,2,300,0.2
"s3","s1",6.68847232897235,2,300,0.2
"s3","s1",6.62511027194904,2,300,0.2
"s3","s1",6.43473263230158,2,300,0.2
"s3","s1",7.317634894779,2,300,0.2
"s3","s1",6.85449866029521,2,300,0.2
"s3","s1",6.42353131072377,2,300,0.2
"s3","s1",6.7096361620369,2,300,0.2
"s3","s1",6.18151190090708,2,300,0.2
"s3","s1",6.51803378208888,2,300,0.2
"s3","s1",6.53928220585878,2,300,0.2
"s3","s1",6.05746587383794,2,300,0.2
"s3","s1",6.63202133294865,2,300,0.2
"s3","s1",6.93057867638626,2,300,0.2
"s3","s1",5.97542545049421,2,300,0.2
"s3","s1",6.70649465918112,2,300,0.2
"s3","s1",6.6068068394241,2,300,0.2
"s3","s1",6.67970255906423,2,300,0.2
"s3","s1",6.39950899749049,2,300,0.2
"s3","s1",6.48370491931399,2,300,0.2
"s3","s1",6.59452782269979,2,300,0.2
"s3","s1",6.75791208511185,2,300,0.2
"s3","s1",6.64114031543703,2,300,0.2
"s3","s1",6.40326176174693,2,300,0.2
"s3","s1",6.18194095852144,2,300,0.2
"s3","s1",7.06669819172109,2,300,0.2
"s3","s1",6.39185187856063,2,300,0.2
"s3","s1",6.84198120774366,2,300,0.2
"s3","s1",6.19843213709601,2,300,0.2
"s3","s1",6.51668976603855,2,300,0.2
"s3","s1",6.35004406752518,2,300,0.2
"s3","s1",6.68474777712276,2,300,0.2
"s3","s1",6.27309196123934,2,300,0.2
"s3","s1",6.26423243432978,2,300,0.2
"s3","s1",6.42690094753102,2,300,0.2
"s3","s1",6.63071588366407,2,300,0.2
"s3","s1",6.32280745484168,2,300,0.2
"s3","s1",6.75149124634072,2,300,0.2
"s3","s1",6.32056980416912,2,300,0.2
"s3","s1",7.10563204186636,2,300,0.2
"s3","s1",6.66682913646217,2,300,0.2
"s3","s1",6.49800397889595,2,300,0.2
"s3","s1",6.42687678416202,2,300,0.2
"s3","s1",6.54939969467813,2,300,0.2
"s3","s1",6.50731332091141,2,300,0.2
"s3","s1",6.17976046145817,2,300,0.2
"s3","s1",6.77200304663392,2,300,0.2
"s3","s1",6.66174112718167,2,300,0.2
"s3","s1",6.22578994277478,2,300,0.2
"s3","s1",6.40711936086105,2,300,0.2
"s3","s1",6.67401801703573,2,300,0.2
"s3","s1",6.43985980277765,2,300,0.2
"s3","s1",6.98472733441312,2,300,0.2
"s3","s1",6.90906032196906,2,300,0.2
"s3","s1",6.12176058102878,2,300,0.2
"s3","s1",6.52472287801121,2,300,0.2
"s3","s1",6.58707251423428,2,300,0.2
"s3","s1",6.4528905801526,2,300,0.2
"s3","s1",6.70630632537482,2,300,0.2
"s3","s1",6.43958679066927,2,300,0.2
"s3","s1",6.44380517969432,2,300,0.2
"s3","s1",6.64939195311059,2,300,0.2
"s3","s1",5.86180720120113,2,300,0.2
"s3","s1",6.92377932302463,2,300,0.2
"s3","s1",6.67873469417884,2,300,0.2
"s3","s1",6.77773070980534,2,300,0.2
"s3","s1",6.17621828732817,2,300,0.2
"s3","s1",6.62151461334687,2,300,0.2
"s3","s1",6.3354956354132,2,300,0.2
"s3","s1",6.35767600539081,2,300,0.2
"s3","s1",6.58074081960321,2,300,0.2
"s3","s1",6.51428526767731,2,300,0.2
"s3","s1",6.85120684219731,2,300,0.2
"s3","s1",6.84941797586252,2,300,0.2
"s3","s1",6.75949782338906,2,300,0.2
"s3","s1",6.20644403833222,2,300,0.2
"s3","s1",6.46562474799197,2,300,0.2
"s3","s1",6.28918006545883,2,300,0.2
"s3","s1",6.36453324657485,2,300,0.2
"s3","s1",7.10957297497501,2,300,0.2
"s3","s1",6.95752902495681,2,300,0.2
"s3","s1",6.17989868322911,2,300,0.2
"s3","s1",6.79069334966742,2,300,0.2
"s3","s1",6.6453294896144,2,300,0.2
"s3","s1",6.49250773476179,2,300,0.2
"s3","s1",6.38370517552319,2,300,0.2
"s3","s1",6.18126902523929,2,300,0.2
"s3","s1",6.50379826750526,2,300,0.2
"s3","s1",5.9003628795645,2,300,0.2
"s3","s1",6.31485840585327,2,300,0.2
"s3","s1",6.72854290614953,2,300,0.2
"s3","s1",6.4093157717142,2,300,0.2
"s3","s1",6.3620067659939,2,300,0.2
"s3","s1",6.62383545194751,2,300,0.2
"s3","s1",6.45964946483564,2,300,0.2
"s3","s1",6.77615812709041,2,300,0.2
"s3","s1",6.29096443420931,2,300,0.2
"s3","s1",6.42009792102283,2,300,0.2
"s3","s1",6.23849505381517,2,300,0.2
"s3","s1",6.6068068394241,2,300,0.2
"s3","s1",6.87556979024626,2,300,0.2
"s3","s1",6.51665179022868,2,300,0.2
"s3","s1",6.05193151282407,2,300,0.2
"s3","s1",7.08870503149434,2,300,0.2
"s3","s1",6.57412073668236,2,300,0.2
"s3","s1",6.71801836756464,2,300,0.2
"s3","s1",6.57090843672287,2,300,0.2
"s3","s1",6.29068109877027,2,300,0.2
"s3","s1",6.03043506123296,2,300,0.2
"s3","s1",6.28981245390156,2,300,0.2
"s3","s1",6.61557071610658,2,300,0.2
"s3","s1",6.82813255528966,2,300,0.2
"s3","s1",6.25828938628349,2,300,0.2
"s3","s1",6.90040191207045,2,300,0.2
"s3","s1",6.95607918372222,2,300,0.2
"s3","s1",6.30206352215271,2,300,0.2
"s3","s1",6.70581077113317,2,300,0.2
"s3","s1",5.88426847578936,2,300,0.2
"s3","s1",6.72870188378732,2,300,0.2
"s3","s1",6.73073020408096,2,300,0.2
"s3","s1",7.04550960861355,2,300,0.2
"s3","s1",6.79307375938076,2,300,0.2
"s3","s1",6.60171576220376,2,300,0.2
"s3","s1",6.7868706746388,2,300,0.2
"s3","s1",6.5490658579033,2,300,0.2
"s3","s1",6.02506418220298,2,300,0.2
"s3","s1",6.47623482253752,2,300,0.2
"s3","s1",6.51697939837715,2,300,0.2
"s3","s1",6.29406301838908,2,300,0.2
"s3","s1",5.75277221057728,2,300,0.2
"s3","s1",6.3164426299372,2,300,0.2
"s3","s1",6.96659073603516,2,300,0.2
"s3","s1",6.61805070381083,2,300,0.2
"s3","s1",6.61029681919671,2,300,0.2
"s3","s1",6.01956166247214,2,300,0.2
"s3","s1",6.13713450508821,2,300,0.2
"s3","s1",6.49572064799838,2,300,0.2
"s3","s1",6.0780059420498,2,300,0.2
"s3","s1",6.16227876424159,2,300,0.2
"s3","s1",6.92105830275564,2,300,0.2
"s3","s1",6.69583694837985,2,300,0.2
"s3","s1",6.44411499200899,2,300,0.2
"s3","s1",6.35998571853552,2,300,0.2
"s3","s1",5.94150743123276,2,300,0.2
"s3","s1",6.43263838292492,2,300,0.2
"s3","s1",6.09996226691391,2,300,0.2
"s3","s1",5.98302336108455,2,300,0.2
"s3","s1",6.33171210202086,2,300,0.2
"s3","s1",6.99666771391141,2,300,0.2
"s3","s1",6.94532826845717,2,300,0.2
"s3","s1",6.11808432806788,2,300,0.2
"s3","s1",6.61595855568657,2,300,0.2
"s3","s1",7.19471188067232,2,300,0.2
"s3","s1",6.10433199752548,2,300,0.2
"s3","s1",7.30204642941942,2,300,0.2
"s3","s1",5.91508711988469,2,300,0.2
"s3","s1",6.10683818461104,2,300,0.2
"s3","s1",7.03444282738694,2,300,0.2
"s3","s1",7.26427485570365,2,300,0.2
"s3","s1",6.62254642505331,2,300,0.2
"s3","s1",6.38311104726543,2,300,0.2
"s3","s1",6.21265211596635,2,300,0.2
"s3","s1",6.8895981404002,2,300,0.2
"s3","s1",6.55433409301972,2,300,0.2
"s3","s1",6.71971171565585,2,300,0.2
"s3","s1",6.63194795332079,2,300,0.2
"s3","s1",6.82860981654113,2,300,0.2
"s3","s1",6.2186131567959,2,300,0.2
"s3","s1",6.22015671461857,2,300,0.2
"s3","s1",6.83840373766003,2,300,0.2
"s3","s1",6.28039316253185,2,300,0.2
"s3","s1",6.79417723011252,2,300,0.2
"s3","s1",6.06239417170696,2,300,0.2
"s3","s1",6.42674172215573,2,300,0.2
"s3","s1",7.02245585770593,2,300,0.2
"s3","s1",6.74520870294396,2,300,0.2
"s3","s1",6.47718277014269,2,300,0.2
"s3","s1",6.41977796955447,2,300,0.2
"s3","s1",6.57190151804724,2,300,0.2
"s3","s1",6.76158651375738,2,300,0.2
"s3","s1",6.16173901653116,2,300,0.2
"s3","s1",5.9387782230324,2,300,0.2
"s3","s1",6.38359364697004,2,300,0.2
"s3","s1",6.4398419505366,2,300,0.2
"s3","s1",6.51973958325217,2,300,0.2
"s3","s1",6.31485840585327,2,300,0.2
"s3","s1",6.57543985625112,2,300,0.2
"s3","s1",6.70613078992307,2,300,0.2
"s3","s1",7.12396585921243,2,300,0.2
"s3","s1",6.10439617186773,2,300,0.2
"s3","s1",6.41918171609714,2,300,0.2
"s3","s1",6.19840744340805,2,300,0.2
"s3","s1",6.40158809134808,2,300,0.2
"s3","s1",7.4008705249203,2,300,0.2
"s3","s1",6.44753161840738,2,300,0.2
"s3","s1",6.5520810029476,2,300,0.2
"s3","s1",6.77892468077636,2,300,0.2
"s3","s1",6.90551852712693,2,300,0.2
"s3","s1",6.55882020239127,2,300,0.2
"s3","s1",6.37870233301865,2,300,0.2
"s3","s1",6.78072137067996,2,300,0.2
"s3","s1",6.80566920876257,2,300,0.2
"s3","s1",6.98211428703634,2,300,0.2
"s3","s1",6.5520810029476,2,300,0.2
"s3","s1",6.49868400632656,2,300,0.2
"s3","s1",6.97683796782303,2,300,0.2
"s3","s1",6.44174545512606,2,300,0.2
"s3","s1",6.66786121902604,2,300,0.2
"s3","s1",6.28408707046964,2,300,0.2
"s3","s1",6.12435632150468,2,300,0.2
"s3","s1",6.27497714360126,2,300,0.2
"s3","s1",6.42033277287439,2,300,0.2
"s3","s1",6.28149552119559,2,300,0.2
"s3","s1",6.43372511176483,2,300,0.2
"s3","s1",6.60318480101492,2,300,0.2
"s3","s1",7.02188731324124,2,300,0.2
"s3","s1",6.31381109520291,2,300,0.2
"s3","s1",6.45895958668575,2,300,0.2
"s3","s1",6.28518195332464,2,300,0.2
"s3","s1",6.1837304488816,2,300,0.2
"s3","s1",6.93945816369212,2,300,0.2
"s3","s1",6.7250598956547,2,300,0.2
"s3","s1",6.51627920090459,2,300,0.2
"s3","s1",6.02486214042738,2,300,0.2
"s3","s1",6.58191422346277,2,300,0.2
"s3","s1",6.46834854616571,2,300,0.2
"s3","s1",6.98033991457865,2,300,0.2
"s3","s1",6.75570945079619,2,300,0.2
"s3","s1",6.69418542810787,2,300,0.2
"s3","s1",6.93987575570247,2,300,0.2
"s3","s1",6.559240519201,2,300,0.2
"s3","s1",6.43065532223561,2,300,0.2
"s3","s1",6.59813048620471,2,300,0.2
"s3","s1",6.75116274233804,2,300,0.2
"s3","s1",6.62616201105747,2,300,0.2
"s3","s1",6.32694437632296,2,300,0.2
"s3","s1",6.45795308633625,2,300,0.2
"s3","s1",6.86517515844491,2,300,0.2
"s3","s1",6.58967004372883,2,300,0.2
"s3","s1",7.0914759460253,2,300,0.2
"s3","s1",6.7716028103294,2,300,0.2
"s3","s1",6.55738148693563,2,300,0.2
"s3","s1",6.33193406402447,2,300,0.2
"s3","s1",6.38901446592909,2,300,0.2
"s3","s1",6.18200084692739,2,300,0.2
"s3","s1",6.78009873304573,2,300,0.2
"s3","s1",6.01476604537184,2,300,0.2
"s3","s1",6.28429711252858,2,300,0.2
"s3","s1",6.98486885863446,2,300,0.2
"s3","s1",6.0745309075417,2,300,0.2
"s3","s1",6.41036190278344,2,300,0.2
"s3","s1",6.41198682475004,2,300,0.2
"s3","s1",6.63078783568949,2,300,0.2
"s3","s1",6.45982249861484,2,300,0.2
"s3","s1",6.80215678053369,2,300,0.2
"s3","s1",6.43571308608046,2,300,0.2
"s3","s1",6.19821802592661,2,300,0.2
"s3","s1",6.64710110442064,2,300,0.2
"s3","s1",7.0331835980591,2,300,0.2
"s3","s1",6.53725267299238,2,300,0.2
"s3","s1",5.89316769798766,2,300,0.2
"s3","s1",6.94777862175675,2,300,0.2
"s3","s1",6.45895958668575,2,300,0.2
"s3","s1",7.05166971604859,2,300,0.2
"s3","s1",6.34134846293943,2,300,0.2
"s3","s1",6.69560601133599,2,300,0.2
"s3","s1",7.11158915905079,2,300,0.2
"s3","s1",6.86859347338043,2,300,0.2
"s3","s1",6.53395675018083,2,300,0.2
"s3","s1",6.52276605612292,2,300,0.2
"s3","s1",6.78893599715962,2,300,0.2
"s3","s1",6.59353544568083,2,300,0.2
"s3","s1",7.06597795080842,2,300,0.2
"s3","s1",6.52915205915871,2,300,0.2
"s3","s1",6.59353544568083,2,300,0.2
"s3","s1",6.47279248040374,2,300,0.2
"s3","s1",6.51865844344614,2,300,0.2
"s3","s1",6.99037550628063,2,300,0.2
"s3","s1",6.25346825398222,2,300,0.2
"s3","s1",6.37439549735989,2,300,0.2
"s3","s1",6.45096926818562,2,300,0.2
"s3","s1",6.01940397603411,2,300,0.2
"s3","s1",6.93926331590015,2,300,0.2
"s3","s1",6.62464708652181,2,300,0.2
"s3","s1",6.62509360179678,2,300,0.2
"s3","s1",5.91911217749082,2,300,0.2
"s3","s1",6.47560105616741,2,300,0.2
"s3","s1",6.42391880499642,2,300,0.2
"s3","s1",6.92312438492242,2,300,0.2
"s3","s1",6.10038759776833,2,300,0.2
"s3","s1",6.49930115585667,2,300,0.2
"s3","s1",6.40839004219212,2,300,0.2
"s3","s1",7.38657918851834,2,300,0.2
"s3","s1",6.46180649822598,2,300,0.2
"s3","s1",6.21337762793816,2,300,0.2
"s3","s1",6.5453823012947,2,300,0.2
"s3","s1",6.80960742667634,2,300,0.2
"s3","s1",7.10406054368457,2,300,0.2
"s3","s1",6.53225480809731,2,300,0.2
"s3","s1",6.81687907878058,2,300,0.2
"s3","s1",6.7835009962058,2,300,0.2
"s3","s1",6.30966587580775,2,300,0.2
"s3","s1",6.59248940160097,2,300,0.2
"s3","s1",6.99804277267634,2,300,0.2
"s3","s1",6.7833730065661,2,300,0.2
"s3","s1",6.10082168310646,2,300,0.2
"s3","s1",6.7148906824451,2,300,0.2
"s3","s1",6.19952809969692,2,300,0.2
"s3","s1",6.81588406093033,2,300,0.2
"s3","s1",6.63024263526342,2,300,0.2
"s3","s1",6.72452205453073,2,300,0.2
"s3","s1",6.93842159770976,2,300,0.2
"s3","s1",5.95995453704249,2,300,0.2
"s3","s1",6.73677851017933,2,300,0.2
"s3","s1",6.53315227220968,2,300,0.2
"s3","s1",6.38811028806759,2,300,0.2
"s3","s1",6.53804886500356,2,300,0.2
"s3","s1",6.81588406093033,2,300,0.2
"s3","s1",6.44800599988608,2,300,0.2
"s3","s1",6.79954683210019,2,300,0.2
"s3","s1",6.50706914512225,2,300,0.2
"s3","s1",6.70649465918112,2,300,0.2
"s3","s1",6.29315089901041,2,300,0.2
"s3","s1",6.77512965875496,2,300,0.2
"s3","s1",6.59280715153005,2,300,0.2
"s3","s1",6.72860843925957,2,300,0.2
"s3","s1",6.18725845147955,2,300,0.2
"s3","s1",6.52834403686921,2,300,0.2
"s3","s1",6.48811538467577,2,300,0.2
"s3","s1",6.85754155340653,2,300,0.2
"s3","s1",6.18810639869071,2,300,0.2
"s3","s1",6.72620333456405,2,300,0.2
"s3","s1",6.81167469393736,2,300,0.2
"s3","s1",6.37770717100759,2,300,0.2
"s3","s1",7.07160446673007,2,300,0.2
"s3","s1",6.44049927289339,2,300,0.2
"s3","s1",6.98025148340356,2,300,0.2
"s3","s1",6.27290248729653,2,300,0.2
"s3","s1",6.88862952271057,2,300,0.2
"s3","s1",7.06114866477219,2,300,0.2
"s3","s1",6.7238922997783,2,300,0.2
"s3","s1",6.56409042741129,2,300,0.2
"s3","s1",6.88070178846325,2,300,0.2
"s3","s1",6.41573322929662,2,300,0.2
"s3","s1",6.83181050116151,2,300,0.2
"s3","s1",6.18368127134228,2,300,0.2
"s3","s1",6.21485985278795,2,300,0.2
"s3","s1",6.54827468761268,2,300,0.2
"s3","s1",6.04953757598209,2,300,0.2
"s3","s1",6.39656882918121,2,300,0.2
"s3","s1",6.33287444605747,2,300,0.2
"s3","s1",6.82557243320767,2,300,0.2
"s3","s1",5.96169551862231,2,300,0.2
"s3","s1",6.61340124874137,2,300,0.2
"s3","s1",7.29591118883567,2,300,0.2
"s3","s1",6.9109843023858,2,300,0.2
"s3","s1",5.81010847478614,2,300,0.2
"s3","s1",6.73930659937437,2,300,0.2
"s3","s1",6.60869893334436,2,300,0.2
"s3","s1",6.84450336473924,2,300,0.2
"s3","s1",6.87774448448754,2,300,0.2
"s3","s1",6.54292356269895,2,300,0.2
"s3","s1",6.37984138285159,2,300,0.2
"s3","s1",6.42677303086489,2,300,0.2
"s3","s1",6.08136822151872,2,300,0.2
"s3","s1",6.73701683887239,2,300,0.2
"s3","s1",6.76069415773944,2,300,0.2
"s3","s1",6.48086187672692,2,300,0.2
"s3","s1",6.56393948139737,2,300,0.2
"s3","s1",6.42677303086489,2,300,0.2
"s3","s1",6.61657250428669,2,300,0.2
"s3","s1",6.49954970130935,2,300,0.2
"s3","s1",6.45118934482922,2,300,0.2
"s3","s1",6.4929150259612,2,300,0.2
"s3","s1",6.36312912603791,2,300,0.2
"s3","s1",6.35235356463666,2,300,0.2
"s3","s1",6.35092501796407,2,300,0.2
"s3","s1",6.81608193273064,2,300,0.2
"s3","s1",6.75424516235939,2,300,0.2
"s3","s1",6.44610531212537,2,300,0.2
"s3","s1",6.71982778375079,2,300,0.2
"s3","s1",6.58737503235006,2,300,0.2
"s3","s1",6.18458039951731,2,300,0.2
"s3","s1",5.7557600836826,2,300,0.2
"s3","s1",6.57797573800292,2,300,0.2
"s3","s1",6.85147544617378,2,300,0.2
"s3","s1",7.13849211299269,2,300,0.2
"s3","s1",6.45878383946441,2,300,0.2
"s3","s1",6.42033697305612,2,300,0.2
"s3","s1",6.49271621224774,2,300,0.2
"s3","s1",6.79595633457416,2,300,0.2
"s3","s1",6.33203808506973,2,300,0.2
"s3","s1",6.91934993577673,2,300,0.2
"s3","s1",6.75424516235939,2,300,0.2
"s3","s1",6.57412073668236,2,300,0.2
"s3","s1",6.51845538375477,2,300,0.2
"s3","s1",6.44961274338701,2,300,0.2
"s3","s1",6.57546316713545,2,300,0.2
"s3","s1",6.26614575957066,2,300,0.2
"s3","s1",6.32935114636615,2,300,0.2
"s3","s1",6.36690335864778,2,300,0.2
"s3","s1",6.62616201105747,2,300,0.2
"s3","s1",6.47571230612612,2,300,0.2
"s3","s1",6.44294551947424,2,300,0.2
"s3","s1",6.70450630686132,2,300,0.2
"s3","s1",6.53395675018083,2,300,0.2
"s3","s1",6.57654465503475,2,300,0.2
"s3","s1",6.74466852461964,2,300,0.2
"s3","s1",5.7345522384625,2,300,0.2
"s3","s1",6.54292356269895,2,300,0.2
"s3","s1",6.50346890741736,2,300,0.2
"s3","s1",6.18240019396926,2,300,0.2
"s3","s1",6.69387085840201,2,300,0.2
"s3","s1",6.56721890039091,2,300,0.2
"s3","s1",6.43450713504558,2,300,0.2
"s3","s1",6.45625684660261,2,300,0.2
"s3","s1",6.63684382444009,2,300,0.2
"s3","s1",6.8914715896523,2,300,0.2
"s3","s1",7.10498736295589,2,300,0.2
"s3","s1",6.25342920602134,2,300,0.2
"s3","s1",6.46622777739566,2,300,0.2
"s3","s1",6.08136822151872,2,300,0.2
"s3","s1",6.70193361958974,2,300,0.2
"s3","s1",6.46226001180791,2,300,0.2
"s3","s1",6.59353544568083,2,300,0.2
"s3","s1",6.54032218597384,2,300,0.2
"s3","s1",6.2900797394945,2,300,0.2
"s3","s1",6.94684258696697,2,300,0.2
"s3","s1",7.01463353183141,2,300,0.2
"s3","s1",6.3562554385632,2,300,0.2
"s3","s1",6.17976046145817,2,300,0.2
"s3","s1",6.32756493979339,2,300,0.2
"s3","s1",6.4039224513033,2,300,0.2
"s3","s1",6.00026575795501,2,300,0.2
"s3","s1",6.90572595318643,2,300,0.2
"s3","s1",7.23382619623509,2,300,0.2
"s3","s1",6.43905246143601,2,300,0.2
"s3","s1",6.5470863956939,2,300,0.2
"s3","s1",7.23534767508315,2,300,0.2
"s3","s1",6.51137754390163,2,300,0.2
"s3","s1",6.58563606693245,2,300,0.2
"s3","s1",6.07728548454643,2,300,0.2
"s3","s1",6.33584273300633,2,300,0.2
"s3","s1",7.07841057503336,2,300,0.2
"s3","s2",5.79993331968433,2,300,0.2
"s3","s2",5.94508797406186,2,300,0.2
"s3","s2",5.57804849804937,2,300,0.2
"s3","s2",5.92403405184518,2,300,0.2
"s3","s2",6.15207597304328,2,300,0.2
"s3","s2",6.00128605634745,2,300,0.2
"s3","s2",5.79833272145061,2,300,0.2
"s3","s2",6.13718798789614,2,300,0.2
"s3","s2",5.93050854682573,2,300,0.2
"s3","s2",6.18090530417075,2,300,0.2
"s3","s2",5.64160695004568,2,300,0.2
"s3","s2",5.89361985349186,2,300,0.2
"s3","s2",5.88757291041584,2,300,0.2
"s3","s2",5.91495653492027,2,300,0.2
"s3","s2",6.08211455191431,2,300,0.2
"s3","s2",5.45086331986782,2,300,0.2
"s3","s2",5.79178131480968,2,300,0.2
"s3","s2",6.10902588654849,2,300,0.2
"s3","s2",5.79078945242208,2,300,0.2
"s3","s2",5.80090256452788,2,300,0.2
"s3","s2",6.10400355226108,2,300,0.2
"s3","s2",5.87353328470277,2,300,0.2
"s3","s2",5.96494539927721,2,300,0.2
"s3","s2",5.71092185178021,2,300,0.2
"s3","s2",6.29474980452744,2,300,0.2
"s3","s2",6.17034538220838,2,300,0.2
"s3","s2",5.57098399606267,2,300,0.2
"s3","s2",5.44178997656942,2,300,0.2
"s3","s2",5.83321395861668,2,300,0.2
"s3","s2",5.95227391079135,2,300,0.2
"s3","s2",5.75546685359188,2,300,0.2
"s3","s2",5.65931441469536,2,300,0.2
"s3","s2",6.22564645564849,2,300,0.2
"s3","s2",5.96950946221779,2,300,0.2
"s3","s2",5.76367158604032,2,300,0.2
"s3","s2",5.6934025003676,2,300,0.2
"s3","s2",5.66719769290174,2,300,0.2
"s3","s2",5.79620882541316,2,300,0.2
"s3","s2",5.71900979523321,2,300,0.2
"s3","s2",5.65445365610108,2,300,0.2
"s3","s2",5.80866796025143,2,300,0.2
"s3","s2",5.55350423486624,2,300,0.2
"s3","s2",5.66914512361197,2,300,0.2
"s3","s2",5.74175391368937,2,300,0.2
"s3","s2",5.94319146989282,2,300,0.2
"s3","s2",5.83291658674332,2,300,0.2
"s3","s2",6.4060696330363,2,300,0.2
"s3","s2",5.95312458870045,2,300,0.2
"s3","s2",5.82141619814296,2,300,0.2
"s3","s2",5.83397976365871,2,300,0.2
"s3","s2",6.14531483290023,2,300,0.2
"s3","s2",5.90770494317201,2,300,0.2
"s3","s2",5.99123271602707,2,300,0.2
"s3","s2",5.67484225612367,2,300,0.2
"s3","s2",5.75521824442426,2,300,0.2
"s3","s2",6.22868074768586,2,300,0.2
"s3","s2",5.82383607193579,2,300,0.2
"s3","s2",6.2307509095339,2,300,0.2
"s3","s2",5.48547923848034,2,300,0.2
"s3","s2",5.70727386008511,2,300,0.2
"s3","s2",5.35294727875942,2,300,0.2
"s3","s2",6.04087349746651,2,300,0.2
"s3","s2",5.88384790031921,2,300,0.2
"s3","s2",5.778527699374,2,300,0.2
"s3","s2",5.65554336199202,2,300,0.2
"s3","s2",5.62016356793241,2,300,0.2
"s3","s2",5.66142250882658,2,300,0.2
"s3","s2",6.09504675377122,2,300,0.2
"s3","s2",5.76424858968909,2,300,0.2
"s3","s2",5.86761448378915,2,300,0.2
"s3","s2",5.51773444443154,2,300,0.2
"s3","s2",6.07584229313886,2,300,0.2
"s3","s2",5.91678758314245,2,300,0.2
"s3","s2",6.05295452914687,2,300,0.2
"s3","s2",5.92692089369788,2,300,0.2
"s3","s2",5.69752692384596,2,300,0.2
"s3","s2",6.0171318779646,2,300,0.2
"s3","s2",5.88150175108282,2,300,0.2
"s3","s2",5.8228317996879,2,300,0.2
"s3","s2",5.50369321607302,2,300,0.2
"s3","s2",5.99338532208816,2,300,0.2
"s3","s2",5.70829346083131,2,300,0.2
"s3","s2",5.82141619814296,2,300,0.2
"s3","s2",6.15964247578816,2,300,0.2
"s3","s2",5.72285611270416,2,300,0.2
"s3","s2",5.85781209319268,2,300,0.2
"s3","s2",5.69868220107111,2,300,0.2
"s3","s2",5.68353835409843,2,300,0.2
"s3","s2",5.83697146299961,2,300,0.2
"s3","s2",5.91482468571898,2,300,0.2
"s3","s2",5.66719769290174,2,300,0.2
"s3","s2",5.85214402960537,2,300,0.2
"s3","s2",5.84738484743505,2,300,0.2
"s3","s2",6.09677808024435,2,300,0.2
"s3","s2",6.01425115256794,2,300,0.2
"s3","s2",5.76424858968909,2,300,0.2
"s3","s2",5.60032287178674,2,300,0.2
"s3","s2",5.59618444815811,2,300,0.2
"s3","s2",5.86622239204812,2,300,0.2
"s3","s2",5.60077315022593,2,300,0.2
"s3","s2",5.61564597568122,2,300,0.2
"s3","s2",6.34509202789063,2,300,0.2
"s3","s2",5.85941257956236,2,300,0.2
"s3","s2",5.74826021857984,2,300,0.2
"s3","s2",5.96773066311076,2,300,0.2
"s3","s2",6.34992778385664,2,300,0.2
"s3","s2",5.87577739554564,2,300,0.2
"s3","s2",5.57277924066693,2,300,0.2
"s3","s2",5.91457060278741,2,300,0.2
"s3","s2",5.80065490510347,2,300,0.2
"s3","s2",6.04285481821481,2,300,0.2
"s3","s2",5.87186561072662,2,300,0.2
"s3","s2",5.75537974419264,2,300,0.2
"s3","s2",5.59735949052863,2,300,0.2
"s3","s2",5.97743736623249,2,300,0.2
"s3","s2",5.96984377278227,2,300,0.2
"s3","s2",5.93937837726817,2,300,0.2
"s3","s2",5.98470285441956,2,300,0.2
"s3","s2",5.71527755173977,2,300,0.2
"s3","s2",6.18710094639661,2,300,0.2
"s3","s2",6.14936957149392,2,300,0.2
"s3","s2",6.3134181013545,2,300,0.2
"s3","s2",6.29172105111759,2,300,0.2
"s3","s2",5.7799909931891,2,300,0.2
"s3","s2",5.77537020596745,2,300,0.2
"s3","s2",5.9473169118229,2,300,0.2
"s3","s2",5.63087819264395,2,300,0.2
"s3","s2",6.03705468836419,2,300,0.2
"s3","s2",5.80517681033064,2,300,0.2
"s3","s2",5.83321395861668,2,300,0.2
"s3","s2",5.58002440440652,2,300,0.2
"s3","s2",5.73460498601675,2,300,0.2
"s3","s2",5.7916991743586,2,300,0.2
"s3","s2",5.87848650490184,2,300,0.2
"s3","s2",5.67992835067219,2,300,0.2
"s3","s2",5.40575315314872,2,300,0.2
"s3","s2",5.87577233280118,2,300,0.2
"s3","s2",6.10672883128024,2,300,0.2
"s3","s2",6.21254875238186,2,300,0.2
"s3","s2",5.91760775640261,2,300,0.2
"s3","s2",5.67042081117674,2,300,0.2
"s3","s2",6.12056483831626,2,300,0.2
"s3","s2",5.89422275530413,2,300,0.2
"s3","s2",5.72272925845635,2,300,0.2
"s3","s2",6.33511604824432,2,300,0.2
"s3","s2",5.87723737992522,2,300,0.2
"s3","s2",6.15754090647459,2,300,0.2
"s3","s2",5.57536243775011,2,300,0.2
"s3","s2",5.57008221340104,2,300,0.2
"s3","s2",6.17799787436334,2,300,0.2
"s3","s2",5.76897760687282,2,300,0.2
"s3","s2",5.88282345092705,2,300,0.2
"s3","s2",5.81902881706558,2,300,0.2
"s3","s2",5.86290236950742,2,300,0.2
"s3","s2",5.79360242265674,2,300,0.2
"s3","s2",6.07730099130757,2,300,0.2
"s3","s2",5.71057993722852,2,300,0.2
"s3","s2",5.95025698597666,2,300,0.2
"s3","s2",5.87146972739697,2,300,0.2
"s3","s2",5.81917893892508,2,300,0.2
"s3","s2",6.05729785196348,2,300,0.2
"s3","s2",6.04952486821898,2,300,0.2
"s3","s2",6.20266307450899,2,300,0.2
"s3","s2",5.92692089369788,2,300,0.2
"s3","s2",5.87146972739697,2,300,0.2
"s3","s2",5.56668251381594,2,300,0.2
"s3","s2",5.80040733160537,2,300,0.2
"s3","s2",5.58581155339951,2,300,0.2
"s3","s2",5.56999161632115,2,300,0.2
"s3","s2",6.28795771554482,2,300,0.2
"s3","s2",5.9128080426663,2,300,0.2
"s3","s2",5.78569881865432,2,300,0.2
"s3","s2",5.72285611270416,2,300,0.2
"s3","s2",6.06625770889883,2,300,0.2
"s3","s2",5.51219425736127,2,300,0.2
"s3","s2",5.75415713335317,2,300,0.2
"s3","s2",5.40293322718023,2,300,0.2
"s3","s2",6.05916078329557,2,300,0.2
"s3","s2",6.05950630920884,2,300,0.2
"s3","s2",5.9278091992001,2,300,0.2
"s3","s2",5.85212521515682,2,300,0.2
"s3","s2",5.52706648950791,2,300,0.2
"s3","s2",5.6526044366792,2,300,0.2
"s3","s2",6.06705615402225,2,300,0.2
"s3","s2",5.72137511616457,2,300,0.2
"s3","s2",5.84674114451854,2,300,0.2
"s3","s2",5.63139941225079,2,300,0.2
"s3","s2",5.79976451051019,2,300,0.2
"s3","s2",6.06236500520254,2,300,0.2
"s3","s2",5.99769598564421,2,300,0.2
"s3","s2",6.03667335507998,2,300,0.2
"s3","s2",5.70395593303655,2,300,0.2
"s3","s2",5.62561759020122,2,300,0.2
"s3","s2",5.60651679325137,2,300,0.2
"s3","s2",6.07334786599043,2,300,0.2
"s3","s2",5.84293709376388,2,300,0.2
"s3","s2",5.75137169944611,2,300,0.2
"s3","s2",5.84756899881349,2,300,0.2
"s3","s2",5.92935850540713,2,300,0.2
"s3","s2",5.79026313025858,2,300,0.2
"s3","s2",6.04366019922172,2,300,0.2
"s3","s2",5.52299514040402,2,300,0.2
"s3","s2",6.05625520642714,2,300,0.2
"s3","s2",5.41258111191882,2,300,0.2
"s3","s2",6.03500023065601,2,300,0.2
"s3","s2",5.59939344177511,2,300,0.2
"s3","s2",5.94541938550989,2,300,0.2
"s3","s2",5.68364759893709,2,300,0.2
"s3","s2",6.01837775533917,2,300,0.2
"s3","s2",5.43093624286854,2,300,0.2
"s3","s2",5.93784266197569,2,300,0.2
"s3","s2",5.91717083709065,2,300,0.2
"s3","s2",5.96707512684898,2,300,0.2
"s3","s2",6.17363884441784,2,300,0.2
"s3","s2",5.60170069172048,2,300,0.2
"s3","s2",5.57603783984149,2,300,0.2
"s3","s2",6.06769478474965,2,300,0.2
"s3","s2",5.91383300896723,2,300,0.2
"s3","s2",5.96294739548838,2,300,0.2
"s3","s2",5.91035348746752,2,300,0.2
"s3","s2",5.91178120690469,2,300,0.2
"s3","s2",6.16639816861147,2,300,0.2
"s3","s2",5.81608380191096,2,300,0.2
"s3","s2",5.66823223680552,2,300,0.2
"s3","s2",5.69230817256704,2,300,0.2
"s3","s2",5.86472643688333,2,300,0.2
"s3","s2",5.69467910275232,2,300,0.2
"s3","s2",6.21230151456787,2,300,0.2
"s3","s2",5.97174207081281,2,300,0.2
"s3","s2",5.95032519687969,2,300,0.2
"s3","s2",5.51690638215081,2,300,0.2
"s3","s2",5.91093798019288,2,300,0.2
"s3","s2",5.69696037843685,2,300,0.2
"s3","s2",5.74826021857984,2,300,0.2
"s3","s2",6.3081549065051,2,300,0.2
"s3","s2",6.08097266401123,2,300,0.2
"s3","s2",6.09426022899935,2,300,0.2
"s3","s2",6.32408769217361,2,300,0.2
"s3","s2",5.61299476386108,2,300,0.2
"s3","s2",5.71900979523321,2,300,0.2
"s3","s2",5.5256824402739,2,300,0.2
"s3","s2",6.02637054256184,2,300,0.2
"s3","s2",5.66667598778929,2,300,0.2
"s3","s2",5.72729147793497,2,300,0.2
"s3","s2",5.7389462985922,2,300,0.2
"s3","s2",5.91815571879499,2,300,0.2
"s3","s2",5.87146972739697,2,300,0.2
"s3","s2",5.99188365643741,2,300,0.2
"s3","s2",5.85710815445375,2,300,0.2
"s3","s2",5.67527666202517,2,300,0.2
"s3","s2",5.33712390638696,2,300,0.2
"s3","s2",5.87407384191329,2,300,0.2
"s3","s2",5.75232433668116,2,300,0.2
"s3","s2",6.21916927397582,2,300,0.2
"s3","s2",5.77064742768044,2,300,0.2
"s3","s2",5.78203943181185,2,300,0.2
"s3","s2",5.41596855086359,2,300,0.2
"s3","s2",5.76847724830489,2,300,0.2
"s3","s2",5.79457403811642,2,300,0.2
"s3","s2",6.11978606538726,2,300,0.2
"s3","s2",6.06878480380192,2,300,0.2
"s3","s2",5.89770205869104,2,300,0.2
"s3","s2",5.67156798540684,2,300,0.2
"s3","s2",5.98101425569122,2,300,0.2
"s3","s2",5.65180302414383,2,300,0.2
"s3","s2",5.52729596288065,2,300,0.2
"s3","s2",5.4765163584553,2,300,0.2
"s3","s2",6.07254155733838,2,300,0.2
"s3","s2",6.1325390250057,2,300,0.2
"s3","s2",5.92298886222135,2,300,0.2
"s3","s2",5.99874788156031,2,300,0.2
"s3","s2",5.55682078110755,2,300,0.2
"s3","s2",5.77537020596745,2,300,0.2
"s3","s2",5.42284310671121,2,300,0.2
"s3","s2",5.39278799927042,2,300,0.2
"s3","s2",5.93483759863422,2,300,0.2
"s3","s2",5.97110169359706,2,300,0.2
"s3","s2",5.44178997656942,2,300,0.2
"s3","s2",5.8295349809766,2,300,0.2
"s3","s2",6.1420925393795,2,300,0.2
"s3","s2",5.72609596288394,2,300,0.2
"s3","s2",5.97194379758659,2,300,0.2
"s3","s2",5.77686312257461,2,300,0.2
"s3","s2",6.04165461512292,2,300,0.2
"s3","s2",5.78611896729069,2,300,0.2
"s3","s2",5.79352706287148,2,300,0.2
"s3","s2",5.8109885986055,2,300,0.2
"s3","s2",5.66947151345083,2,300,0.2
"s3","s2",5.84184613263295,2,300,0.2
"s3","s2",5.68709923916823,2,300,0.2
"s3","s2",5.61742932472771,2,300,0.2
"s3","s2",6.21698561844951,2,300,0.2
"s3","s2",5.79976451051019,2,300,0.2
"s3","s2",5.65007927847273,2,300,0.2
"s3","s2",5.90372549972458,2,300,0.2
"s3","s2",5.53469616375227,2,300,0.2
"s3","s2",6.19702495524572,2,300,0.2
"s3","s2",5.52385467102206,2,300,0.2
"s3","s2",6.07604285002859,2,300,0.2
"s3","s2",5.62177845159032,2,300,0.2
"s3","s2",5.89496968600004,2,300,0.2
"s3","s2",5.38922047983789,2,300,0.2
"s3","s2",5.96421408363295,2,300,0.2
"s3","s2",5.72646138561984,2,300,0.2
"s3","s2",5.74311047549807,2,300,0.2
"s3","s2",5.9497401334402,2,300,0.2
"s3","s2",6.36339319741354,2,300,0.2
"s3","s2",6.09991094349308,2,300,0.2
"s3","s2",5.5405280510656,2,300,0.2
"s3","s2",5.82202921100379,2,300,0.2
"s3","s2",5.7956180791257,2,300,0.2
"s3","s2",5.89597875562981,2,300,0.2
"s3","s2",5.67549992961437,2,300,0.2
"s3","s2",5.82184008148199,2,300,0.2
"s3","s2",5.83105518061554,2,300,0.2
"s3","s2",5.82525815453702,2,300,0.2
"s3","s2",5.52671114592896,2,300,0.2
"s3","s2",5.39008080518767,2,300,0.2
"s3","s2",5.82263971203504,2,300,0.2
"s3","s2",5.82060823910336,2,300,0.2
"s3","s2",5.63748021430932,2,300,0.2
"s3","s2",5.9878355323919,2,300,0.2
"s3","s2",5.81786700092485,2,300,0.2
"s3","s2",5.99188365643741,2,300,0.2
"s3","s2",6.0954972328974,2,300,0.2
"s3","s2",5.98943746500515,2,300,0.2
"s3","s2",6.17350245983891,2,300,0.2
"s3","s2",5.7608913177782,2,300,0.2
"s3","s2",5.65931441469536,2,300,0.2
"s3","s2",5.73579591505102,2,300,0.2
"s3","s2",5.73874564409135,2,300,0.2
"s3","s2",6.06704440633924,2,300,0.2
"s3","s2",5.86116682340051,2,300,0.2
"s3","s2",5.93367046716579,2,300,0.2
"s3","s2",5.94622534649301,2,300,0.2
"s3","s2",6.32263054696988,2,300,0.2
"s3","s2",5.44276189002353,2,300,0.2
"s3","s2",5.9750433203188,2,300,0.2
"s3","s2",6.05256187183677,2,300,0.2
"s3","s2",5.95192787755391,2,300,0.2
"s3","s2",5.76429197520477,2,300,0.2
"s3","s2",6.35430247049964,2,300,0.2
"s3","s2",6.23241500435255,2,300,0.2
"s3","s2",5.76801099595419,2,300,0.2
"s3","s2",6.30601656431351,2,300,0.2
"s3","s2",5.6600828428446,2,300,0.2
"s3","s2",5.78629524798347,2,300,0.2
"s3","s2",5.51829306551886,2,300,0.2
"s3","s2",5.65701808962896,2,300,0.2
"s3","s2",5.27751564026664,2,300,0.2
"s3","s2",6.04834917851814,2,300,0.2
"s3","s2",5.58309289810044,2,300,0.2
"s3","s2",5.94711744794154,2,300,0.2
"s3","s2",5.73836575196941,2,300,0.2
"s3","s2",5.76888800186231,2,300,0.2
"s3","s2",5.92772073076469,2,300,0.2
"s3","s2",5.93846048732712,2,300,0.2
"s3","s2",5.55025184097984,2,300,0.2
"s3","s2",5.80610978361085,2,300,0.2
"s3","s2",5.87234088585534,2,300,0.2
"s3","s2",5.59883852309402,2,300,0.2
"s3","s2",5.80026838594796,2,300,0.2
"s3","s2",6.22999659759594,2,300,0.2
"s3","s2",6.26248403416781,2,300,0.2
"s3","s2",5.87614943100439,2,300,0.2
"s3","s2",5.86981112417203,2,300,0.2
"s3","s2",6.02819193492176,2,300,0.2
"s3","s2",6.20849238255299,2,300,0.2
"s3","s2",5.89455140135186,2,300,0.2
"s3","s2",5.12945903196103,2,300,0.2
"s3","s2",5.68259074420516,2,300,0.2
"s3","s2",5.81846313347483,2,300,0.2
"s3","s2",5.47962599743818,2,300,0.2
"s3","s2",6.06625770889883,2,300,0.2
"s3","s2",5.81897003832733,2,300,0.2
"s3","s2",6.17790219098025,2,300,0.2
"s3","s2",6.13064051617343,2,300,0.2
"s3","s2",5.86930548603112,2,300,0.2
"s3","s2",5.57156988103513,2,300,0.2
"s3","s2",5.92240747013892,2,300,0.2
"s3","s2",5.75045479898864,2,300,0.2
"s3","s2",6.09848431226041,2,300,0.2
"s3","s2",5.8295349809766,2,300,0.2
"s3","s2",5.82438691317302,2,300,0.2
"s3","s2",5.87848650490184,2,300,0.2
"s3","s2",5.8978920295929,2,300,0.2
"s3","s2",5.95958206515675,2,300,0.2
"s3","s2",5.7392089163465,2,300,0.2
"s3","s2",5.41538322111552,2,300,0.2
"s3","s2",6.05486710137723,2,300,0.2
"s3","s2",6.07176044647154,2,300,0.2
"s3","s2",5.64252037196512,2,300,0.2
"s3","s2",5.57432758938395,2,300,0.2
"s3","s2",5.65773330373497,2,300,0.2
"s3","s2",5.81149701892522,2,300,0.2
"s3","s2",5.66420685196661,2,300,0.2
"s3","s2",6.07965125319529,2,300,0.2
"s3","s2",5.97637218605871,2,300,0.2
"s3","s2",5.74576666152055,2,300,0.2
"s3","s2",5.87614943100439,2,300,0.2
"s3","s2",5.83804399384223,2,300,0.2
"s3","s2",5.84746960321851,2,300,0.2
"s3","s2",5.75320301136757,2,300,0.2
"s3","s2",5.9048027404271,2,300,0.2
"s3","s2",5.63936774900986,2,300,0.2
"s3","s2",5.38057148466461,2,300,0.2
"s3","s2",6.65614155162132,2,300,0.2
"s3","s2",5.86930548603112,2,300,0.2
"s3","s2",5.78409179474863,2,300,0.2
"s3","s2",5.92354323624468,2,300,0.2
"s3","s2",5.89821939115851,2,300,0.2
"s3","s2",5.8135240251727,2,300,0.2
"s3","s2",6.05950630920884,2,300,0.2
"s3","s2",5.9128080426663,2,300,0.2
"s3","s2",5.9837990345716,2,300,0.2
"s3","s2",6.06344252670699,2,300,0.2
"s3","s2",5.8957975089495,2,300,0.2
"s3","s2",5.74061388664286,2,300,0.2
"s3","s2",6.5064913536995,2,300,0.2
"s3","s2",5.64884791192947,2,300,0.2
"s3","s2",5.89821939115851,2,300,0.2
"s3","s2",5.3575377464321,2,300,0.2
"s3","s2",6.00062893330352,2,300,0.2
"s3","s2",5.98417178743012,2,300,0.2
"s3","s2",5.39073685055683,2,300,0.2
"s3","s2",6.09936900218256,2,300,0.2
"s3","s2",5.53243005219252,2,300,0.2
"s3","s2",6.06864774913183,2,300,0.2
"s3","s2",5.77012000974628,2,300,0.2
"s3","s2",5.77339530883415,2,300,0.2
"s3","s2",5.9392220422806,2,300,0.2
"s3","s2",6.01471190382649,2,300,0.2
"s3","s2",5.97961337725764,2,300,0.2
"s3","s2",5.74385514207772,2,300,0.2
"s3","s2",5.94234291691006,2,300,0.2
"s3","s2",5.5984595976376,2,300,0.2
"s3","s2",5.9548288062034,2,300,0.2
"s3","s2",5.87722217120451,2,300,0.2
"s3","s2",5.54355959404366,2,300,0.2
"s3","s2",5.82721529095501,2,300,0.2
"s3","s2",5.25499910365075,2,300,0.2
"s3","s2",5.89821939115851,2,300,0.2
"s3","s2",5.81599863239598,2,300,0.2
"s3","s2",5.96689179809713,2,300,0.2
"s3","s2",5.80567991312665,2,300,0.2
"s3","s2",5.83847134342386,2,300,0.2
"s3","s2",6.06052655861301,2,300,0.2
"s3","s2",5.41783464161551,2,300,0.2
"s3","s2",5.89244305435532,2,300,0.2
"s3","s2",6.05828289172908,2,300,0.2
"s3","s2",5.78422425265245,2,300,0.2
"s3","s2",5.70814273162997,2,300,0.2
"s3","s2",5.79993331968433,2,300,0.2
"s3","s2",6.34664978521963,2,300,0.2
"s3","s2",5.85389588918972,2,300,0.2
"s3","s2",5.69343296460868,2,300,0.2
"s3","s2",5.63145931725971,2,300,0.2
"s3","s2",5.71643976936411,2,300,0.2
"s3","s2",5.74269387804814,2,300,0.2
"s3","s2",5.65602594791703,2,300,0.2
"s3","s2",6.39729523971365,2,300,0.2
"s3","s2",5.35509673853022,2,300,0.2
"s3","s2",6.06680751835136,2,300,0.2
"s3","s2",5.95921386290505,2,300,0.2
"s3","s2",5.75693682597382,2,300,0.2
"s3","s2",5.97490599177513,2,300,0.2
"s3","s2",5.68442356764613,2,300,0.2
"s3","s2",6.14528500095059,2,300,0.2
"s3","s2",5.84238345293213,2,300,0.2
"s3","s2",6.35028626597669,2,300,0.2
"s3","s2",5.70569674134357,2,300,0.2
"s3","s2",5.86463850006247,2,300,0.2
"s3","s2",5.93061422417531,2,300,0.2
"s3","s2",5.86813189268008,2,300,0.2
"s3","s2",5.58687938003985,2,300,0.2
"s3","s2",6.11278038806839,2,300,0.2
"s3","s2",5.78184744091874,2,300,0.2
"s3","s2",5.56088393067512,2,300,0.2
"s3","s2",6.0746668674015,2,300,0.2
"s3","s2",5.59602433273812,2,300,0.2
"s3","s2",5.96220780430626,2,300,0.2
"s3","s2",5.43700161615425,2,300,0.2
"s3","s2",5.93052111600178,2,300,0.2
"s3","s2",5.9623778258312,2,300,0.2
"s3","s2",5.57252273366699,2,300,0.2
"s3","s2",5.76873110185815,2,300,0.2
"s3","s2",5.91063455893514,2,300,0.2
"s3","s2",5.38931584381825,2,300,0.2
"s3","s2",5.58372947273307,2,300,0.2
"s3","s2",5.91854094124486,2,300,0.2
"s3","s2",6.11379713035848,2,300,0.2
"s3","s2",5.40575315314872,2,300,0.2
"s3","s2",5.60576627297309,2,300,0.2
"s3","s2",5.62962465667216,2,300,0.2
"s3","s2",6.29684595775873,2,300,0.2
"s3","s2",5.81023753904211,2,300,0.2
"s3","s2",5.64306041846058,2,300,0.2
"s3","s2",5.80597701365696,2,300,0.2
"s3","s2",6.21112150097591,2,300,0.2
"s3","s2",5.96434286137476,2,300,0.2
"s3","s2",5.77166267935164,2,300,0.2
"s3","s2",5.46621761183685,2,300,0.2
"s3","s2",5.42020842354059,2,300,0.2
"s3","s2",5.95805734514973,2,300,0.2
"s3","s2",5.93260402399611,2,300,0.2
"s3","s2",5.90310198459473,2,300,0.2
"s3","s2",5.84043741488907,2,300,0.2
"s3","s2",5.55880166962491,2,300,0.2
"s3","s2",5.69852724318582,2,300,0.2
"s3","s2",6.05859572239204,2,300,0.2
"s3","s2",5.80464186170823,2,300,0.2
"s3","s2",6.15580484108887,2,300,0.2
"s3","s2",6.09785529267207,2,300,0.2
"s3","s2",5.63738265268381,2,300,0.2
"s3","s2",5.44306698943996,2,300,0.2
"s3","s2",6.14750289359313,2,300,0.2
"s3","s2",5.44014118548313,2,300,0.2
"s3","s2",6.03712425449183,2,300,0.2
"s3","s2",5.58634164356225,2,300,0.2
"s3","s2",5.87387542328935,2,300,0.2
"s3","s2",6.12822032045668,2,300,0.2
"s3","s2",5.86221315951405,2,300,0.2
"s3","s2",5.83242797658518,2,300,0.2
"s3","s2",6.19111976521992,2,300,0.2
"s3","s2",5.7226373253972,2,300,0.2
"s3","s2",6.00802452997468,2,300,0.2
"s3","s2",6.19609096009935,2,300,0.2
"s3","s2",6.06708946445512,2,300,0.2
"s3","s2",5.79330957519971,2,300,0.2
"s3","s2",5.81406527556765,2,300,0.2
"s3","s2",5.85724161655309,2,300,0.2
"s3","s2",6.0623201559144,2,300,0.2
"s3","s2",6.09506169389905,2,300,0.2
"s3","s2",5.57129985765471,2,300,0.2
"s3","s2",5.55484794129611,2,300,0.2
"s3","s2",5.49476509188455,2,300,0.2
"s3","s2",5.72129717873446,2,300,0.2
"s3","s2",6.18231043574201,2,300,0.2
"s3","s2",6.23634733388957,2,300,0.2
"s3","s2",5.87915803851189,2,300,0.2
"s3","s2",6.06230251619992,2,300,0.2
"s3","s2",5.92099771183589,2,300,0.2
"s3","s2",5.65822240911169,2,300,0.2
"s3","s2",5.52539896170391,2,300,0.2
"s3","s2",6.13944116391863,2,300,0.2
"s3","s2",5.87222327883319,2,300,0.2
"s3","s2",6.30751053119535,2,300,0.2
"s3","s2",6.16845063071982,2,300,0.2
"s3","s2",6.21258371433747,2,300,0.2
"s3","s2",5.39734199404254,2,300,0.2
"s3","s2",5.73621522736738,2,300,0.2
"s3","s2",5.76150193738962,2,300,0.2
"s3","s2",6.16142310332334,2,300,0.2
"s3","s2",5.39163844831242,2,300,0.2
"s3","s2",6.00166197492484,2,300,0.2
"s3","s2",5.82750038564758,2,300,0.2
"s3","s2",6.27762614092615,2,300,0.2
"s3","s2",5.84953002067557,2,300,0.2
"s3","s2",5.65326327521659,2,300,0.2
"s3","s2",5.7947892432704,2,300,0.2
"s3","s2",6.13002249653057,2,300,0.2
"s3","s2",5.68441529678545,2,300,0.2
"s3","s2",6.14912849457755,2,300,0.2
"s3","s2",5.7474705969815,2,300,0.2
"s3","s2",5.75998430499699,2,300,0.2
"s3","s2",5.9183560669378,2,300,0.2
"s3","s2",6.0954972328974,2,300,0.2
"s3","s2",5.75227105490169,2,300,0.2
"s3","s2",5.39329396955205,2,300,0.2
"s3","s2",6.12928561021153,2,300,0.2
"s3","s2",5.96621618798511,2,300,0.2
"s3","s2",5.90577187983673,2,300,0.2
"s3","s2",5.92197553893927,2,300,0.2
"s3","s2",5.69696037843685,2,300,0.2
"s3","s2",5.54167867557953,2,300,0.2
"s3","s2",5.84194228336862,2,300,0.2
"s3","s2",5.98053864795548,2,300,0.2
"s3","s2",5.69551335857096,2,300,0.2
"s3","s2",5.58622723972285,2,300,0.2
"s3","s2",5.76424858968909,2,300,0.2
"s3","s2",6.16478366498654,2,300,0.2
"s3","s2",5.74826317851146,2,300,0.2
"s3","s2",5.72778179017257,2,300,0.2
"s3","s2",6.29666623309085,2,300,0.2
"s3","s2",6.22540161536115,2,300,0.2
"s3","s2",5.76731321219702,2,300,0.2
"s3","s2",5.72791084129011,2,300,0.2
"s3","s2",5.58699808619615,2,300,0.2
"s3","s2",5.93742930591807,2,300,0.2
"s3","s2",6.00499181290619,2,300,0.2
"s3","s2",5.78792727023574,2,300,0.2
"s3","s2",6.05258873149891,2,300,0.2
"s3","s2",5.54088530802542,2,300,0.2
"s3","s2",5.93048202749472,2,300,0.2
"s3","s2",6.39632956577105,2,300,0.2
"s3","s2",6.05574474724094,2,300,0.2
"s3","s2",5.80597701365696,2,300,0.2
"s3","s2",6.02167968263234,2,300,0.2
"s3","s2",5.82444532113932,2,300,0.2
"s3","s2",5.59526437581329,2,300,0.2
"s3","s2",6.13400102656938,2,300,0.2
"s3","s2",6.22165737438888,2,300,0.2
"s3","s2",5.44931986807717,2,300,0.2
"s3","s2",5.4594229059844,2,300,0.2
"s3","s2",5.7598382284034,2,300,0.2
"s3","s2",5.82060823910336,2,300,0.2
"s3","s2",6.17350245983891,2,300,0.2
"s3","s2",5.42853625996764,2,300,0.2
"s3","s2",5.71776575341859,2,300,0.2
"s3","s2",5.78461193050062,2,300,0.2
"s3","s2",6.0533289419034,2,300,0.2
"s3","s2",5.84867047114997,2,300,0.2
"s3","s2",5.83242797658518,2,300,0.2
"s3","s2",5.97519511614628,2,300,0.2
"s3","s2",5.96421408363295,2,300,0.2
"s3","s2",5.97194379758659,2,300,0.2
"s3","s2",6.45630504014757,2,300,0.2
"s3","s2",5.79653704285495,2,300,0.2
"s3","s2",6.28954401478174,2,300,0.2
"s3","s2",5.70867972295704,2,300,0.2
"s3","s2",6.0381471383352,2,300,0.2
"s3","s2",5.99089506249786,2,300,0.2
"s3","s2",6.22813359079652,2,300,0.2
"s3","s2",6.16171302732644,2,300,0.2
"s3","s2",5.56852966288966,2,300,0.2
"s3","s2",6.21492607946993,2,300,0.2
"s3","s2",5.95169385151381,2,300,0.2
"s3","s2",5.95366125313386,2,300,0.2
"s3","s2",6.10839410553305,2,300,0.2
"s3","s2",5.77199347786561,2,300,0.2
"s3","s2",5.73824772632122,2,300,0.2
"s3","s2",6.218756974656,2,300,0.2
"s3","s2",5.74932479235505,2,300,0.2
"s3","s2",5.65006731103784,2,300,0.2
"s3","s2",5.44306698943996,2,300,0.2
"s3","s2",6.03001971331283,2,300,0.2
"s3","s2",5.78824551170496,2,300,0.2
"s3","s2",5.63580895127366,2,300,0.2
"s3","s2",5.92787753962764,2,300,0.2
"s3","s2",6.16316916136162,2,300,0.2
"s3","s2",5.82951617937124,2,300,0.2
"s3","s2",5.43093624286854,2,300,0.2
"s3","s2",5.81825935961508,2,300,0.2
"s3","s2",5.53201588852819,2,300,0.2
"s3","s2",5.80520064874991,2,300,0.2
"s3","s2",5.42175572738961,2,300,0.2
"s3","s2",5.93518877822759,2,300,0.2
"s3","s2",5.95492893597371,2,300,0.2
"s3","s2",5.69149535142836,2,300,0.2
"s3","s2",5.5025509075121,2,300,0.2
"s3","s2",6.39621670239238,2,300,0.2
"s3","s2",6.34837114330803,2,300,0.2
"s3","s2",5.67091390238004,2,300,0.2
"s3","s2",5.65122797397068,2,300,0.2
"s3","s2",5.69825970539603,2,300,0.2
"s3","s2",6.16845063071982,2,300,0.2
"s3","s2",5.96464110085884,2,300,0.2
"s3","s2",5.62285969872455,2,300,0.2
"s3","s2",5.67820243111287,2,300,0.2
"s3","s2",5.5256824402739,2,300,0.2
"s3","s2",5.79993331968433,2,300,0.2
"s3","s2",5.56252241373357,2,300,0.2
"s3","s2",6.00310527538772,2,300,0.2
"s3","s2",6.04711205217269,2,300,0.2
"s3","s2",5.65346937750602,2,300,0.2
"s3","s2",5.61917206290319,2,300,0.2
"s3","s2",5.91256245597611,2,300,0.2
"s3","s2",5.90903838856597,2,300,0.2
"s3","s2",6.15537228049814,2,300,0.2
"s3","s2",5.77580802794547,2,300,0.2
"s3","s2",6.42526304530228,2,300,0.2
"s3","s2",5.78705610083514,2,300,0.2
"s3","s2",6.19728451548959,2,300,0.2
"s3","s2",5.78027486701705,2,300,0.2
"s3","s2",5.76429197520477,2,300,0.2
"s3","s2",6.07177766525942,2,300,0.2
"s3","s2",5.98310846744423,2,300,0.2
"s3","s2",5.47562104904426,2,300,0.2
"s3","s2",5.97756050792523,2,300,0.2
"s3","s2",5.67322408458208,2,300,0.2
"s3","s2",5.92336442845027,2,300,0.2
"s3","s2",6.18771114829667,2,300,0.2
"s3","s2",6.16839361562342,2,300,0.2
"s3","s2",5.70711209062858,2,300,0.2
"s3","s2",6.40946909759981,2,300,0.2
"s3","s2",5.48137371777216,2,300,0.2
"s3","s2",5.83105518061554,2,300,0.2
"s3","s2",5.72892023929545,2,300,0.2
"s3","s2",5.67107697403328,2,300,0.2
"s3","s2",6.23438116912106,2,300,0.2
"s3","s2",5.74034301167665,2,300,0.2
"s3","s2",5.61638759773655,2,300,0.2
"s3","s2",5.78095361985088,2,300,0.2
"s3","s2",5.82621271405599,2,300,0.2
"s3","s2",5.7702360532635,2,300,0.2
"s3","s2",5.45738531828039,2,300,0.2
"s3","s2",5.98090334435154,2,300,0.2
"s3","s2",6.05264185011677,2,300,0.2
"s3","s2",5.90577187983673,2,300,0.2
"s3","s2",6.09677808024435,2,300,0.2
"s3","s2",5.5870666069645,2,300,0.2
"s3","s2",5.60394798188397,2,300,0.2
"s3","s2",5.68233213862423,2,300,0.2
"s3","s2",5.34729365614058,2,300,0.2
"s3","s2",5.96431480975959,2,300,0.2
"s3","s2",5.67806797028564,2,300,0.2
"s3","s2",5.75412835871197,2,300,0.2
"s3","s2",5.92620236401493,2,300,0.2
"s3","s2",5.90384566704719,2,300,0.2
"s3","s2",5.8814290771914,2,300,0.2
"s3","s2",6.30739074893967,2,300,0.2
"s3","s2",5.97367087750425,2,300,0.2
"s3","s2",5.39694930272941,2,300,0.2
"s3","s2",6.06909724586419,2,300,0.2
"s3","s2",5.84932998725863,2,300,0.2
"s3","s2",5.81608380191096,2,300,0.2
"s3","s2",5.70711209062858,2,300,0.2
"s3","s2",5.87033929569828,2,300,0.2
"s3","s2",5.96220780430626,2,300,0.2
"s3","s2",5.88366732661501,2,300,0.2
"s3","s2",5.81298659134856,2,300,0.2
"s3","s2",5.83350752858829,2,300,0.2
"s3","s2",5.55761871350714,2,300,0.2
"s3","s2",5.83047038102691,2,300,0.2
"s3","s2",5.73902221442719,2,300,0.2
"s3","s2",5.87929528670809,2,300,0.2
"s3","s2",5.6171489473883,2,300,0.2
"s3","s2",5.84522605103331,2,300,0.2
"s3","s2",6.04385654428552,2,300,0.2
"s3","s2",6.0241820152724,2,300,0.2
"s3","s2",5.84352130223483,2,300,0.2
"s3","s2",5.87859867037491,2,300,0.2
"s3","s2",6.03321702472221,2,300,0.2
"s3","s2",5.63043009440003,2,300,0.2
"s3","s2",5.95958206515675,2,300,0.2
"s3","s2",5.7916991743586,2,300,0.2
"s3","s2",5.28943735212849,2,300,0.2
"s3","s2",5.74448850101646,2,300,0.2
"s3","s2",5.66151263031717,2,300,0.2
"s3","s2",5.60045149539334,2,300,0.2
"s3","s2",5.554027869651,2,300,0.2
"s3","s2",6.19571952155256,2,300,0.2
"s3","s2",6.07182769013777,2,300,0.2
"s3","s2",5.76888800186231,2,300,0.2
"s3","s2",5.54240943141134,2,300,0.2
"s3","s2",5.89455140135186,2,300,0.2
"s3","s2",5.9572726044041,2,300,0.2
"s3","s2",5.93116752018267,2,300,0.2
"s3","s2",5.59949054507265,2,300,0.2
"s3","s2",5.98562796776448,2,300,0.2
"s3","s2",5.93340774675447,2,300,0.2
"s3","s2",5.63896583050039,2,300,0.2
"s3","s2",5.75533562493435,2,300,0.2
"s3","s2",5.9548288062034,2,300,0.2
"s3","s2",5.81095059967808,2,300,0.2
"s3","s2",5.71442335892857,2,300,0.2
"s3","s2",5.72646138561984,2,300,0.2
"s3","s2",5.6222856852319,2,300,0.2
"s3","s2",6.13351376799125,2,300,0.2
"s3","s2",5.62439698247184,2,300,0.2
"s3","s2",5.86583039418396,2,300,0.2
"s3","s2",5.68686556100272,2,300,0.2
"s3","s2",5.87341563557837,2,300,0.2
"s3","s2",5.86001388512216,2,300,0.2
"s3","s2",5.9885092350968,2,300,0.2
"s3","s2",5.97642790925552,2,300,0.2
"s3","s2",5.67664666317581,2,300,0.2
"s3","s2",5.96506663281033,2,300,0.2
"s3","s2",5.97194379758659,2,300,0.2
"s3","s2",5.80173524621472,2,300,0.2
"s3","s2",5.84569496862105,2,300,0.2
"s3","s2",5.75687182388825,2,300,0.2
"s3","s2",5.98709773314278,2,300,0.2
"s3","s2",6.2100618536634,2,300,0.2
"s3","s2",5.92726136536538,2,300,0.2
"s3","s2",6.12780915750329,2,300,0.2
"s3","s2",5.68586837235446,2,300,0.2
"s3","s2",5.61050657907292,2,300,0.2
"s3","s2",5.65892448985635,2,300,0.2
"s3","s2",5.79793228298901,2,300,0.2
"s3","s2",6.01210859161372,2,300,0.2
"s3","s2",5.50939497992862,2,300,0.2
"s3","s2",5.85442649024824,2,300,0.2
"s3","s2",5.69142574240766,2,300,0.2
"s3","s2",5.95148986884241,2,300,0.2
"s3","s2",5.87779384925747,2,300,0.2
"s3","s2",5.50649567870843,2,300,0.2
"s3","s2",5.89014641616455,2,300,0.2
"s3","s2",6.00345930983943,2,300,0.2
"s3","s2",5.96037178790642,2,300,0.2
"s3","s2",5.98676336838427,2,300,0.2
"s3","s2",6.13458056104001,2,300,0.2
"s3","s2",5.9647813983253,2,300,0.2
"s3","s2",5.96294739548838,2,300,0.2
"s3","s2",5.36036765131934,2,300,0.2
"s3","s2",6.01334631631213,2,300,0.2
"s3","s2",5.78619173166715,2,300,0.2
"s3","s2",6.42928689641678,2,300,0.2
"s3","s2",6.33924751199768,2,300,0.2
"s3","s2",5.69103581666265,2,300,0.2
"s3","s2",5.77154606175665,2,300,0.2
"s3","s2",6.07584229313886,2,300,0.2
"s3","s2",5.8381495535333,2,300,0.2
"s3","s2",5.5434706071507,2,300,0.2
"s3","s2",5.72946266731154,2,300,0.2
"s3","s2",6.08125411662471,2,300,0.2
"s3","s2",6.17122398216543,2,300,0.2
"s3","s2",5.68233213862423,2,300,0.2
"s3","s2",5.76584200869354,2,300,0.2
"s3","s2",5.32425336429664,2,300,0.2
"s3","s2",6.2297180864266,2,300,0.2
"s3","s2",5.82602913445828,2,300,0.2
"s3","s2",5.80935731814351,2,300,0.2
"s3","s2",5.6600828428446,2,300,0.2
"s3","s2",5.57691136621293,2,300,0.2
"s3","s2",6.03053509050292,2,300,0.2
"s3","s2",5.94434802323352,2,300,0.2
"s3","s2",6.34375595533967,2,300,0.2
"s3","s2",6.16316916136162,2,300,0.2
"s3","s2",5.34263913153751,2,300,0.2
"s3","s2",5.92196831557489,2,300,0.2
"s3","s2",6.02206014790212,2,300,0.2
"s3","s2",5.39961829871869,2,300,0.2
"s3","s2",5.90816975214892,2,300,0.2
"s3","s2",5.5535552912528,2,300,0.2
"s3","s2",5.99123271602707,2,300,0.2
"s3","s2",6.1721995872647,2,300,0.2
"s3","s2",5.9128080426663,2,300,0.2
"s3","s2",6.42943442410295,2,300,0.2
"s3","s2",6.06743001269496,2,300,0.2
"s3","s2",5.85562510618581,2,300,0.2
"s3","s2",5.72237498796241,2,300,0.2
"s3","s2",6.24583104006296,2,300,0.2
"s3","s2",5.89790844090646,2,300,0.2
"s3","s2",5.90311019025151,2,300,0.2
"s3","s2",5.82758400836204,2,300,0.2
"s3","s2",5.47607299134652,2,300,0.2
"s3","s2",5.51773444443154,2,300,0.2
"s3","s2",5.6600828428446,2,300,0.2
"s3","s2",5.55033292548508,2,300,0.2
"s3","s2",6.04779008009646,2,300,0.2
"s3","s2",5.84106662815813,2,300,0.2
"s3","s2",5.78203943181185,2,300,0.2
"s3","s2",5.80610978361085,2,300,0.2
"s3","s2",5.71900979523321,2,300,0.2
"s3","s2",5.88384790031921,2,300,0.2
"s3","s2",6.52577914334463,2,300,0.2
"s3","s2",5.64084199615935,2,300,0.2
"s3","s2",6.18993610287082,2,300,0.2
"s3","s2",6.11585134503332,2,300,0.2
"s3","s2",6.14040496613521,2,300,0.2
"s3","s2",6.09936900218256,2,300,0.2
"s3","s2",5.59390929867862,2,300,0.2
"s3","s2",5.34565126103898,2,300,0.2
"s3","s2",5.75596495810302,2,300,0.2
"s3","s2",5.8628847421391,2,300,0.2
"s3","s2",5.95077279148168,2,300,0.2
"s3","s2",5.96851205466167,2,300,0.2
"s3","s2",6.1250747934678,2,300,0.2
"s3","s2",5.90407372589284,2,300,0.2
"s3","s2",6.19520131077499,2,300,0.2
"s3","s2",5.41639040144809,2,300,0.2
"s3","s2",5.68750413176728,2,300,0.2
"s3","s2",5.9861417108728,2,300,0.2
"s3","s2",5.80762378412794,2,300,0.2
"s3","s2",5.67372393801211,2,300,0.2
"s3","s2",5.50261194637324,2,300,0.2
"s3","s2",5.8718700654594,2,300,0.2
"s3","s2",6.35981671935417,2,300,0.2
"s3","s2",5.52908389865723,2,300,0.2
"s3","s2",5.81203086876476,2,300,0.2
"s3","s2",6.3491105091712,2,300,0.2
"s3","s2",6.50800406958368,2,300,0.2
"s3","s2",6.10720212722632,2,300,0.2
"s3","s2",5.70884757276917,2,300,0.2
"s3","s2",5.60031697546589,2,300,0.2
"s3","s2",5.44665332577154,2,300,0.2
"s3","s2",5.67789458372337,2,300,0.2
"s3","s2",6.17034538220838,2,300,0.2
"s3","s2",5.59368086558825,2,300,0.2
"s3","s2",5.41803084380993,2,300,0.2
"s3","s2",5.96401775020975,2,300,0.2
"s3","s2",5.90857674437952,2,300,0.2
"s3","s2",5.7226373253972,2,300,0.2
"s3","s2",5.9754881312513,2,300,0.2
"s3","s2",5.90208437055169,2,300,0.2
"s3","s2",5.61688935031966,2,300,0.2
"s3","s2",5.84106662815813,2,300,0.2
"s3","s2",5.54812213190851,2,300,0.2
"s3","s2",6.07697331184198,2,300,0.2
"s3","s2",6.12941511132375,2,300,0.2
"s3","s2",6.04712922318468,2,300,0.2
"s3","s2",5.86266052135941,2,300,0.2
"s3","s2",5.94622534649301,2,300,0.2
"s3","s2",5.66301832689234,2,300,0.2
"s3","s2",5.74127606081532,2,300,0.2
"s3","s2",5.74454164142206,2,300,0.2
"s3","s2",5.96907243824465,2,300,0.2
"s3","s2",5.84719400780772,2,300,0.2
"s3","s2",5.95926864164121,2,300,0.2
"s3","s2",5.90770494317201,2,300,0.2
"s3","s2",5.98417178743012,2,300,0.2
"s3","s2",5.44308946020772,2,300,0.2
"s3","s2",5.84869304699438,2,300,0.2
"s3","s2",5.23937336662274,2,300,0.2
"s3","s2",6.31149549867711,2,300,0.2
"s3","s2",5.5679159477063,2,300,0.2
"s3","s2",5.90240957635644,2,300,0.2
"s3","s2",5.71288166088716,2,300,0.2
"s3","s2",5.98562796776448,2,300,0.2
"s3","s2",5.92361503005196,2,300,0.2
"s3","s2",6.16360520771632,2,300,0.2
"s3","s2",6.45389421752904,2,300,0.2
"s3","s2",5.82820658673046,2,300,0.2
"s3","s2",5.82505536027243,2,300,0.2
"s3","s2",5.65931441469536,2,300,0.2
"s3","s2",5.66874070204368,2,300,0.2
"s3","s2",5.73200695162598,2,300,0.2
"s3","s2",5.80610432892203,2,300,0.2
"s3","s2",5.93105236623848,2,300,0.2
"s3","s2",5.79041088842835,2,300,0.2
"s3","s2",5.40659324128548,2,300,0.2
"s3","s2",6.06871897831843,2,300,0.2
"s3","s2",5.60863231771326,2,300,0.2
"s3","s2",5.63337745800875,2,300,0.2
"s3","s2",5.75836873344237,2,300,0.2
"s3","s2",5.81587286828898,2,300,0.2
"s3","s2",5.94017223255354,2,300,0.2
"s3","s2",5.69239920447889,2,300,0.2
"s3","s2",5.42576208740606,2,300,0.2
"s3","s2",5.9048027404271,2,300,0.2
"s3","s2",5.39630337025714,2,300,0.2
"s3","s2",5.52386434744257,2,300,0.2
"s3","s2",5.81839258589633,2,300,0.2
"s3","s2",5.39659710884757,2,300,0.2
"s3","s2",5.67783626794834,2,300,0.2
"s3","s2",6.02819193492176,2,300,0.2
"s3","s2",6.14904107147684,2,300,0.2
"s3","s2",5.82001500088339,2,300,0.2
"s3","s2",5.8814290771914,2,300,0.2
"s3","s2",5.72083621155059,2,300,0.2
"s3","s2",6.03039769501843,2,300,0.2
"s3","s2",5.75148624814962,2,300,0.2
"s3","s2",5.70955263723587,2,300,0.2
"s3","s2",6.05010521944759,2,300,0.2
"s3","s2",5.78824551170496,2,300,0.2
"s3","s2",5.61176913828581,2,300,0.2
"s3","s2",5.71881730117958,2,300,0.2
"s3","s2",6.02411480658925,2,300,0.2
"s3","s2",5.44306698943996,2,300,0.2
"s3","s2",5.70326495668071,2,300,0.2
"s3","s2",5.5069335452788,2,300,0.2
"s3","s2",5.8812920848946,2,300,0.2
"s3","s2",5.92618693214072,2,300,0.2
"s3","s2",6.01329394335666,2,300,0.2
"s3","s2",5.57639728611628,2,300,0.2
"s3","s2",5.8181376098273,2,300,0.2
"s3","s2",6.27080317697034,2,300,0.2
"s3","s2",6.13479802583262,2,300,0.2
"s3","s2",5.72237498796241,2,300,0.2
"s3","s2",6.040007754217,2,300,0.2
"s3","s2",6.33069939198201,2,300,0.2
"s3","s2",5.84953002067557,2,300,0.2
"s3","s2",5.97720210604738,2,300,0.2
"s3","s2",5.78629524798347,2,300,0.2
"s3","s2",5.74446703730678,2,300,0.2
"s3","s2",5.8606228259433,2,300,0.2
"s3","s2",6.21463088507929,2,300,0.2
"s3","s2",5.75403987445628,2,300,0.2
"s3","s2",5.74608151073156,2,300,0.2
"s3","s2",5.76352206816473,2,300,0.2
"s3","s2",5.4943779602106,2,300,0.2
"s3","s2",5.75416601871133,2,300,0.2
"s3","s2",5.37824312745285,2,300,0.2
"s3","s2",6.07802036425553,2,300,0.2
"s3","s2",5.82644833952989,2,300,0.2
"s3","s2",6.13575375352204,2,300,0.2
"s3","s2",6.1877036536593,2,300,0.2
"s3","s2",5.97159177641697,2,300,0.2
"s3","s2",5.6913107500642,2,300,0.2
"s3","s2",6.06660152219013,2,300,0.2
"s3","s2",5.78204139396887,2,300,0.2
"s3","s2",5.87372973153785,2,300,0.2
"s3","s2",6.1446959074886,2,300,0.2
"s3","s2",5.85006475551462,2,300,0.2
"s3","s2",5.5058192322645,2,300,0.2
"s3","s2",5.86761371151292,2,300,0.2
"s3","s2",5.90042250385677,2,300,0.2
"s3","s2",5.8219855532086,2,300,0.2
"s3","s2",5.59981065796559,2,300,0.2
"s3","s2",5.43559542171289,2,300,0.2
"s3","s2",6.35786148733987,2,300,0.2
"s3","s2",6.13351376799125,2,300,0.2
"s3","s2",5.7799909931891,2,300,0.2
"s3","s2",5.69724400317291,2,300,0.2
"s3","s2",6.7832229022699,2,300,0.2
"s3","s2",5.61557044834376,2,300,0.2
"s3","s2",5.82602913445828,2,300,0.2
"s3","s2",6.01491528866071,2,300,0.2
"s3","s4",5.7530686601734,2,300,0.2
"s3","s4",6.1591777300062,2,300,0.2
"s3","s4",6.04034960910853,2,300,0.2
"s3","s4",5.42174266559493,2,300,0.2
"s3","s4",5.63926462628108,2,300,0.2
"s3","s4",5.6127925738021,2,300,0.2
"s3","s4",6.31557353310944,2,300,0.2
"s3","s4",5.86023574481317,2,300,0.2
"s3","s4",5.5345120178795,2,300,0.2
"s3","s4",5.82858426014081,2,300,0.2
"s3","s4",5.57182488194118,2,300,0.2
"s3","s4",5.31802418446233,2,300,0.2
"s3","s4",6.0791087575155,2,300,0.2
"s3","s4",5.91580453005244,2,300,0.2
"s3","s4",5.33304632207171,2,300,0.2
"s3","s4",5.86123208217295,2,300,0.2
"s3","s4",5.66904094822856,2,300,0.2
"s3","s4",5.81503673980912,2,300,0.2
"s3","s4",5.97672162385766,2,300,0.2
"s3","s4",5.85933512234811,2,300,0.2
"s3","s4",5.42672710124064,2,300,0.2
"s3","s4",6.12576640784454,2,300,0.2
"s3","s4",5.83877589474201,2,300,0.2
"s3","s4",6.26396547115411,2,300,0.2
"s3","s4",6.24119629134011,2,300,0.2
"s3","s4",5.76257695660408,2,300,0.2
"s3","s4",5.60497952243396,2,300,0.2
"s3","s4",5.68956366094918,2,300,0.2
"s3","s4",6.03796092637216,2,300,0.2
"s3","s4",5.78669312481071,2,300,0.2
"s3","s4",5.78278864514379,2,300,0.2
"s3","s4",5.96980600420642,2,300,0.2
"s3","s4",5.8804153104453,2,300,0.2
"s3","s4",6.04719590767914,2,300,0.2
"s3","s4",6.16976881661174,2,300,0.2
"s3","s4",5.61781794919736,2,300,0.2
"s3","s4",6.00632824492079,2,300,0.2
"s3","s4",5.69272415015857,2,300,0.2
"s3","s4",6.3905909708634,2,300,0.2
"s3","s4",5.96267246349786,2,300,0.2
"s3","s4",5.59517380871597,2,300,0.2
"s3","s4",6.02282292174118,2,300,0.2
"s3","s4",5.69611535435135,2,300,0.2
"s3","s4",6.10783340772244,2,300,0.2
"s3","s4",5.85023544170242,2,300,0.2
"s3","s4",5.15875163010276,2,300,0.2
"s3","s4",5.95100022513424,2,300,0.2
"s3","s4",5.96512661255015,2,300,0.2
"s3","s4",5.85159716376887,2,300,0.2
"s3","s4",5.63512216283524,2,300,0.2
"s3","s4",6.16672263933268,2,300,0.2
"s3","s4",5.35822564500053,2,300,0.2
"s3","s4",5.98586184175586,2,300,0.2
"s3","s4",6.21776082948652,2,300,0.2
"s3","s4",5.87411376922763,2,300,0.2
"s3","s4",5.9502856985212,2,300,0.2
"s3","s4",6.22051565365331,2,300,0.2
"s3","s4",5.55676986155498,2,300,0.2
"s3","s4",5.54149820701238,2,300,0.2
"s3","s4",5.78938957655319,2,300,0.2
"s3","s4",5.83517236785148,2,300,0.2
"s3","s4",6.4085327152223,2,300,0.2
"s3","s4",5.73586483288597,2,300,0.2
"s3","s4",5.76465971715976,2,300,0.2
"s3","s4",5.5533256314374,2,300,0.2
"s3","s4",6.02647842621329,2,300,0.2
"s3","s4",5.81190308308248,2,300,0.2
"s3","s4",6.13805261338743,2,300,0.2
"s3","s4",5.99809220438783,2,300,0.2
"s3","s4",5.44495717094134,2,300,0.2
"s3","s4",5.61534344287676,2,300,0.2
"s3","s4",5.81395637250685,2,300,0.2
"s3","s4",5.67389880127983,2,300,0.2
"s3","s4",5.75250940297026,2,300,0.2
"s3","s4",6.43887319428815,2,300,0.2
"s3","s4",6.0962355906805,2,300,0.2
"s3","s4",5.38591714272299,2,300,0.2
"s3","s4",6.38504282284252,2,300,0.2
"s3","s4",6.05453212271064,2,300,0.2
"s3","s4",5.56491688304673,2,300,0.2
"s3","s4",6.04061445019192,2,300,0.2
"s3","s4",5.66035095689857,2,300,0.2
"s3","s4",5.38310229255619,2,300,0.2
"s3","s4",5.97063935428415,2,300,0.2
"s3","s4",5.46670437583347,2,300,0.2
"s3","s4",5.95484662365562,2,300,0.2
"s3","s4",5.84229665323025,2,300,0.2
"s3","s4",6.20346970144179,2,300,0.2
"s3","s4",5.77915920546499,2,300,0.2
"s3","s4",5.99799344674842,2,300,0.2
"s3","s4",5.58474136722802,2,300,0.2
"s3","s4",5.90285958095546,2,300,0.2
"s3","s4",5.68235888773425,2,300,0.2
"s3","s4",5.68754895655339,2,300,0.2
"s3","s4",5.85497064186507,2,300,0.2
"s3","s4",5.66957457515564,2,300,0.2
"s3","s4",6.05009884223823,2,300,0.2
"s3","s4",5.67389880127983,2,300,0.2
"s3","s4",5.90498245668152,2,300,0.2
"s3","s4",5.42056002989602,2,300,0.2
"s3","s4",5.33295499826298,2,300,0.2
"s3","s4",5.39203720718774,2,300,0.2
"s3","s4",5.82603337461551,2,300,0.2
"s3","s4",5.20427585932653,2,300,0.2
"s3","s4",5.76465971715976,2,300,0.2
"s3","s4",5.84828359694538,2,300,0.2
"s3","s4",5.85827426455679,2,300,0.2
"s3","s4",5.70010013324404,2,300,0.2
"s3","s4",5.4066527018544,2,300,0.2
"s3","s4",5.95366702807689,2,300,0.2
"s3","s4",5.48885102139207,2,300,0.2
"s3","s4",5.74187079334111,2,300,0.2
"s3","s4",5.98283768547401,2,300,0.2
"s3","s4",5.56826809418275,2,300,0.2
"s3","s4",6.01534379639881,2,300,0.2
"s3","s4",5.67133396357904,2,300,0.2
"s3","s4",5.73475778342975,2,300,0.2
"s3","s4",5.54156118928207,2,300,0.2
"s3","s4",6.0169634593685,2,300,0.2
"s3","s4",5.3184133592769,2,300,0.2
"s3","s4",5.47024686608282,2,300,0.2
"s3","s4",5.73208029655761,2,300,0.2
"s3","s4",5.62321105353798,2,300,0.2
"s3","s4",5.78813729914526,2,300,0.2
"s3","s4",5.24784329719023,2,300,0.2
"s3","s4",5.83164416512961,2,300,0.2
"s3","s4",5.93724064891049,2,300,0.2
"s3","s4",6.02169793504307,2,300,0.2
"s3","s4",5.63536906577771,2,300,0.2
"s3","s4",5.71178394547216,2,300,0.2
"s3","s4",6.11616038956542,2,300,0.2
"s3","s4",5.60836009370042,2,300,0.2
"s3","s4",5.83224811304221,2,300,0.2
"s3","s4",5.65442312216889,2,300,0.2
"s3","s4",6.10959750639565,2,300,0.2
"s3","s4",5.73291219165282,2,300,0.2
"s3","s4",5.69471933047656,2,300,0.2
"s3","s4",5.701977284585,2,300,0.2
"s3","s4",5.98131799119975,2,300,0.2
"s3","s4",6.06500712222545,2,300,0.2
"s3","s4",5.69320432867778,2,300,0.2
"s3","s4",5.7048298968258,2,300,0.2
"s3","s4",6.08493054628683,2,300,0.2
"s3","s4",5.96992886967698,2,300,0.2
"s3","s4",5.78437159324901,2,300,0.2
"s3","s4",5.69778000675538,2,300,0.2
"s3","s4",6.42447506151126,2,300,0.2
"s3","s4",5.88960926011256,2,300,0.2
"s3","s4",5.97341805571756,2,300,0.2
"s3","s4",5.55325137278413,2,300,0.2
"s3","s4",5.69679143437037,2,300,0.2
"s3","s4",5.28299738713266,2,300,0.2
"s3","s4",5.72535401798154,2,300,0.2
"s3","s4",6.00576230375338,2,300,0.2
"s3","s4",5.93918090235571,2,300,0.2
"s3","s4",5.52167956426739,2,300,0.2
"s3","s4",6.06745747411506,2,300,0.2
"s3","s4",5.75812793253121,2,300,0.2
"s3","s4",5.88413709737004,2,300,0.2
"s3","s4",5.9717113300573,2,300,0.2
"s3","s4",5.43697181385432,2,300,0.2
"s3","s4",6.18838089116925,2,300,0.2
"s3","s4",5.98816196387296,2,300,0.2
"s3","s4",5.69209683524716,2,300,0.2
"s3","s4",5.95369563105493,2,300,0.2
"s3","s4",5.73728249418949,2,300,0.2
"s3","s4",5.93504448015064,2,300,0.2
"s3","s4",5.77872463503492,2,300,0.2
"s3","s4",5.86995676753978,2,300,0.2
"s3","s4",5.88951660035528,2,300,0.2
"s3","s4",6.16327795707625,2,300,0.2
"s3","s4",5.97645737001898,2,300,0.2
"s3","s4",5.46201733478718,2,300,0.2
"s3","s4",5.67120345969929,2,300,0.2
"s3","s4",5.48133991181527,2,300,0.2
"s3","s4",6.19964168033718,2,300,0.2
"s3","s4",5.62120454231518,2,300,0.2
"s3","s4",6.57826728422342,2,300,0.2
"s3","s4",5.72043857736892,2,300,0.2
"s3","s4",6.16794835111838,2,300,0.2
"s3","s4",5.73102712448292,2,300,0.2
"s3","s4",6.10267583367261,2,300,0.2
"s3","s4",5.61555377769742,2,300,0.2
"s3","s4",6.00760845924223,2,300,0.2
"s3","s4",5.85394114114972,2,300,0.2
"s3","s4",6.03280860633228,2,300,0.2
"s3","s4",5.78205229706435,2,300,0.2
"s3","s4",5.72406536877172,2,300,0.2
"s3","s4",5.5780620103158,2,300,0.2
"s3","s4",5.67724732140093,2,300,0.2
"s3","s4",6.25066057242537,2,300,0.2
"s3","s4",5.71551373433027,2,300,0.2
"s3","s4",5.29803145936852,2,300,0.2
"s3","s4",5.30407455240157,2,300,0.2
"s3","s4",5.58722139838045,2,300,0.2
"s3","s4",5.59828285488432,2,300,0.2
"s3","s4",5.53722900022717,2,300,0.2
"s3","s4",6.13407977634944,2,300,0.2
"s3","s4",5.79779053828025,2,300,0.2
"s3","s4",5.89416591424111,2,300,0.2
"s3","s4",5.70503639517098,2,300,0.2
"s3","s4",5.41036171626763,2,300,0.2
"s3","s4",6.26003302285469,2,300,0.2
"s3","s4",5.54993932374267,2,300,0.2
"s3","s4",5.70892148752846,2,300,0.2
"s3","s4",6.24668717626665,2,300,0.2
"s3","s4",6.22698345019944,2,300,0.2
"s3","s4",5.90953581704506,2,300,0.2
"s3","s4",6.43619260622095,2,300,0.2
"s3","s4",5.49522318764642,2,300,0.2
"s3","s4",6.18832232197659,2,300,0.2
"s3","s4",5.92065060661605,2,300,0.2
"s3","s4",5.61916494820234,2,300,0.2
"s3","s4",5.92480640077252,2,300,0.2
"s3","s4",6.34398388284504,2,300,0.2
"s3","s4",5.95272653628687,2,300,0.2
"s3","s4",5.96783550903007,2,300,0.2
"s3","s4",6.05356042667015,2,300,0.2
"s3","s4",5.68996800163745,2,300,0.2
"s3","s4",5.48589789549267,2,300,0.2
"s3","s4",6.08266356979446,2,300,0.2
"s3","s4",6.16648387884378,2,300,0.2
"s3","s4",5.6289538162531,2,300,0.2
"s3","s4",5.66828775127865,2,300,0.2
"s3","s4",6.06500712222545,2,300,0.2
"s3","s4",5.7900515967488,2,300,0.2
"s3","s4",5.73365073397353,2,300,0.2
"s3","s4",6.20762828160963,2,300,0.2
"s3","s4",5.31815980731847,2,300,0.2
"s3","s4",5.33349407646638,2,300,0.2
"s3","s4",5.98554042850697,2,300,0.2
"s3","s4",6.32211798220197,2,300,0.2
"s3","s4",5.75070527427356,2,300,0.2
"s3","s4",6.027127124592,2,300,0.2
"s3","s4",5.82941936926734,2,300,0.2
"s3","s4",5.88030088178346,2,300,0.2
"s3","s4",5.59030666107606,2,300,0.2
"s3","s4",5.97427827502445,2,300,0.2
"s3","s4",5.59885266388145,2,300,0.2
"s3","s4",6.05930022453764,2,300,0.2
"s3","s4",5.92645867702629,2,300,0.2
"s3","s4",5.51845250904287,2,300,0.2
"s3","s4",6.24266665542507,2,300,0.2
"s3","s4",5.70035940155248,2,300,0.2
"s3","s4",5.80363686154024,2,300,0.2
"s3","s4",5.81096460969628,2,300,0.2
"s3","s4",6.18186179897992,2,300,0.2
"s3","s4",5.54912157679642,2,300,0.2
"s3","s4",6.15246361923182,2,300,0.2
"s3","s4",5.65592017826026,2,300,0.2
"s3","s4",5.569562634313,2,300,0.2
"s3","s4",5.37205024012101,2,300,0.2
"s3","s4",5.77527187880317,2,300,0.2
"s3","s4",6.01466108781817,2,300,0.2
"s3","s4",5.9132726029638,2,300,0.2
"s3","s4",6.03185365208402,2,300,0.2
"s3","s4",5.27320443347725,2,300,0.2
"s3","s4",6.23606120395447,2,300,0.2
"s3","s4",5.4105947592606,2,300,0.2
"s3","s4",5.92699934693509,2,300,0.2
"s3","s4",5.83424474723529,2,300,0.2
"s3","s4",5.63329488924296,2,300,0.2
"s3","s4",6.35163347184536,2,300,0.2
"s3","s4",5.87360687857674,2,300,0.2
"s3","s4",5.54709968065709,2,300,0.2
"s3","s4",5.4269770293742,2,300,0.2
"s3","s4",5.95264275780947,2,300,0.2
"s3","s4",5.92351126855499,2,300,0.2
"s3","s4",5.70827355661618,2,300,0.2
"s3","s4",5.9438970252703,2,300,0.2
"s3","s4",5.83361575056267,2,300,0.2
"s3","s4",5.82871707389199,2,300,0.2
"s3","s4",5.92563722578672,2,300,0.2
"s3","s4",6.00325938479392,2,300,0.2
"s3","s4",5.61357723946131,2,300,0.2
"s3","s4",6.30239112908237,2,300,0.2
"s3","s4",5.83907012520324,2,300,0.2
"s3","s4",5.64847958722886,2,300,0.2
"s3","s4",6.47560027216094,2,300,0.2
"s3","s4",6.04236927234425,2,300,0.2
"s3","s4",6.16281091259129,2,300,0.2
"s3","s4",5.56148683550892,2,300,0.2
"s3","s4",5.743797169484,2,300,0.2
"s3","s4",5.7721380351098,2,300,0.2
"s3","s4",6.40754995765672,2,300,0.2
"s3","s4",6.07140178810165,2,300,0.2
"s3","s4",5.78975581363041,2,300,0.2
"s3","s4",5.79653285511341,2,300,0.2
"s3","s4",5.79482572451144,2,300,0.2
"s3","s4",5.9717113300573,2,300,0.2
"s3","s4",5.91674559891976,2,300,0.2
"s3","s4",6.19604198731815,2,300,0.2
"s3","s4",6.02711851466496,2,300,0.2
"s3","s4",5.86890736783839,2,300,0.2
"s3","s4",6.16544324410773,2,300,0.2
"s3","s4",5.71749171657018,2,300,0.2
"s3","s4",6.06960480505592,2,300,0.2
"s3","s4",6.27564285456728,2,300,0.2
"s3","s4",5.8917715533187,2,300,0.2
"s3","s4",5.65198512999998,2,300,0.2
"s3","s4",5.88221863488173,2,300,0.2
"s3","s4",5.56491688304673,2,300,0.2
"s3","s4",5.67576273472115,2,300,0.2
"s3","s4",6.15490600209186,2,300,0.2
"s3","s4",5.33650319289978,2,300,0.2
"s3","s4",5.73365073397353,2,300,0.2
"s3","s4",5.87274939843346,2,300,0.2
"s3","s4",6.33254294034712,2,300,0.2
"s3","s4",6.34295136307481,2,300,0.2
"s3","s4",5.54775787594705,2,300,0.2
"s3","s4",6.20643911450802,2,300,0.2
"s3","s4",6.08127811585067,2,300,0.2
"s3","s4",6.04543203242104,2,300,0.2
"s3","s4",6.33569004633588,2,300,0.2
"s3","s4",5.92896219492899,2,300,0.2
"s3","s4",5.87684417393016,2,300,0.2
"s3","s4",6.21871530692616,2,300,0.2
"s3","s4",6.54589909559542,2,300,0.2
"s3","s4",5.86653808171529,2,300,0.2
"s3","s4",5.28440419816346,2,300,0.2
"s3","s4",6.01659294547079,2,300,0.2
"s3","s4",6.01457855215112,2,300,0.2
"s3","s4",5.85524503768044,2,300,0.2
"s3","s4",5.9069587870722,2,300,0.2
"s3","s4",5.70081886611123,2,300,0.2
"s3","s4",5.68675344795084,2,300,0.2
"s3","s4",5.25619808412716,2,300,0.2
"s3","s4",6.08836438941358,2,300,0.2
"s3","s4",5.92563722578672,2,300,0.2
"s3","s4",5.36633253480278,2,300,0.2
"s3","s4",5.72016725650384,2,300,0.2
"s3","s4",6.10395510742352,2,300,0.2
"s3","s4",6.18104528696573,2,300,0.2
"s3","s4",5.70416884613533,2,300,0.2
"s3","s4",5.98506652403184,2,300,0.2
"s3","s4",5.4269770293742,2,300,0.2
"s3","s4",5.97064552096188,2,300,0.2
"s3","s4",5.3918068801278,2,300,0.2
"s3","s4",5.61121056614806,2,300,0.2
"s3","s4",6.09129967993542,2,300,0.2
"s3","s4",5.95655162134196,2,300,0.2
"s3","s4",6.27997603183803,2,300,0.2
"s3","s4",5.8137108735361,2,300,0.2
"s3","s4",6.14656074674411,2,300,0.2
"s3","s4",5.88398583258331,2,300,0.2
"s3","s4",5.36458435150666,2,300,0.2
"s3","s4",5.50816544813426,2,300,0.2
"s3","s4",5.83487567481777,2,300,0.2
"s3","s4",5.46458413832949,2,300,0.2
"s3","s4",5.93784171473786,2,300,0.2
"s3","s4",6.17873855421568,2,300,0.2
"s3","s4",5.48579105100024,2,300,0.2
"s3","s4",6.10485529622105,2,300,0.2
"s3","s4",5.44894561028478,2,300,0.2
"s3","s4",5.88321053271461,2,300,0.2
"s3","s4",5.9119125686364,2,300,0.2
"s3","s4",5.67763932680722,2,300,0.2
"s3","s4",6.1519629223743,2,300,0.2
"s3","s4",5.6611104850727,2,300,0.2
"s3","s4",5.75090898914685,2,300,0.2
"s3","s4",5.94649418763066,2,300,0.2
"s3","s4",5.8192052094234,2,300,0.2
"s3","s4",5.62407420782017,2,300,0.2
"s3","s4",5.75982384301486,2,300,0.2
"s3","s4",5.71366765193966,2,300,0.2
"s3","s4",5.84907995434338,2,300,0.2
"s3","s4",5.54025020219536,2,300,0.2
"s3","s4",5.60297905594234,2,300,0.2
"s3","s4",5.62906183665854,2,300,0.2
"s3","s4",5.89858171800301,2,300,0.2
"s3","s4",5.44011061518592,2,300,0.2
"s3","s4",5.90131213432704,2,300,0.2
"s3","s4",5.68496355555115,2,300,0.2
"s3","s4",6.19724228125549,2,300,0.2
"s3","s4",5.41979197077475,2,300,0.2
"s3","s4",5.41790119541771,2,300,0.2
"s3","s4",6.12970725345293,2,300,0.2
"s3","s4",6.17328114983906,2,300,0.2
"s3","s4",5.29373211270683,2,300,0.2
"s3","s4",6.03770942424224,2,300,0.2
"s3","s4",5.80647807774056,2,300,0.2
"s3","s4",5.67776539025399,2,300,0.2
"s3","s4",5.6845717090149,2,300,0.2
"s3","s4",6.17029356046277,2,300,0.2
"s3","s4",6.04165346525679,2,300,0.2
"s3","s4",5.84559244083552,2,300,0.2
"s3","s4",6.21100401153026,2,300,0.2
"s3","s4",5.74446749065796,2,300,0.2
"s3","s4",5.71519098947849,2,300,0.2
"s3","s4",6.40493157461338,2,300,0.2
"s3","s4",6.09434874486197,2,300,0.2
"s3","s4",5.54634302421133,2,300,0.2
"s3","s4",6.31365630529516,2,300,0.2
"s3","s4",5.49775885150027,2,300,0.2
"s3","s4",5.20425343751955,2,300,0.2
"s3","s4",6.19898265997811,2,300,0.2
"s3","s4",5.55233828051526,2,300,0.2
"s3","s4",6.061689207754,2,300,0.2
"s3","s4",6.34246936436603,2,300,0.2
"s3","s4",5.80658116344117,2,300,0.2
"s3","s4",5.86898594544171,2,300,0.2
"s3","s4",5.80011460533923,2,300,0.2
"s3","s4",5.89297188173771,2,300,0.2
"s3","s4",5.76739307889517,2,300,0.2
"s3","s4",5.56011525658328,2,300,0.2
"s3","s4",5.73759477633467,2,300,0.2
"s3","s4",5.52152751706346,2,300,0.2
"s3","s4",5.71439181001551,2,300,0.2
"s3","s4",6.13418841027334,2,300,0.2
"s3","s4",5.50265189751987,2,300,0.2
"s3","s4",5.88067015735686,2,300,0.2
"s3","s4",6.29708173191386,2,300,0.2
"s3","s4",5.81690705059452,2,300,0.2
"s3","s4",5.72447246697899,2,300,0.2
"s3","s4",5.51557483147583,2,300,0.2
"s3","s4",5.72817341649724,2,300,0.2
"s3","s4",5.48516682653934,2,300,0.2
"s3","s4",5.83677962852048,2,300,0.2
"s3","s4",5.85159716376887,2,300,0.2
"s3","s4",5.71905572917961,2,300,0.2
"s3","s4",5.93711507617705,2,300,0.2
"s3","s4",5.73129077095561,2,300,0.2
"s3","s4",5.8021196713385,2,300,0.2
"s3","s4",5.6845717090149,2,300,0.2
"s3","s4",5.55267418793183,2,300,0.2
"s3","s4",5.6385664856136,2,300,0.2
"s3","s4",5.47369680736661,2,300,0.2
"s3","s4",5.80805135086081,2,300,0.2
"s3","s4",5.47475325879425,2,300,0.2
"s3","s4",6.02593783432026,2,300,0.2
"s3","s4",5.71900737845999,2,300,0.2
"s3","s4",5.92220584596254,2,300,0.2
"s3","s4",5.64371685679009,2,300,0.2
"s3","s4",5.48838294895332,2,300,0.2
"s3","s4",5.13768616391539,2,300,0.2
"s3","s4",5.4562227313952,2,300,0.2
"s3","s4",5.59969377250311,2,300,0.2
"s3","s4",5.51123392058111,2,300,0.2
"s3","s4",5.92645867702629,2,300,0.2
"s3","s4",5.5718074102334,2,300,0.2
"s3","s4",5.35020640380679,2,300,0.2
"s3","s4",6.11990092395882,2,300,0.2
"s3","s4",5.46979283520082,2,300,0.2
"s3","s4",5.68144250749979,2,300,0.2
"s3","s4",5.43058290995992,2,300,0.2
"s3","s4",5.72594643741346,2,300,0.2
"s3","s4",6.20328781454352,2,300,0.2
"s3","s4",5.75791556725363,2,300,0.2
"s3","s4",5.71366765193966,2,300,0.2
"s3","s4",5.41203288697567,2,300,0.2
"s3","s4",6.2209754843343,2,300,0.2
"s3","s4",6.1755593611241,2,300,0.2
"s3","s4",5.88291751596284,2,300,0.2
"s3","s4",5.56769092848711,2,300,0.2
"s3","s4",6.2484191315617,2,300,0.2
"s3","s4",5.66789458697865,2,300,0.2
"s3","s4",5.90269883525238,2,300,0.2
"s3","s4",6.06009453944737,2,300,0.2
"s3","s4",6.03726599455992,2,300,0.2
"s3","s4",5.66904094822856,2,300,0.2
"s3","s4",5.88611121033852,2,300,0.2
"s3","s4",5.6361678051848,2,300,0.2
"s3","s4",6.37265640649554,2,300,0.2
"s3","s4",5.85779728239245,2,300,0.2
"s3","s4",5.94286436514014,2,300,0.2
"s3","s4",5.8464527405059,2,300,0.2
"s3","s4",5.74213097729927,2,300,0.2
"s3","s4",5.52561962748007,2,300,0.2
"s3","s4",5.83003972857321,2,300,0.2
"s3","s4",5.41776398128027,2,300,0.2
"s3","s4",5.85612267804294,2,300,0.2
"s3","s4",5.75743532595743,2,300,0.2
"s3","s4",5.60866125736808,2,300,0.2
"s3","s4",6.12649284451863,2,300,0.2
"s3","s4",5.76399792646514,2,300,0.2
"s3","s4",5.59294355726351,2,300,0.2
"s3","s4",5.67679961066096,2,300,0.2
"s3","s4",5.88763916176184,2,300,0.2
"s3","s4",6.04716222206618,2,300,0.2
"s3","s4",5.82135789123446,2,300,0.2
"s3","s4",5.88162313381419,2,300,0.2
"s3","s4",5.71438807559422,2,300,0.2
"s3","s4",6.02251691743751,2,300,0.2
"s3","s4",5.72690905100581,2,300,0.2
"s3","s4",5.47368796185751,2,300,0.2
"s3","s4",5.66977321356964,2,300,0.2
"s3","s4",5.95878768092894,2,300,0.2
"s3","s4",5.84197781458057,2,300,0.2
"s3","s4",6.08860899789376,2,300,0.2
"s3","s4",5.74544492854463,2,300,0.2
"s3","s4",6.14875765846736,2,300,0.2
"s3","s4",6.16444869022685,2,300,0.2
"s3","s4",5.72546757955423,2,300,0.2
"s3","s4",6.01854480648376,2,300,0.2
"s3","s4",6.20996664006041,2,300,0.2
"s3","s4",5.761366516159,2,300,0.2
"s3","s4",5.89281883655539,2,300,0.2
"s3","s4",5.81787452417991,2,300,0.2
"s3","s4",5.52597971689814,2,300,0.2
"s3","s4",5.75830597778979,2,300,0.2
"s3","s4",6.04558702505805,2,300,0.2
"s3","s4",6.19017830880598,2,300,0.2
"s3","s4",6.09709668581979,2,300,0.2
"s3","s4",6.34144781602749,2,300,0.2
"s3","s4",5.67048868813239,2,300,0.2
"s3","s4",5.82868686107674,2,300,0.2
"s3","s4",5.37758465319856,2,300,0.2
"s3","s4",5.66624447610587,2,300,0.2
"s3","s4",5.67969077647956,2,300,0.2
"s3","s4",5.38806065055331,2,300,0.2
"s3","s4",5.65139119574014,2,300,0.2
"s3","s4",5.53435651945567,2,300,0.2
"s3","s4",5.59384642763786,2,300,0.2
"s3","s4",5.67230103273806,2,300,0.2
"s3","s4",5.96826251201836,2,300,0.2
"s3","s4",5.9717113300573,2,300,0.2
"s3","s4",5.81498751642656,2,300,0.2
"s3","s4",6.32460781998176,2,300,0.2
"s3","s4",5.84478019754309,2,300,0.2
"s3","s4",6.02587212894677,2,300,0.2
"s3","s4",5.80592320125258,2,300,0.2
"s3","s4",5.86277863124467,2,300,0.2
"s3","s4",5.61678221483341,2,300,0.2
"s3","s4",5.75331689065945,2,300,0.2
"s3","s4",5.91090653026907,2,300,0.2
"s3","s4",5.85955097400882,2,300,0.2
"s3","s4",5.67664617527487,2,300,0.2
"s3","s4",5.70088899649858,2,300,0.2
"s3","s4",5.88192106934082,2,300,0.2
"s3","s4",5.58878998487415,2,300,0.2
"s3","s4",6.20762828160963,2,300,0.2
"s3","s4",5.52456981688627,2,300,0.2
"s3","s4",5.69642580885578,2,300,0.2
"s3","s4",5.9782317233581,2,300,0.2
"s3","s4",5.81278655299883,2,300,0.2
"s3","s4",6.04597563806352,2,300,0.2
"s3","s4",5.36256506640841,2,300,0.2
"s3","s4",6.30772987116634,2,300,0.2
"s3","s4",5.85519403033321,2,300,0.2
"s3","s4",5.53271785542983,2,300,0.2
"s3","s4",5.35375792643839,2,300,0.2
"s3","s4",5.67486518798108,2,300,0.2
"s3","s4",5.70159617313257,2,300,0.2
"s3","s4",6.05416687541918,2,300,0.2
"s3","s4",6.10485529622105,2,300,0.2
"s3","s4",5.63829815896244,2,300,0.2
"s3","s4",5.89922335952843,2,300,0.2
"s3","s4",6.00713068437224,2,300,0.2
"s3","s4",6.48768933985119,2,300,0.2
"s3","s4",6.15917841735276,2,300,0.2
"s3","s4",5.65764636821632,2,300,0.2
"s3","s4",5.67367527123965,2,300,0.2
"s3","s4",5.81451213039366,2,300,0.2
"s3","s4",5.73374266194922,2,300,0.2
"s3","s4",5.52053822277188,2,300,0.2
"s3","s4",5.74898462053115,2,300,0.2
"s3","s4",6.00867816382415,2,300,0.2
"s3","s4",5.75162895589057,2,300,0.2
"s3","s4",5.95335637583526,2,300,0.2
"s3","s4",5.85976682566952,2,300,0.2
"s3","s4",6.11229612170283,2,300,0.2
"s3","s4",5.6099674231574,2,300,0.2
"s3","s4",5.32230629325061,2,300,0.2
"s3","s4",6.4803060064414,2,300,0.2
"s3","s4",6.10114928885434,2,300,0.2
"s3","s4",5.44717237284708,2,300,0.2
"s3","s4",5.91464303134789,2,300,0.2
"s3","s4",6.06558426509191,2,300,0.2
"s3","s4",5.83188794820013,2,300,0.2
"s3","s4",5.68419928129224,2,300,0.2
"s3","s4",5.73303130445105,2,300,0.2
"s3","s4",6.0998722454491,2,300,0.2
"s3","s4",6.26958777624817,2,300,0.2
"s3","s4",6.06777257557676,2,300,0.2
"s3","s4",5.42892821897482,2,300,0.2
"s3","s4",6.31174246076199,2,300,0.2
"s3","s4",5.7409944460205,2,300,0.2
"s3","s4",5.58284742679189,2,300,0.2
"s3","s4",6.18245356965156,2,300,0.2
"s3","s4",5.42890701018003,2,300,0.2
"s3","s4",5.54200036638816,2,300,0.2
"s3","s4",5.96474234776161,2,300,0.2
"s3","s4",6.15750482424551,2,300,0.2
"s3","s4",5.8604806291759,2,300,0.2
"s3","s4",5.98723863276416,2,300,0.2
"s3","s4",5.99193478196722,2,300,0.2
"s3","s4",5.965031663776,2,300,0.2
"s3","s4",5.82858426014081,2,300,0.2
"s3","s4",5.69369330885075,2,300,0.2
"s3","s4",5.82057184157262,2,300,0.2
"s3","s4",5.8904566910158,2,300,0.2
"s3","s4",5.88930346160345,2,300,0.2
"s3","s4",5.74213097729927,2,300,0.2
"s3","s4",6.36183880240074,2,300,0.2
"s3","s4",5.97645737001898,2,300,0.2
"s3","s4",5.64501390612491,2,300,0.2
"s3","s4",5.88960926011256,2,300,0.2
"s3","s4",5.88034016037182,2,300,0.2
"s3","s4",6.19939320830908,2,300,0.2
"s3","s4",6.17193654539032,2,300,0.2
"s3","s4",5.52620148707288,2,300,0.2
"s3","s4",5.57149990381714,2,300,0.2
"s3","s4",5.41372269994008,2,300,0.2
"s3","s4",5.63030265020017,2,300,0.2
"s3","s4",5.2928412803137,2,300,0.2
"s3","s4",6.02126632193594,2,300,0.2
"s3","s4",6.05421938658424,2,300,0.2
"s3","s4",5.65292606607751,2,300,0.2
"s3","s4",5.71366765193966,2,300,0.2
"s3","s4",5.88801482864126,2,300,0.2
"s3","s4",5.80249753516392,2,300,0.2
"s3","s4",5.98641229399833,2,300,0.2
"s3","s4",5.4806925374632,2,300,0.2
"s3","s4",5.98153528125262,2,300,0.2
"s3","s4",5.38781462406897,2,300,0.2
"s3","s4",5.58991432766341,2,300,0.2
"s3","s4",5.67251952181379,2,300,0.2
"s3","s4",5.72984641042949,2,300,0.2
"s3","s4",6.32336648218388,2,300,0.2
"s3","s4",5.42075363041406,2,300,0.2
"s3","s4",6.19187710450597,2,300,0.2
"s3","s4",5.66074805265879,2,300,0.2
"s3","s4",5.42465720121864,2,300,0.2
"s3","s4",5.76257695660408,2,300,0.2
"s3","s4",6.27516581452582,2,300,0.2
"s3","s4",5.55267418793183,2,300,0.2
"s3","s4",5.34963247589337,2,300,0.2
"s3","s4",5.6908838324288,2,300,0.2
"s3","s4",5.57149096959098,2,300,0.2
"s3","s4",5.7671969541632,2,300,0.2
"s3","s4",5.62227048285837,2,300,0.2
"s3","s4",5.79323740304497,2,300,0.2
"s3","s4",5.53097859986295,2,300,0.2
"s3","s4",6.19175284501863,2,300,0.2
"s3","s4",5.66317029629914,2,300,0.2
"s3","s4",6.11242035108501,2,300,0.2
"s3","s4",5.18928453204288,2,300,0.2
"s3","s4",5.35199485385898,2,300,0.2
"s3","s4",5.98591078636412,2,300,0.2
"s3","s4",6.23725663078977,2,300,0.2
"s3","s4",6.12547139897983,2,300,0.2
"s3","s4",6.35847297868385,2,300,0.2
"s3","s4",5.90164949826757,2,300,0.2
"s3","s4",5.76910698964342,2,300,0.2
"s3","s4",6.05896531737584,2,300,0.2
"s3","s4",5.72437948886069,2,300,0.2
"s3","s4",5.78524439490223,2,300,0.2
"s3","s4",5.88398583258331,2,300,0.2
"s3","s4",5.78938957655319,2,300,0.2
"s3","s4",5.20975642076766,2,300,0.2
"s3","s4",6.10783340772244,2,300,0.2
"s3","s4",6.03148700560661,2,300,0.2
"s3","s4",5.83949083954981,2,300,0.2
"s3","s4",5.50265189751987,2,300,0.2
"s3","s4",5.42174266559493,2,300,0.2
"s3","s4",5.58982393095542,2,300,0.2
"s3","s4",5.67679961066096,2,300,0.2
"s3","s4",5.91834381031953,2,300,0.2
"s3","s4",5.97100399121774,2,300,0.2
"s3","s4",5.64297359089334,2,300,0.2
"s3","s4",5.84686112808012,2,300,0.2
"s3","s4",6.13407977634944,2,300,0.2
"s3","s4",5.80041648356189,2,300,0.2
"s3","s4",5.56330958319589,2,300,0.2
"s3","s4",5.62120454231518,2,300,0.2
"s3","s4",6.25035360965132,2,300,0.2
"s3","s4",5.99037501946827,2,300,0.2
"s3","s4",5.40548400046359,2,300,0.2
"s3","s4",5.87668772951628,2,300,0.2
"s3","s4",5.94684808391518,2,300,0.2
"s3","s4",5.79135455009684,2,300,0.2
"s3","s4",5.75530069727745,2,300,0.2
"s3","s4",5.80238034520767,2,300,0.2
"s3","s4",5.85974622048675,2,300,0.2
"s3","s4",5.70913473288419,2,300,0.2
"s3","s4",6.03893024351876,2,300,0.2
"s3","s4",5.58775748369928,2,300,0.2
"s3","s4",5.39220373052828,2,300,0.2
"s3","s4",5.43178892770759,2,300,0.2
"s3","s4",6.01745239987317,2,300,0.2
"s3","s4",6.1591865671171,2,300,0.2
"s3","s4",5.34681835848984,2,300,0.2
"s3","s4",6.37364638815554,2,300,0.2
"s3","s4",6.05958228335729,2,300,0.2
"s3","s4",6.33708297922664,2,300,0.2
"s3","s4",5.80756214502588,2,300,0.2
"s3","s4",6.05356042667015,2,300,0.2
"s3","s4",6.1301595947383,2,300,0.2
"s3","s4",5.34636408496157,2,300,0.2
"s3","s4",5.78786642929495,2,300,0.2
"s3","s4",5.65592017826026,2,300,0.2
"s3","s4",5.74100671158336,2,300,0.2
"s3","s4",5.87993575575059,2,300,0.2
"s3","s4",5.75460471322661,2,300,0.2
"s3","s4",5.75043766709198,2,300,0.2
"s3","s4",5.67331016483217,2,300,0.2
"s3","s4",5.78441845359116,2,300,0.2
"s3","s4",5.97324059032267,2,300,0.2
"s3","s4",5.73291219165282,2,300,0.2
"s3","s4",5.43133684725296,2,300,0.2
"s3","s4",5.81575776627,2,300,0.2
"s3","s4",5.52356345690424,2,300,0.2
"s3","s4",5.90531601257027,2,300,0.2
"s3","s4",5.79883748693139,2,300,0.2
"s3","s4",6.07042565856572,2,300,0.2
"s3","s4",6.0097461808676,2,300,0.2
"s3","s4",5.50720027955504,2,300,0.2
"s3","s4",5.68977578145314,2,300,0.2
"s3","s4",5.88193348658264,2,300,0.2
"s3","s4",5.70416884613533,2,300,0.2
"s3","s4",5.46525400878734,2,300,0.2
"s3","s4",6.49648978449608,2,300,0.2
"s3","s4",5.63426557602195,2,300,0.2
"s3","s4",6.25816683340298,2,300,0.2
"s3","s4",5.92264018591148,2,300,0.2
"s3","s4",5.19332600892483,2,300,0.2
"s3","s4",5.37070611238858,2,300,0.2
"s3","s4",6.50218655293315,2,300,0.2
"s3","s4",6.061689207754,2,300,0.2
"s3","s4",5.9499250876064,2,300,0.2
"s3","s4",5.42702316707847,2,300,0.2
"s3","s4",5.73759477633467,2,300,0.2
"s3","s4",5.34763378531423,2,300,0.2
"s3","s4",6.2069376201411,2,300,0.2
"s3","s4",5.58477237699586,2,300,0.2
"s3","s4",5.57892161723716,2,300,0.2
"s3","s4",6.10823398959501,2,300,0.2
"s3","s4",6.12521625734075,2,300,0.2
"s3","s4",5.67087662453235,2,300,0.2
"s3","s4",5.81511773478854,2,300,0.2
"s3","s4",6.05897567175049,2,300,0.2
"s3","s4",5.66784555887719,2,300,0.2
"s3","s4",5.72051870714911,2,300,0.2
"s3","s4",5.73452706272955,2,300,0.2
"s3","s4",5.82677933812833,2,300,0.2
"s3","s4",5.83656239127465,2,300,0.2
"s3","s4",5.86430159519932,2,300,0.2
"s3","s4",6.06352758217709,2,300,0.2
"s3","s4",5.98464636773863,2,300,0.2
"s3","s4",6.08509499135522,2,300,0.2
"s3","s4",6.05567544242453,2,300,0.2
"s3","s4",6.32881911972819,2,300,0.2
"s3","s4",5.66596449808612,2,300,0.2
"s3","s4",5.5694399002453,2,300,0.2
"s3","s4",5.96540659463852,2,300,0.2
"s3","s4",5.45427970347122,2,300,0.2
"s3","s4",5.56344253772332,2,300,0.2
"s3","s4",5.48753318643629,2,300,0.2
"s3","s4",5.80041648356189,2,300,0.2
"s3","s4",5.73759477633467,2,300,0.2
"s3","s4",6.38312701363643,2,300,0.2
"s3","s4",6.10321538761318,2,300,0.2
"s3","s4",6.15258162803977,2,300,0.2
"s3","s4",5.91834381031953,2,300,0.2
"s3","s4",5.87703347996505,2,300,0.2
"s3","s4",5.50634934443025,2,300,0.2
"s3","s4",5.50634934443025,2,300,0.2
"s3","s4",5.52460156234582,2,300,0.2
"s3","s4",6.05659752916736,2,300,0.2
"s3","s4",6.10485529622105,2,300,0.2
"s3","s4",6.29480662192191,2,300,0.2
"s3","s4",5.74428947713287,2,300,0.2
"s3","s4",5.57099716582706,2,300,0.2
"s3","s4",6.26185984042399,2,300,0.2
"s3","s4",5.87828834127537,2,300,0.2
"s3","s4",5.99425070941904,2,300,0.2
"s3","s4",5.90076008788908,2,300,0.2
"s3","s4",6.171676150705,2,300,0.2
"s3","s4",6.44335005974263,2,300,0.2
"s3","s4",5.71769955750873,2,300,0.2
"s3","s4",5.87035659181873,2,300,0.2
"s3","s4",5.96425789755659,2,300,0.2
"s3","s4",6.08627141338996,2,300,0.2
"s3","s4",5.43418713966892,2,300,0.2
"s3","s4",5.63994083276784,2,300,0.2
"s3","s4",6.08781343035632,2,300,0.2
"s3","s4",5.90529847116338,2,300,0.2
"s3","s4",6.0398185523658,2,300,0.2
"s3","s4",5.58525056397998,2,300,0.2
"s3","s4",5.57178865856878,2,300,0.2
"s3","s4",5.79711954700016,2,300,0.2
"s3","s4",5.79833750694467,2,300,0.2
"s3","s4",5.52891430732066,2,300,0.2
"s3","s4",6.05230895143592,2,300,0.2
"s3","s4",5.90993094496258,2,300,0.2
"s3","s4",5.74720807693493,2,300,0.2
"s3","s4",5.65462022878245,2,300,0.2
"s3","s4",5.40861403733996,2,300,0.2
"s3","s4",5.58890969506607,2,300,0.2
"s3","s4",5.79610750150499,2,300,0.2
"s3","s4",5.86769074977868,2,300,0.2
"s3","s4",5.91833309871466,2,300,0.2
"s3","s4",5.47691605507759,2,300,0.2
"s3","s4",5.49362069541773,2,300,0.2
"s3","s4",5.95828588028974,2,300,0.2
"s3","s4",5.64378343985621,2,300,0.2
"s3","s4",5.92814799037448,2,300,0.2
"s3","s4",6.29618817035589,2,300,0.2
"s3","s4",5.87993575575059,2,300,0.2
"s3","s4",5.64429481194991,2,300,0.2
"s3","s4",6.45108511667513,2,300,0.2
"s3","s4",5.8990719265282,2,300,0.2
"s3","s4",5.87317322052074,2,300,0.2
"s3","s4",5.75455071353814,2,300,0.2
"s3","s4",5.96512661255015,2,300,0.2
"s3","s4",5.94091267196145,2,300,0.2
"s3","s4",6.18298804313885,2,300,0.2
"s3","s4",5.94167557926887,2,300,0.2
"s3","s4",5.71366765193966,2,300,0.2
"s3","s4",5.80672909963294,2,300,0.2
"s3","s4",6.02333589983195,2,300,0.2
"s3","s4",5.69185024365589,2,300,0.2
"s3","s4",5.83766321412278,2,300,0.2
"s3","s4",6.35948047537289,2,300,0.2
"s3","s4",5.81719107441324,2,300,0.2
"s3","s4",5.99489808869304,2,300,0.2
"s3","s4",5.52430172891057,2,300,0.2
"s3","s4",6.04750603516601,2,300,0.2
"s3","s4",5.45149830869704,2,300,0.2
"s3","s4",5.5918150202256,2,300,0.2
"s3","s4",5.70857637132225,2,300,0.2
"s3","s4",5.74533536283774,2,300,0.2
"s3","s4",5.73781155840445,2,300,0.2
"s3","s4",5.73303130445105,2,300,0.2
"s3","s4",5.71803839621816,2,300,0.2
"s3","s4",5.44520895861983,2,300,0.2
"s3","s4",5.15828898791386,2,300,0.2
"s3","s4",5.85753766432152,2,300,0.2
"s3","s4",5.43133684725296,2,300,0.2
"s3","s4",5.80989840409291,2,300,0.2
"s3","s4",5.62414285304828,2,300,0.2
"s3","s4",5.80592320125258,2,300,0.2
"s3","s4",6.19442230496972,2,300,0.2
"s3","s4",5.71364841946107,2,300,0.2
"s3","s4",5.54672121020617,2,300,0.2
"s3","s4",5.60866125736808,2,300,0.2
"s3","s4",5.89751987958303,2,300,0.2
"s3","s4",5.74365786094287,2,300,0.2
"s3","s4",5.80805135086081,2,300,0.2
"s3","s4",5.83090125405196,2,300,0.2
"s3","s4",5.87745075013534,2,300,0.2
"s3","s4",5.67205504581396,2,300,0.2
"s3","s4",5.95828588028974,2,300,0.2
"s3","s4",5.86238729649537,2,300,0.2
"s3","s4",6.13150234978592,2,300,0.2
"s3","s4",6.15743128975387,2,300,0.2
"s3","s4",5.96802972412374,2,300,0.2
"s3","s4",5.93145009886478,2,300,0.2
"s3","s4",5.74898211871567,2,300,0.2
"s3","s4",5.92426610357955,2,300,0.2
"s3","s4",5.71301602248116,2,300,0.2
"s3","s4",5.51832910493143,2,300,0.2
"s3","s4",5.77200361819612,2,300,0.2
"s3","s4",5.97701230028656,2,300,0.2
"s3","s4",6.00770149053059,2,300,0.2
"s3","s4",5.60483663681929,2,300,0.2
"s3","s4",5.5202890194942,2,300,0.2
"s3","s4",5.41101443018547,2,300,0.2
"s3","s4",5.68858648009736,2,300,0.2
"s3","s4",5.3269431351676,2,300,0.2
"s3","s4",5.65940703302763,2,300,0.2
"s3","s4",5.94970799324105,2,300,0.2
"s3","s4",5.56148683550892,2,300,0.2
"s3","s4",5.70776258085543,2,300,0.2
"s3","s4",6.08247789788209,2,300,0.2
"s3","s4",6.28220619778241,2,300,0.2
"s3","s4",6.27075044435476,2,300,0.2
"s3","s4",5.92536239030292,2,300,0.2
"s3","s4",5.79883748693139,2,300,0.2
"s3","s4",5.90285958095546,2,300,0.2
"s3","s4",5.72659422906835,2,300,0.2
"s3","s4",5.75332468668683,2,300,0.2
"s3","s4",5.95216231343806,2,300,0.2
"s3","s4",5.89158480144131,2,300,0.2
"s3","s4",5.56623516692076,2,300,0.2
"s3","s4",5.93337565743727,2,300,0.2
"s3","s4",5.72434710498032,2,300,0.2
"s3","s4",6.04116952361714,2,300,0.2
"s3","s4",5.53660620535185,2,300,0.2
"s3","s4",5.48810804978564,2,300,0.2
"s3","s4",6.33302619557806,2,300,0.2
"s3","s4",5.88975855472157,2,300,0.2
"s3","s4",5.35148830092962,2,300,0.2
"s3","s4",6.20968001730391,2,300,0.2
"s3","s4",5.55069048836823,2,300,0.2
"s3","s4",5.73291219165282,2,300,0.2
"s3","s4",6.094499545552,2,300,0.2
"s3","s4",5.9549014689443,2,300,0.2
"s3","s4",5.75165855496502,2,300,0.2
"s3","s4",5.92896219492899,2,300,0.2
"s3","s4",6.27516581452582,2,300,0.2
"s3","s4",5.69272415015857,2,300,0.2
"s3","s4",5.41644051192853,2,300,0.2
"s3","s4",5.43383301252271,2,300,0.2
"s3","s4",5.88051512733958,2,300,0.2
"s3","s4",5.96757521158826,2,300,0.2
"s3","s4",5.96161352916198,2,300,0.2
"s3","s4",5.92220584596254,2,300,0.2
"s3","s4",5.52070025547688,2,300,0.2
"s3","s4",6.17253541172741,2,300,0.2
"s3","s4",5.78149944013666,2,300,0.2
"s3","s4",6.00436578091438,2,300,0.2
"s3","s4",5.79353262197125,2,300,0.2
"s3","s4",6.05009884223823,2,300,0.2
"s3","s4",5.78852604033742,2,300,0.2
"s3","s4",5.45144590304943,2,300,0.2
"s3","s4",5.90679129043203,2,300,0.2
"s3","s4",5.80592320125258,2,300,0.2
"s3","s4",5.69658101095017,2,300,0.2
"s3","s4",5.76243055897222,2,300,0.2
"s3","s4",6.32026254337856,2,300,0.2
"s3","s4",5.96888122691659,2,300,0.2
"s3","s4",5.90547483731915,2,300,0.2
"s3","s4",5.66977321356964,2,300,0.2
"s3","s4",5.89207195360123,2,300,0.2
"s3","s4",6.05549348817272,2,300,0.2
"s3","s4",6.05699100209401,2,300,0.2
"s3","s4",5.64451871037038,2,300,0.2
"s3","s4",6.15750482424551,2,300,0.2
"s3","s4",6.12576640784454,2,300,0.2
"s3","s4",6.11542189925875,2,300,0.2
"s3","s4",5.65855452020065,2,300,0.2
"s3","s4",5.92092193966624,2,300,0.2
"s3","s4",5.85159716376887,2,300,0.2
"s3","s4",6.26415968301995,2,300,0.2
"s3","s4",5.82324186156067,2,300,0.2
"s3","s4",6.20825331807518,2,300,0.2
"s3","s4",5.57871336881586,2,300,0.2
"s3","s4",5.95649344517791,2,300,0.2
"s3","s4",6.2188062197602,2,300,0.2
"s3","s4",5.72299546233056,2,300,0.2
"s3","s4",6.59583551629529,2,300,0.2
"s3","s4",5.79406457020078,2,300,0.2
"s3","s4",5.6395916065338,2,300,0.2
"s3","s4",6.04536645244167,2,300,0.2
"s3","s4",5.83201182136742,2,300,0.2
"s3","s4",6.07042335898056,2,300,0.2
"s3","s4",5.69017126483175,2,300,0.2
"s3","s4",5.75934905233119,2,300,0.2
"s3","s4",6.21131365351928,2,300,0.2
"s3","s4",5.63784279078178,2,300,0.2
"s3","s4",6.20187456828182,2,300,0.2
"s3","s4",6.04773264733995,2,300,0.2
"s3","s4",6.18569342666703,2,300,0.2
"s3","s4",5.85933512234811,2,300,0.2
"s3","s4",5.61560508596639,2,300,0.2
"s3","s4",6.1332701173248,2,300,0.2
"s3","s4",5.71637028722603,2,300,0.2
"s3","s4",5.90169459181195,2,300,0.2
"s3","s4",5.44980372669676,2,300,0.2
"s3","s4",5.83677962852048,2,300,0.2
"s3","s4",5.7788847250057,2,300,0.2
"s3","s4",6.13112491830946,2,300,0.2
"s3","s4",6.15336786176086,2,300,0.2
"s3","s4",5.98554042850697,2,300,0.2
"s3","s4",5.98666733477111,2,300,0.2
"s3","s4",5.94863729481674,2,300,0.2
"s3","s4",5.64345215347419,2,300,0.2
"s3","s4",5.80720747607266,2,300,0.2
"s3","s4",5.92792859211219,2,300,0.2
"s3","s4",6.05426703530286,2,300,0.2
"s3","s4",6.05307218291142,2,300,0.2
"s3","s4",5.69082396893855,2,300,0.2
"s3","s4",5.78573468047168,2,300,0.2
"s3","s4",6.03325532995856,2,300,0.2
"s3","s4",5.86143295960663,2,300,0.2
"s3","s4",5.94105074573265,2,300,0.2
"s3","s4",6.4174573853966,2,300,0.2
"s3","s4",6.17767223096936,2,300,0.2
"s3","s4",5.86143295960663,2,300,0.2
"s3","s4",6.00972909597981,2,300,0.2
"s3","s4",5.84516719383058,2,300,0.2
"s3","s4",5.52356345690424,2,300,0.2
"s3","s4",5.90614403731156,2,300,0.2
"s3","s4",5.71884188044405,2,300,0.2
"s3","s4",5.70215351211237,2,300,0.2
"s3","s4",5.47786223182784,2,300,0.2
"s3","s4",5.84793590376226,2,300,0.2
"s3","s4",5.4779027361887,2,300,0.2
"s3","s4",5.35230375657838,2,300,0.2
"s3","s4",5.67039741580053,2,300,0.2
"s3","s4",6.27557030076807,2,300,0.2
"s3","s4",5.37962827221907,2,300,0.2
"s3","s4",5.38980258734523,2,300,0.2
"s3","s4",5.67691664578939,2,300,0.2
"s3","s4",5.86430159519932,2,300,0.2
"s3","s4",5.77613660192603,2,300,0.2
"s3","s4",5.82773888658727,2,300,0.2
"s3","s4",5.76036825035106,2,300,0.2
"s3","s4",5.97990729160661,2,300,0.2
"s3","s4",5.43133684725296,2,300,0.2
"s3","s4",6.04370486493865,2,300,0.2
"s3","s4",5.84971456391447,2,300,0.2
"s3","s4",6.16317157588658,2,300,0.2
"s3","s4",5.58477237699586,2,300,0.2
"s3","s4",5.85933512234811,2,300,0.2
"s3","s4",5.88486728646944,2,300,0.2
"s3","s4",5.45075171333239,2,300,0.2
"s3","s4",5.41448986407565,2,300,0.2
"s3","s5",6.80985392156309,2,300,0.2
"s3","s5",7.24568889293991,2,300,0.2
"s3","s5",6.24590934744327,2,300,0.2
"s3","s5",6.80380789140392,2,300,0.2
"s3","s5",6.87913330413036,2,300,0.2
"s3","s5",6.98310577094821,2,300,0.2
"s3","s5",6.79087707094777,2,300,0.2
"s3","s5",7.38118145579182,2,300,0.2
"s3","s5",7.02678945083439,2,300,0.2
"s3","s5",6.76873425363318,2,300,0.2
"s3","s5",7.47864719620605,2,300,0.2
"s3","s5",6.85582330488614,2,300,0.2
"s3","s5",6.98546425189357,2,300,0.2
"s3","s5",6.90107111936514,2,300,0.2
"s3","s5",6.92519950598921,2,300,0.2
"s3","s5",7.85754308316584,2,300,0.2
"s3","s5",6.78824914451884,2,300,0.2
"s3","s5",7.00161915689281,2,300,0.2
"s3","s5",7.41152073709379,2,300,0.2
"s3","s5",6.7499575839051,2,300,0.2
"s3","s5",7.31284175943543,2,300,0.2
"s3","s5",6.87994365433127,2,300,0.2
"s3","s5",7.18737639155424,2,300,0.2
"s3","s5",6.67408263782771,2,300,0.2
"s3","s5",7.07812598192126,2,300,0.2
"s3","s5",6.81319692550177,2,300,0.2
"s3","s5",7.27869147636154,2,300,0.2
"s3","s5",7.43680279505799,2,300,0.2
"s3","s5",6.79519318115648,2,300,0.2
"s3","s5",7.08641278128145,2,300,0.2
"s3","s5",7.14461472529501,2,300,0.2
"s3","s5",7.18958473339268,2,300,0.2
"s3","s5",7.19418098217666,2,300,0.2
"s3","s5",6.95811634572215,2,300,0.2
"s3","s5",6.55783754733716,2,300,0.2
"s3","s5",6.75873470441492,2,300,0.2
"s3","s5",7.00836907758367,2,300,0.2
"s3","s5",6.69790344823571,2,300,0.2
"s3","s5",7.25109985976931,2,300,0.2
"s3","s5",6.97793206430369,2,300,0.2
"s3","s5",6.74289286696093,2,300,0.2
"s3","s5",7.00937696704575,2,300,0.2
"s3","s5",6.74986747423172,2,300,0.2
"s3","s5",7.39170336757181,2,300,0.2
"s3","s5",7.15719501533536,2,300,0.2
"s3","s5",7.00647509702141,2,300,0.2
"s3","s5",7.1570263644106,2,300,0.2
"s3","s5",7.03377851439969,2,300,0.2
"s3","s5",6.45687961032423,2,300,0.2
"s3","s5",7.11650912943389,2,300,0.2
"s3","s5",7.37776971354085,2,300,0.2
"s3","s5",6.32098975292601,2,300,0.2
"s3","s5",7.06950563485611,2,300,0.2
"s3","s5",6.91206351655978,2,300,0.2
"s3","s5",6.96552740031595,2,300,0.2
"s3","s5",7.37901135908105,2,300,0.2
"s3","s5",7.06869913325397,2,300,0.2
"s3","s5",7.16788973589925,2,300,0.2
"s3","s5",7.2838512682434,2,300,0.2
"s3","s5",6.5414670073755,2,300,0.2
"s3","s5",7.15601225905336,2,300,0.2
"s3","s5",6.68781928746338,2,300,0.2
"s3","s5",7.03111605387882,2,300,0.2
"s3","s5",7.55830944013269,2,300,0.2
"s3","s5",6.21082072939915,2,300,0.2
"s3","s5",6.93645163495469,2,300,0.2
"s3","s5",7.82649756270169,2,300,0.2
"s3","s5",7.00692855280845,2,300,0.2
"s3","s5",6.87600013803529,2,300,0.2
"s3","s5",7.2317572842996,2,300,0.2
"s3","s5",7.41877334869469,2,300,0.2
"s3","s5",7.43307505710469,2,300,0.2
"s3","s5",7.25708324751658,2,300,0.2
"s3","s5",7.15293998610431,2,300,0.2
"s3","s5",6.67936235018993,2,300,0.2
"s3","s5",7.21367162564559,2,300,0.2
"s3","s5",7.04444844069455,2,300,0.2
"s3","s5",7.18934205729708,2,300,0.2
"s3","s5",6.84096864940615,2,300,0.2
"s3","s5",7.30672000058101,2,300,0.2
"s3","s5",6.81914402565375,2,300,0.2
"s3","s5",6.3689130469111,2,300,0.2
"s3","s5",6.88768048428956,2,300,0.2
"s3","s5",7.74655278383642,2,300,0.2
"s3","s5",7.3667833511519,2,300,0.2
"s3","s5",7.0449184520624,2,300,0.2
"s3","s5",6.56692961332701,2,300,0.2
"s3","s5",6.94521446738148,2,300,0.2
"s3","s5",7.28827342967253,2,300,0.2
"s3","s5",6.71074167033226,2,300,0.2
"s3","s5",6.80084229508034,2,300,0.2
"s3","s5",6.77159480180974,2,300,0.2
"s3","s5",6.98871704341488,2,300,0.2
"s3","s5",7.35369644131245,2,300,0.2
"s3","s5",6.99957704227154,2,300,0.2
"s3","s5",7.23318655000915,2,300,0.2
"s3","s5",7.30405846746275,2,300,0.2
"s3","s5",6.93283518254729,2,300,0.2
"s3","s5",7.12640056702429,2,300,0.2
"s3","s5",6.78521306893914,2,300,0.2
"s3","s5",6.71635420430836,2,300,0.2
"s3","s5",7.37092065849923,2,300,0.2
"s3","s5",6.80985392156309,2,300,0.2
"s3","s5",7.15649648526275,2,300,0.2
"s3","s5",7.09728212644785,2,300,0.2
"s3","s5",7.17663418820041,2,300,0.2
"s3","s5",6.9930971701628,2,300,0.2
"s3","s5",7.21889146554579,2,300,0.2
"s3","s5",7.2505370600745,2,300,0.2
"s3","s5",6.97234401761621,2,300,0.2
"s3","s5",7.57476147302424,2,300,0.2
"s3","s5",7.25109985976931,2,300,0.2
"s3","s5",7.15029952190298,2,300,0.2
"s3","s5",6.77676222626519,2,300,0.2
"s3","s5",6.89598816255253,2,300,0.2
"s3","s5",7.11103210476362,2,300,0.2
"s3","s5",6.20707154207533,2,300,0.2
"s3","s5",6.72530132671654,2,300,0.2
"s3","s5",7.06413370297962,2,300,0.2
"s3","s5",6.61439477707607,2,300,0.2
"s3","s5",6.63227936246958,2,300,0.2
"s3","s5",7.55351548644846,2,300,0.2
"s3","s5",7.23095580326856,2,300,0.2
"s3","s5",7.47711842427792,2,300,0.2
"s3","s5",6.83111082252617,2,300,0.2
"s3","s5",6.97540253783878,2,300,0.2
"s3","s5",7.16762716449432,2,300,0.2
"s3","s5",6.82944248301632,2,300,0.2
"s3","s5",6.60887089350636,2,300,0.2
"s3","s5",7.17811078903404,2,300,0.2
"s3","s5",6.89357340449838,2,300,0.2
"s3","s5",7.35609950428849,2,300,0.2
"s3","s5",7.13063008722594,2,300,0.2
"s3","s5",6.74164387737313,2,300,0.2
"s3","s5",7.17836442824,2,300,0.2
"s3","s5",6.75878968763271,2,300,0.2
"s3","s5",7.14367944402393,2,300,0.2
"s3","s5",7.25109985976931,2,300,0.2
"s3","s5",6.92690791290229,2,300,0.2
"s3","s5",7.02641966909081,2,300,0.2
"s3","s5",7.09201787313914,2,300,0.2
"s3","s5",7.16520099115514,2,300,0.2
"s3","s5",7.69235677618539,2,300,0.2
"s3","s5",7.03053718037521,2,300,0.2
"s3","s5",6.95209864427238,2,300,0.2
"s3","s5",6.8045292379817,2,300,0.2
"s3","s5",6.87278728684641,2,300,0.2
"s3","s5",6.8611660306182,2,300,0.2
"s3","s5",6.76583693501951,2,300,0.2
"s3","s5",6.77387484522943,2,300,0.2
"s3","s5",6.95263530947493,2,300,0.2
"s3","s5",7.35752132286038,2,300,0.2
"s3","s5",7.37890667130875,2,300,0.2
"s3","s5",6.74986010591404,2,300,0.2
"s3","s5",6.94188352975706,2,300,0.2
"s3","s5",7.27777083150938,2,300,0.2
"s3","s5",6.89518823170608,2,300,0.2
"s3","s5",6.83064780569362,2,300,0.2
"s3","s5",7.19462797708081,2,300,0.2
"s3","s5",6.99957704227154,2,300,0.2
"s3","s5",7.02393652215366,2,300,0.2
"s3","s5",6.56933458384736,2,300,0.2
"s3","s5",6.92002765074695,2,300,0.2
"s3","s5",6.52423522671728,2,300,0.2
"s3","s5",7.67608923590892,2,300,0.2
"s3","s5",7.21898072060094,2,300,0.2
"s3","s5",7.01228841281326,2,300,0.2
"s3","s5",6.58407678242608,2,300,0.2
"s3","s5",7.39618430693687,2,300,0.2
"s3","s5",7.41953271432739,2,300,0.2
"s3","s5",6.90959092590954,2,300,0.2
"s3","s5",6.62403436816726,2,300,0.2
"s3","s5",7.00872466337501,2,300,0.2
"s3","s5",7.16169304853531,2,300,0.2
"s3","s5",6.81663087189726,2,300,0.2
"s3","s5",6.50833098065071,2,300,0.2
"s3","s5",6.82086210421001,2,300,0.2
"s3","s5",7.10760551793086,2,300,0.2
"s3","s5",7.39336822551422,2,300,0.2
"s3","s5",7.10416018135837,2,300,0.2
"s3","s5",6.88768048428956,2,300,0.2
"s3","s5",6.84285655768479,2,300,0.2
"s3","s5",6.93726771651794,2,300,0.2
"s3","s5",7.10815071018327,2,300,0.2
"s3","s5",6.90443021540155,2,300,0.2
"s3","s5",7.25067467804496,2,300,0.2
"s3","s5",7.2678801025693,2,300,0.2
"s3","s5",6.90839377062889,2,300,0.2
"s3","s5",6.83293318847575,2,300,0.2
"s3","s5",6.83210914268602,2,300,0.2
"s3","s5",7.26946085631391,2,300,0.2
"s3","s5",6.87839729515375,2,300,0.2
"s3","s5",7.09587618629696,2,300,0.2
"s3","s5",6.86730000924859,2,300,0.2
"s3","s5",6.87458946510402,2,300,0.2
"s3","s5",6.98004549398468,2,300,0.2
"s3","s5",6.61736019358676,2,300,0.2
"s3","s5",7.15623254269013,2,300,0.2
"s3","s5",7.57705088234585,2,300,0.2
"s3","s5",6.47972533187524,2,300,0.2
"s3","s5",7.49165457823933,2,300,0.2
"s3","s5",7.82241928224806,2,300,0.2
"s3","s5",7.35305664962631,2,300,0.2
"s3","s5",6.99425987228834,2,300,0.2
"s3","s5",6.64201894982222,2,300,0.2
"s3","s5",7.3364188919215,2,300,0.2
"s3","s5",6.78862153072914,2,300,0.2
"s3","s5",6.62609196785846,2,300,0.2
"s3","s5",7.22786992086176,2,300,0.2
"s3","s5",6.5797165119684,2,300,0.2
"s3","s5",7.30463064465337,2,300,0.2
"s3","s5",7.26946085631391,2,300,0.2
"s3","s5",7.27124645088951,2,300,0.2
"s3","s5",6.9511533203086,2,300,0.2
"s3","s5",6.95733501883169,2,300,0.2
"s3","s5",7.19578884935838,2,300,0.2
"s3","s5",7.16224204908528,2,300,0.2
"s3","s5",6.74530719679365,2,300,0.2
"s3","s5",7.24965907342316,2,300,0.2
"s3","s5",7.16475048494647,2,300,0.2
"s3","s5",6.96926616272953,2,300,0.2
"s3","s5",7.57261061282728,2,300,0.2
"s3","s5",7.02629942464844,2,300,0.2
"s3","s5",7.2079279146422,2,300,0.2
"s3","s5",7.13767667316976,2,300,0.2
"s3","s5",6.98546425189357,2,300,0.2
"s3","s5",7.14763755169999,2,300,0.2
"s3","s5",7.15235786697158,2,300,0.2
"s3","s5",6.55748579647405,2,300,0.2
"s3","s5",6.88919633724877,2,300,0.2
"s3","s5",6.86095102310581,2,300,0.2
"s3","s5",6.28731771717885,2,300,0.2
"s3","s5",7.09262269620171,2,300,0.2
"s3","s5",6.95495510934398,2,300,0.2
"s3","s5",6.58231892399743,2,300,0.2
"s3","s5",6.71536800441393,2,300,0.2
"s3","s5",6.94571211481517,2,300,0.2
"s3","s5",6.89175676745266,2,300,0.2
"s3","s5",6.99800346808327,2,300,0.2
"s3","s5",7.24053359392022,2,300,0.2
"s3","s5",7.03649465904013,2,300,0.2
"s3","s5",7.57782645624849,2,300,0.2
"s3","s5",6.70175553673296,2,300,0.2
"s3","s5",6.80957516886271,2,300,0.2
"s3","s5",6.72052011467326,2,300,0.2
"s3","s5",7.20547742019494,2,300,0.2
"s3","s5",6.88156794828754,2,300,0.2
"s3","s5",7.21568483451884,2,300,0.2
"s3","s5",6.97155042005195,2,300,0.2
"s3","s5",7.39603552015554,2,300,0.2
"s3","s5",6.74959138664437,2,300,0.2
"s3","s5",6.8014743870607,2,300,0.2
"s3","s5",7.42170011275988,2,300,0.2
"s3","s5",7.10723794270982,2,300,0.2
"s3","s5",6.96362069375257,2,300,0.2
"s3","s5",6.78365838925004,2,300,0.2
"s3","s5",7.1098497923166,2,300,0.2
"s3","s5",7.07090146047366,2,300,0.2
"s3","s5",7.00249899843625,2,300,0.2
"s3","s5",6.60050308486824,2,300,0.2
"s3","s5",6.79601261300652,2,300,0.2
"s3","s5",6.80305916901352,2,300,0.2
"s3","s5",7.16424669945491,2,300,0.2
"s3","s5",6.7810117755289,2,300,0.2
"s3","s5",6.89038249794082,2,300,0.2
"s3","s5",6.72827039781165,2,300,0.2
"s3","s5",7.32055614412194,2,300,0.2
"s3","s5",7.12927444513102,2,300,0.2
"s3","s5",7.3538548470358,2,300,0.2
"s3","s5",6.91771988635256,2,300,0.2
"s3","s5",7.11910043073294,2,300,0.2
"s3","s5",7.49538086839473,2,300,0.2
"s3","s5",6.7032316023507,2,300,0.2
"s3","s5",6.85350520848154,2,300,0.2
"s3","s5",6.92236240265984,2,300,0.2
"s3","s5",6.64201894982222,2,300,0.2
"s3","s5",7.17455657609767,2,300,0.2
"s3","s5",7.05895851241668,2,300,0.2
"s3","s5",6.75426422772748,2,300,0.2
"s3","s5",6.70762378649118,2,300,0.2
"s3","s5",7.06143190362982,2,300,0.2
"s3","s5",7.09744576561001,2,300,0.2
"s3","s5",7.15030468817058,2,300,0.2
"s3","s5",6.47877264991926,2,300,0.2
"s3","s5",6.18864500331466,2,300,0.2
"s3","s5",6.90594307262812,2,300,0.2
"s3","s5",7.1429864912647,2,300,0.2
"s3","s5",7.3426714847924,2,300,0.2
"s3","s5",7.39331866550657,2,300,0.2
"s3","s5",6.06027651862939,2,300,0.2
"s3","s5",6.89855131048191,2,300,0.2
"s3","s5",6.73354269020874,2,300,0.2
"s3","s5",6.92977775679651,2,300,0.2
"s3","s5",7.02598522466732,2,300,0.2
"s3","s5",6.91406945672121,2,300,0.2
"s3","s5",6.86055884334985,2,300,0.2
"s3","s5",7.15254427503187,2,300,0.2
"s3","s5",7.15191884034257,2,300,0.2
"s3","s5",6.49758308194398,2,300,0.2
"s3","s5",6.74440710278603,2,300,0.2
"s3","s5",7.35899911936863,2,300,0.2
"s3","s5",7.74622513331229,2,300,0.2
"s3","s5",6.8188888307665,2,300,0.2
"s3","s5",7.20466942068135,2,300,0.2
"s3","s5",7.52598452683804,2,300,0.2
"s3","s5",6.56933458384736,2,300,0.2
"s3","s5",6.79949599056414,2,300,0.2
"s3","s5",6.95648169763805,2,300,0.2
"s3","s5",7.19274325154543,2,300,0.2
"s3","s5",6.59564575537539,2,300,0.2
"s3","s5",7.31293253795466,2,300,0.2
"s3","s5",7.22186583109624,2,300,0.2
"s3","s5",6.72904519301466,2,300,0.2
"s3","s5",7.07573673736449,2,300,0.2
"s3","s5",6.50762382374309,2,300,0.2
"s3","s5",7.03849991223115,2,300,0.2
"s3","s5",6.98933714653088,2,300,0.2
"s3","s5",6.61309375439896,2,300,0.2
"s3","s5",7.20963827470876,2,300,0.2
"s3","s5",6.4627360555447,2,300,0.2
"s3","s5",7.29117857046498,2,300,0.2
"s3","s5",6.92807144259278,2,300,0.2
"s3","s5",7.26948855065625,2,300,0.2
"s3","s5",6.96987575046896,2,300,0.2
"s3","s5",6.73896691179549,2,300,0.2
"s3","s5",6.87839729515375,2,300,0.2
"s3","s5",6.88937604017799,2,300,0.2
"s3","s5",6.70375635907402,2,300,0.2
"s3","s5",7.01218075149305,2,300,0.2
"s3","s5",6.97582325218351,2,300,0.2
"s3","s5",7.51888939173978,2,300,0.2
"s3","s5",6.86711030001995,2,300,0.2
"s3","s5",7.14461560334587,2,300,0.2
"s3","s5",7.02503156097492,2,300,0.2
"s3","s5",7.22491653241222,2,300,0.2
"s3","s5",6.79435202651121,2,300,0.2
"s3","s5",7.29620850508097,2,300,0.2
"s3","s5",7.31293253795466,2,300,0.2
"s3","s5",7.06307496428926,2,300,0.2
"s3","s5",7.24476506764862,2,300,0.2
"s3","s5",7.12113576567438,2,300,0.2
"s3","s5",6.87839729515375,2,300,0.2
"s3","s5",6.8054164160504,2,300,0.2
"s3","s5",7.09200960130369,2,300,0.2
"s3","s5",6.68220368496457,2,300,0.2
"s3","s5",6.9797652589306,2,300,0.2
"s3","s5",7.21865893276997,2,300,0.2
"s3","s5",7.62973202179248,2,300,0.2
"s3","s5",7.19319213752368,2,300,0.2
"s3","s5",6.97490602679304,2,300,0.2
"s3","s5",7.18165333350609,2,300,0.2
"s3","s5",7.34114257006618,2,300,0.2
"s3","s5",6.54978512784595,2,300,0.2
"s3","s5",7.06776809880046,2,300,0.2
"s3","s5",6.68466177507919,2,300,0.2
"s3","s5",7.73181801112855,2,300,0.2
"s3","s5",7.38347779266641,2,300,0.2
"s3","s5",6.5681861536616,2,300,0.2
"s3","s5",7.22948833848787,2,300,0.2
"s3","s5",7.87369731047798,2,300,0.2
"s3","s5",6.8683156433158,2,300,0.2
"s3","s5",7.31998558817939,2,300,0.2
"s3","s5",6.73282815754476,2,300,0.2
"s3","s5",6.76642452025332,2,300,0.2
"s3","s5",6.99295792085381,2,300,0.2
"s3","s5",6.44397155543072,2,300,0.2
"s3","s5",7.1849212433556,2,300,0.2
"s3","s5",7.33037532243259,2,300,0.2
"s3","s5",7.17170069049757,2,300,0.2
"s3","s5",6.90977695867952,2,300,0.2
"s3","s5",7.40722212558531,2,300,0.2
"s3","s5",7.61041864685217,2,300,0.2
"s3","s5",6.99538977050044,2,300,0.2
"s3","s5",6.96620747003647,2,300,0.2
"s3","s5",6.84173824893042,2,300,0.2
"s3","s5",6.78483161428877,2,300,0.2
"s3","s5",7.17971251612725,2,300,0.2
"s3","s5",7.04651078469916,2,300,0.2
"s3","s5",7.50747839089632,2,300,0.2
"s3","s5",7.36873058085671,2,300,0.2
"s3","s5",7.45811159332902,2,300,0.2
"s3","s5",6.29543485431341,2,300,0.2
"s3","s5",7.07410389502324,2,300,0.2
"s3","s5",7.09287928668451,2,300,0.2
"s3","s5",6.93863340477192,2,300,0.2
"s3","s5",6.96207348438132,2,300,0.2
"s3","s5",7.01383720976734,2,300,0.2
"s3","s5",6.50536814683494,2,300,0.2
"s3","s5",6.74805957096402,2,300,0.2
"s3","s5",6.66744324193544,2,300,0.2
"s3","s5",7.25304724621664,2,300,0.2
"s3","s5",6.71584204567382,2,300,0.2
"s3","s5",7.41854227880899,2,300,0.2
"s3","s5",6.66801603577557,2,300,0.2
"s3","s5",6.80423079038104,2,300,0.2
"s3","s5",6.74641853485906,2,300,0.2
"s3","s5",6.95059279293003,2,300,0.2
"s3","s5",6.96479260607828,2,300,0.2
"s3","s5",6.66642105173537,2,300,0.2
"s3","s5",6.72336287795653,2,300,0.2
"s3","s5",7.1908259589211,2,300,0.2
"s3","s5",7.21416607433518,2,300,0.2
"s3","s5",7.10478841776538,2,300,0.2
"s3","s5",6.9370758043888,2,300,0.2
"s3","s5",7.19415863009365,2,300,0.2
"s3","s5",7.31667631093258,2,300,0.2
"s3","s5",7.07164057614946,2,300,0.2
"s3","s5",6.6998557194305,2,300,0.2
"s3","s5",6.88768048428956,2,300,0.2
"s3","s5",6.94347596798618,2,300,0.2
"s3","s5",6.66821842552432,2,300,0.2
"s3","s5",6.95168493567277,2,300,0.2
"s3","s5",7.72869136321447,2,300,0.2
"s3","s5",7.36873058085671,2,300,0.2
"s3","s5",6.81690266772191,2,300,0.2
"s3","s5",6.98616486846168,2,300,0.2
"s3","s5",7.21405667649361,2,300,0.2
"s3","s5",6.95988039285795,2,300,0.2
"s3","s5",7.30669453880634,2,300,0.2
"s3","s5",7.29591412018472,2,300,0.2
"s3","s5",7.14420243288445,2,300,0.2
"s3","s5",6.75581641374978,2,300,0.2
"s3","s5",7.49212462683941,2,300,0.2
"s3","s5",7.31527524127671,2,300,0.2
"s3","s5",6.72199149407751,2,300,0.2
"s3","s5",7.02210870019189,2,300,0.2
"s3","s5",6.96415027390475,2,300,0.2
"s3","s5",7.08518983391917,2,300,0.2
"s3","s5",7.36665434483645,2,300,0.2
"s3","s5",6.92579868747156,2,300,0.2
"s3","s5",6.71590575498855,2,300,0.2
"s3","s5",7.31932614014974,2,300,0.2
"s3","s5",7.2451439151786,2,300,0.2
"s3","s5",6.76769925594397,2,300,0.2
"s3","s5",7.13805378153978,2,300,0.2
"s3","s5",7.2007676834711,2,300,0.2
"s3","s5",7.44771953822334,2,300,0.2
"s3","s5",6.56693277592166,2,300,0.2
"s3","s5",6.54581552642935,2,300,0.2
"s3","s5",6.6545656402575,2,300,0.2
"s3","s5",7.31536394260653,2,300,0.2
"s3","s5",6.68498222568844,2,300,0.2
"s3","s5",7.16356876189587,2,300,0.2
"s3","s5",7.25476909015845,2,300,0.2
"s3","s5",7.12332781593835,2,300,0.2
"s3","s5",6.56964328671795,2,300,0.2
"s3","s5",7.29697563181904,2,300,0.2
"s3","s5",7.73193994684536,2,300,0.2
"s3","s5",7.0919306876871,2,300,0.2
"s3","s5",7.11667635806834,2,300,0.2
"s3","s5",7.23852832391793,2,300,0.2
"s3","s5",6.6966917200549,2,300,0.2
"s3","s5",7.09173644064262,2,300,0.2
"s3","s5",6.71822437103924,2,300,0.2
"s3","s5",7.08850505905743,2,300,0.2
"s3","s5",6.5071665428344,2,300,0.2
"s3","s5",6.8331429276213,2,300,0.2
"s3","s5",7.14070213230486,2,300,0.2
"s3","s5",6.87842630874775,2,300,0.2
"s3","s5",6.9670084064945,2,300,0.2
"s3","s5",7.00100885361701,2,300,0.2
"s3","s5",7.23127216172297,2,300,0.2
"s3","s5",6.97141936462862,2,300,0.2
"s3","s5",6.80084229508034,2,300,0.2
"s3","s5",6.6756037659992,2,300,0.2
"s3","s5",7.09196897789243,2,300,0.2
"s3","s5",6.79898984206755,2,300,0.2
"s3","s5",6.87839729515375,2,300,0.2
"s3","s5",6.56815189892984,2,300,0.2
"s3","s5",6.97740054107936,2,300,0.2
"s3","s5",7.3141686146439,2,300,0.2
"s3","s5",7.2910140774018,2,300,0.2
"s3","s5",7.26814396240326,2,300,0.2
"s3","s5",6.96748652411185,2,300,0.2
"s3","s5",6.29917774672285,2,300,0.2
"s3","s5",7.02114601304213,2,300,0.2
"s3","s5",7.09744576561001,2,300,0.2
"s3","s5",6.99909888118856,2,300,0.2
"s3","s5",7.15332577032021,2,300,0.2
"s3","s5",7.46828338016395,2,300,0.2
"s3","s5",6.85355605108073,2,300,0.2
"s3","s5",6.82056729649925,2,300,0.2
"s3","s5",7.42134521738168,2,300,0.2
"s3","s5",7.03690902689742,2,300,0.2
"s3","s5",6.79106225970196,2,300,0.2
"s3","s5",6.8154260551126,2,300,0.2
"s3","s5",6.61847102157483,2,300,0.2
"s3","s5",7.02565450313534,2,300,0.2
"s3","s5",7.12927444513102,2,300,0.2
"s3","s5",6.53502338217223,2,300,0.2
"s3","s5",6.77879775785814,2,300,0.2
"s3","s5",6.72134977862242,2,300,0.2
"s3","s5",7.11423566244784,2,300,0.2
"s3","s5",6.90536246414722,2,300,0.2
"s3","s5",7.32146773215192,2,300,0.2
"s3","s5",6.95883155231643,2,300,0.2
"s3","s5",7.05764404076773,2,300,0.2
"s3","s5",6.7144754922796,2,300,0.2
"s3","s5",6.79106016742897,2,300,0.2
"s3","s5",6.74959138664437,2,300,0.2
"s3","s5",6.80478320590155,2,300,0.2
"s3","s5",6.98857066932406,2,300,0.2
"s3","s5",7.37578378173777,2,300,0.2
"s3","s5",7.24638164933674,2,300,0.2
"s3","s5",6.95259654871069,2,300,0.2
"s3","s5",7.22092504959116,2,300,0.2
"s3","s5",7.15925589338796,2,300,0.2
"s3","s5",6.86055884334985,2,300,0.2
"s3","s5",7.26951340778773,2,300,0.2
"s3","s5",6.76851598441535,2,300,0.2
"s3","s5",7.45665840517063,2,300,0.2
"s3","s5",6.77107295596733,2,300,0.2
"s3","s5",6.56444322959626,2,300,0.2
"s3","s5",7.43301725955487,2,300,0.2
"s3","s5",7.04442212358435,2,300,0.2
"s3","s5",6.57049255486672,2,300,0.2
"s3","s5",6.65257444418089,2,300,0.2
"s3","s5",7.24033518906705,2,300,0.2
"s3","s5",6.84835344462404,2,300,0.2
"s3","s5",6.63467152178336,2,300,0.2
"s3","s5",6.8600544095643,2,300,0.2
"s3","s5",7.01103693267891,2,300,0.2
"s3","s5",7.13388315208438,2,300,0.2
"s3","s5",6.92728731215405,2,300,0.2
"s3","s5",6.90191221869364,2,300,0.2
"s3","s5",7.22450942345584,2,300,0.2
"s3","s5",6.77536212845618,2,300,0.2
"s3","s5",7.23014110412925,2,300,0.2
"s3","s5",7.31527524127671,2,300,0.2
"s3","s5",6.72557131785979,2,300,0.2
"s3","s5",6.9930971701628,2,300,0.2
"s3","s5",6.48350352430816,2,300,0.2
"s3","s5",6.76117820115324,2,300,0.2
"s3","s5",6.45783580482998,2,300,0.2
"s3","s5",7.19585048944795,2,300,0.2
"s3","s5",7.10593684795114,2,300,0.2
"s3","s5",6.36262634462218,2,300,0.2
"s3","s5",7.64093635836474,2,300,0.2
"s3","s5",6.91607539688263,2,300,0.2
"s3","s5",7.1877747978273,2,300,0.2
"s3","s5",7.16444785291647,2,300,0.2
"s3","s5",6.91710495216932,2,300,0.2
"s3","s5",7.03007005572914,2,300,0.2
"s3","s5",7.2759521584088,2,300,0.2
"s3","s5",7.16762716449432,2,300,0.2
"s3","s5",6.81573628509219,2,300,0.2
"s3","s5",7.13015947345424,2,300,0.2
"s3","s5",6.66489208515986,2,300,0.2
"s3","s5",7.41785146462827,2,300,0.2
"s3","s5",7.08641278128145,2,300,0.2
"s3","s5",7.0842061476181,2,300,0.2
"s3","s5",6.95742948495977,2,300,0.2
"s3","s5",7.15351121053814,2,300,0.2
"s3","s5",7.66290357263017,2,300,0.2
"s3","s5",6.52766206693525,2,300,0.2
"s3","s5",6.64549202650916,2,300,0.2
"s3","s5",7.0651808617596,2,300,0.2
"s3","s5",6.95768480206376,2,300,0.2
"s3","s5",6.86121199010277,2,300,0.2
"s3","s5",6.95611126345969,2,300,0.2
"s3","s5",6.93341608411826,2,300,0.2
"s3","s5",7.04659563384502,2,300,0.2
"s3","s5",7.07754466888237,2,300,0.2
"s3","s5",6.70804503695441,2,300,0.2
"s3","s5",7.02253993782606,2,300,0.2
"s3","s5",6.74246872575522,2,300,0.2
"s3","s5",7.26109262673899,2,300,0.2
"s3","s5",6.35300229162188,2,300,0.2
"s3","s5",6.89449011199417,2,300,0.2
"s3","s5",7.18073637002408,2,300,0.2
"s3","s5",6.79482731149792,2,300,0.2
"s3","s5",7.63545137160736,2,300,0.2
"s3","s5",6.95768480206376,2,300,0.2
"s3","s5",7.53947698979797,2,300,0.2
"s3","s5",7.39680568840519,2,300,0.2
"s3","s5",6.73349347189878,2,300,0.2
"s3","s5",7.37471934862359,2,300,0.2
"s3","s5",7.55493349863507,2,300,0.2
"s3","s5",7.06143190362982,2,300,0.2
"s3","s5",7.02119250478705,2,300,0.2
"s3","s5",7.22611511206364,2,300,0.2
"s3","s5",7.92423117521039,2,300,0.2
"s3","s5",7.10258842089559,2,300,0.2
"s3","s5",7.15191884034257,2,300,0.2
"s3","s5",7.144948350379,2,300,0.2
"s3","s5",6.7466096728202,2,300,0.2
"s3","s5",7.6739028871566,2,300,0.2
"s3","s5",7.2557011051059,2,300,0.2
"s3","s5",7.56893108966515,2,300,0.2
"s3","s5",6.84364020086016,2,300,0.2
"s3","s5",6.59679418556115,2,300,0.2
"s3","s5",7.06362094794207,2,300,0.2
"s3","s5",6.97737159419552,2,300,0.2
"s3","s5",6.82487274463261,2,300,0.2
"s3","s5",7.38015540516555,2,300,0.2
"s3","s5",7.01267190258817,2,300,0.2
"s3","s5",6.80773556780372,2,300,0.2
"s3","s5",7.11247195473405,2,300,0.2
"s3","s5",7.11466202226981,2,300,0.2
"s3","s5",7.14157145046843,2,300,0.2
"s3","s5",7.13148392126354,2,300,0.2
"s3","s5",7.05991669301429,2,300,0.2
"s3","s5",6.93984623081182,2,300,0.2
"s3","s5",7.27169039477536,2,300,0.2
"s3","s5",6.9005441967676,2,300,0.2
"s3","s5",6.92965271137984,2,300,0.2
"s3","s5",6.56788688061349,2,300,0.2
"s3","s5",6.89147768577665,2,300,0.2
"s3","s5",7.39900038835953,2,300,0.2
"s3","s5",7.03997503134974,2,300,0.2
"s3","s5",6.73553981585295,2,300,0.2
"s3","s5",7.32939519751616,2,300,0.2
"s3","s5",6.78450710960159,2,300,0.2
"s3","s5",7.05977318417143,2,300,0.2
"s3","s5",7.14158241679763,2,300,0.2
"s3","s5",6.82307257112967,2,300,0.2
"s3","s5",7.04999618937902,2,300,0.2
"s3","s5",7.21494678320416,2,300,0.2
"s3","s5",6.68767782922828,2,300,0.2
"s3","s5",6.59627997442099,2,300,0.2
"s3","s5",7.34270840294556,2,300,0.2
"s3","s5",6.96007752247394,2,300,0.2
"s3","s5",7.10968418191356,2,300,0.2
"s3","s5",6.98819861089944,2,300,0.2
"s3","s5",7.05876177110312,2,300,0.2
"s3","s5",7.10943105287777,2,300,0.2
"s3","s5",6.95069640603641,2,300,0.2
"s3","s5",6.95142119692802,2,300,0.2
"s3","s5",7.01263567900497,2,300,0.2
"s3","s5",7.13908583558465,2,300,0.2
"s3","s5",7.22765648460961,2,300,0.2
"s3","s5",7.28999199452691,2,300,0.2
"s3","s5",7.08154081437328,2,300,0.2
"s3","s5",6.63279172102288,2,300,0.2
"s3","s5",7.38183053744521,2,300,0.2
"s3","s5",7.15807491084773,2,300,0.2
"s3","s5",7.31478464185603,2,300,0.2
"s3","s5",6.99852025137426,2,300,0.2
"s3","s5",7.12962613208418,2,300,0.2
"s3","s5",6.72475357200409,2,300,0.2
"s3","s5",6.70045568952521,2,300,0.2
"s3","s5",6.68570979826637,2,300,0.2
"s3","s5",6.84375401632779,2,300,0.2
"s3","s5",7.4458397075865,2,300,0.2
"s3","s5",6.89855131048191,2,300,0.2
"s3","s5",7.13011110121047,2,300,0.2
"s3","s5",7.14771557932048,2,300,0.2
"s3","s5",6.61127677147022,2,300,0.2
"s3","s5",7.19319213752368,2,300,0.2
"s3","s5",6.86706455327976,2,300,0.2
"s3","s5",7.26814396240326,2,300,0.2
"s3","s5",6.88457992038929,2,300,0.2
"s3","s5",6.831638113868,2,300,0.2
"s3","s5",7.36539878232563,2,300,0.2
"s3","s5",7.24649372869153,2,300,0.2
"s3","s5",6.6896569433025,2,300,0.2
"s3","s5",7.11180029444159,2,300,0.2
"s3","s5",6.49023353868853,2,300,0.2
"s3","s5",6.99470083485765,2,300,0.2
"s3","s5",7.29234244449641,2,300,0.2
"s3","s5",7.17305665092326,2,300,0.2
"s3","s5",6.51926153215462,2,300,0.2
"s3","s5",7.0280286822242,2,300,0.2
"s3","s5",6.4975292585068,2,300,0.2
"s3","s5",6.72599239971366,2,300,0.2
"s3","s5",6.71495659965958,2,300,0.2
"s3","s5",7.15129992199019,2,300,0.2
"s3","s5",7.15770503210153,2,300,0.2
"s3","s5",7.34256966450898,2,300,0.2
"s3","s5",7.12004757361814,2,300,0.2
"s3","s5",7.22563088269969,2,300,0.2
"s3","s5",7.16052584711402,2,300,0.2
"s3","s5",6.75356099153948,2,300,0.2
"s3","s5",6.74393524674838,2,300,0.2
"s3","s5",7.35812552879131,2,300,0.2
"s3","s5",6.79198798909218,2,300,0.2
"s3","s5",6.92996419051518,2,300,0.2
"s3","s5",7.14375166285532,2,300,0.2
"s3","s5",6.99877279707323,2,300,0.2
"s3","s5",6.96373858499898,2,300,0.2
"s3","s5",7.3822126058686,2,300,0.2
"s3","s5",7.16362293734701,2,300,0.2
"s3","s5",7.01900481554978,2,300,0.2
"s3","s5",7.09468822664856,2,300,0.2
"s3","s5",6.86733363534174,2,300,0.2
"s3","s5",7.72833004015519,2,300,0.2
"s3","s5",6.96982303795703,2,300,0.2
"s3","s5",7.43026557457089,2,300,0.2
"s3","s5",6.55759732226896,2,300,0.2
"s3","s5",7.20109782095486,2,300,0.2
"s3","s5",6.9193998639152,2,300,0.2
"s3","s5",6.92493056313927,2,300,0.2
"s3","s5",7.51351033433674,2,300,0.2
"s3","s5",6.89640634705997,2,300,0.2
"s3","s5",7.44789502800835,2,300,0.2
"s3","s5",6.9728221377697,2,300,0.2
"s3","s5",6.65505795149763,2,300,0.2
"s3","s5",7.30672000058101,2,300,0.2
"s3","s5",6.92400654287889,2,300,0.2
"s3","s5",7.03259285880149,2,300,0.2
"s3","s5",7.11657229729559,2,300,0.2
"s3","s5",7.35305664962631,2,300,0.2
"s3","s5",7.01263567900497,2,300,0.2
"s3","s5",7.22281867861447,2,300,0.2
"s3","s5",7.1344806663604,2,300,0.2
"s3","s5",7.13196231541184,2,300,0.2
"s3","s5",7.15425022041978,2,300,0.2
"s3","s5",6.69471369343273,2,300,0.2
"s3","s5",6.9740877572228,2,300,0.2
"s3","s5",6.94772488453172,2,300,0.2
"s3","s5",7.32190381964358,2,300,0.2
"s3","s5",6.50961833944734,2,300,0.2
"s3","s5",6.95803458529583,2,300,0.2
"s3","s5",6.87760807831444,2,300,0.2
"s3","s5",7.05215251205135,2,300,0.2
"s3","s5",6.9694195367031,2,300,0.2
"s3","s5",6.97593690639692,2,300,0.2
"s3","s5",7.03816228089173,2,300,0.2
"s3","s5",7.18230152830143,2,300,0.2
"s3","s5",6.58012044574332,2,300,0.2
"s3","s5",6.68694158317533,2,300,0.2
"s3","s5",6.9600788988117,2,300,0.2
"s3","s5",7.05463026076023,2,300,0.2
"s3","s5",7.02065488467463,2,300,0.2
"s3","s5",7.14950775065533,2,300,0.2
"s3","s5",6.79386890283399,2,300,0.2
"s3","s5",6.78854342709976,2,300,0.2
"s3","s5",6.65238398847484,2,300,0.2
"s3","s5",7.72782490583214,2,300,0.2
"s3","s5",6.6128880413788,2,300,0.2
"s3","s5",7.30831324374977,2,300,0.2
"s3","s5",6.91219545722664,2,300,0.2
"s3","s5",7.15711544681795,2,300,0.2
"s3","s5",6.85742151807733,2,300,0.2
"s3","s5",7.28487992461089,2,300,0.2
"s3","s5",7.24189066208048,2,300,0.2
"s3","s5",7.36073390242356,2,300,0.2
"s3","s5",7.12004757361814,2,300,0.2
"s3","s5",7.45226246861645,2,300,0.2
"s3","s5",6.79578844232094,2,300,0.2
"s3","s5",7.15724278074856,2,300,0.2
"s3","s5",7.07098139106724,2,300,0.2
"s3","s5",6.3916080620902,2,300,0.2
"s3","s5",6.95550413665637,2,300,0.2
"s3","s5",6.98894272774868,2,300,0.2
"s3","s5",6.51419968322508,2,300,0.2
"s3","s5",7.42348370525082,2,300,0.2
"s3","s5",7.19130552091421,2,300,0.2
"s3","s5",7.3751112171467,2,300,0.2
"s3","s5",6.78151102822868,2,300,0.2
"s3","s5",6.95225917948657,2,300,0.2
"s3","s5",7.18213536240814,2,300,0.2
"s3","s5",7.58309811906554,2,300,0.2
"s3","s5",6.90753323220945,2,300,0.2
"s3","s5",7.16982877164821,2,300,0.2
"s3","s5",7.29181473547891,2,300,0.2
"s3","s5",7.12219712143509,2,300,0.2
"s3","s5",6.36636343499713,2,300,0.2
"s3","s5",7.84157223971755,2,300,0.2
"s3","s5",7.43343204193371,2,300,0.2
"s3","s5",7.21427547217675,2,300,0.2
"s3","s5",6.88208352419527,2,300,0.2
"s3","s5",6.94242268445043,2,300,0.2
"s3","s5",7.56025637358134,2,300,0.2
"s3","s5",6.76552736204374,2,300,0.2
"s3","s5",7.09013459769267,2,300,0.2
"s3","s5",6.93541479623238,2,300,0.2
"s3","s5",7.23957819025042,2,300,0.2
"s3","s5",6.78688547023187,2,300,0.2
"s3","s5",7.28251231252906,2,300,0.2
"s3","s5",6.29395555427902,2,300,0.2
"s3","s5",7.22092504959116,2,300,0.2
"s3","s5",7.34894223668397,2,300,0.2
"s3","s5",6.75873470441492,2,300,0.2
"s3","s5",6.69965470899262,2,300,0.2
"s3","s5",6.96386501301617,2,300,0.2
"s3","s5",7.19130552091421,2,300,0.2
"s3","s5",6.97810320945194,2,300,0.2
"s3","s5",7.22143122309544,2,300,0.2
"s3","s5",7.22477394081471,2,300,0.2
"s3","s5",7.52076519166639,2,300,0.2
"s3","s5",7.32870297450529,2,300,0.2
"s3","s5",7.12520031124575,2,300,0.2
"s3","s5",6.98894272774868,2,300,0.2
"s3","s5",7.10760551793086,2,300,0.2
"s3","s5",6.95146150171544,2,300,0.2
"s3","s5",7.05891888826892,2,300,0.2
"s3","s5",7.62302170082107,2,300,0.2
"s3","s5",7.24852459824953,2,300,0.2
"s3","s5",7.05463026076023,2,300,0.2
"s3","s5",6.79719791451513,2,300,0.2
"s3","s5",6.76932217030684,2,300,0.2
"s3","s5",7.16788973589925,2,300,0.2
"s3","s5",7.21041271797782,2,300,0.2
"s3","s5",7.45806031375537,2,300,0.2
"s3","s5",6.81387429477871,2,300,0.2
"s3","s5",6.95283342330036,2,300,0.2
"s3","s5",7.13735303813013,2,300,0.2
"s3","s5",7.12635888531477,2,300,0.2
"s3","s5",7.00348138096147,2,300,0.2
"s3","s5",7.10929437654617,2,300,0.2
"s3","s5",7.74838067434035,2,300,0.2
"s3","s5",6.61227099630483,2,300,0.2
"s3","s5",7.2124508072198,2,300,0.2
"s3","s5",7.16983741130027,2,300,0.2
"s3","s5",6.74959138664437,2,300,0.2
"s3","s5",6.6405402750416,2,300,0.2
"s3","s5",6.99310935612513,2,300,0.2
"s3","s5",7.16234209050209,2,300,0.2
"s3","s5",6.92799348488975,2,300,0.2
"s3","s5",6.80423079038104,2,300,0.2
"s3","s5",6.82689685078583,2,300,0.2
"s3","s5",7.37266769002429,2,300,0.2
"s3","s5",6.91927378176989,2,300,0.2
"s3","s5",7.09013459769267,2,300,0.2
"s3","s5",7.44512885121983,2,300,0.2
"s3","s5",7.09987238313784,2,300,0.2
"s3","s5",6.2774821352946,2,300,0.2
"s3","s5",6.88185369765474,2,300,0.2
"s3","s5",7.46696827009358,2,300,0.2
"s3","s5",7.13330007301015,2,300,0.2
"s3","s5",6.75580397699423,2,300,0.2
"s3","s5",6.49894146025467,2,300,0.2
"s3","s5",6.60122112078441,2,300,0.2
"s3","s5",7.01060910276234,2,300,0.2
"s3","s5",7.54978160901467,2,300,0.2
"s3","s5",7.23685480148694,2,300,0.2
"s3","s5",6.9370758043888,2,300,0.2
"s3","s5",7.00770816931163,2,300,0.2
"s3","s5",7.23755763152442,2,300,0.2
"s3","s5",7.21563900617333,2,300,0.2
"s3","s5",6.66489208515986,2,300,0.2
"s3","s5",7.26424450626098,2,300,0.2
"s3","s5",7.03282580910079,2,300,0.2
"s3","s5",7.06837835012342,2,300,0.2
"s3","s5",7.41687749797201,2,300,0.2
"s3","s5",6.84512805951337,2,300,0.2
"s3","s5",7.04369730735155,2,300,0.2
"s3","s5",7.11180029444159,2,300,0.2
"s3","s5",6.63279172102288,2,300,0.2
"s3","s5",7.28581874671436,2,300,0.2
"s3","s5",7.39757585665485,2,300,0.2
"s3","s5",7.32858134202364,2,300,0.2
"s3","s5",7.01068110087593,2,300,0.2
"s3","s5",6.99445846593041,2,300,0.2
"s3","s5",7.23168796380534,2,300,0.2
"s3","s5",6.69858564855841,2,300,0.2
"s3","s5",6.70525555994162,2,300,0.2
"s3","s5",6.94550737502435,2,300,0.2
"s3","s5",6.34188719482717,2,300,0.2
"s3","s5",7.51280182076469,2,300,0.2
"s3","s5",6.89810443483653,2,300,0.2
"s3","s5",6.63227936246958,2,300,0.2
"s3","s5",7.20720479708737,2,300,0.2
"s3","s5",7.21459020813668,2,300,0.2
"s3","s5",7.24761367372625,2,300,0.2
"s3","s5",7.24352474590423,2,300,0.2
"s3","s5",7.47066142666154,2,300,0.2
"s3","s5",6.96313486576855,2,300,0.2
"s3","s5",7.18704591612105,2,300,0.2
"s3","s5",6.99800346808327,2,300,0.2
"s3","s5",7.02740392260888,2,300,0.2
"s3","s5",6.72809998956717,2,300,0.2
"s3","s5",6.95611126345969,2,300,0.2
"s3","s5",7.18672061213164,2,300,0.2
"s3","s5",7.41979400315191,2,300,0.2
"s3","s5",6.70700868801011,2,300,0.2
"s3","s5",6.53783570354634,2,300,0.2
"s3","s5",7.11441408446809,2,300,0.2
"s3","s5",7.29892094549399,2,300,0.2
"s3","s5",6.99425987228834,2,300,0.2
"s3","s5",6.99705774403127,2,300,0.2
"s3","s5",6.92996419051518,2,300,0.2
"s3","s5",6.80478320590155,2,300,0.2
"s3","s5",7.41687749797201,2,300,0.2
"s3","s5",7.25286796982496,2,300,0.2
"s3","s5",6.70045568952521,2,300,0.2
"s3","s5",7.24202994031188,2,300,0.2
"s3","s5",7.47912663986955,2,300,0.2
"s3","s5",7.34907593839424,2,300,0.2
"s3","s5",7.20280172686254,2,300,0.2
"s3","s5",7.68851852772251,2,300,0.2
"s3","s5",6.62374382712377,2,300,0.2
"s3","s5",7.29583031097665,2,300,0.2
"s3","s5",7.05237069565646,2,300,0.2
"s3","s5",6.82354700882873,2,300,0.2
"s3","s5",6.92579868747156,2,300,0.2
"s3","s5",6.81231911776281,2,300,0.2
"s3","s5",7.06807322446194,2,300,0.2
"s3","s5",6.67915358459754,2,300,0.2
"s3","s5",7.02189165510961,2,300,0.2
"s3","s5",6.91936437582248,2,300,0.2
"s3","s5",7.32141767333214,2,300,0.2
"s3","s5",6.90621288899857,2,300,0.2
"s3","s5",6.91945299389582,2,300,0.2
"s3","s5",6.61648104777912,2,300,0.2
"s3","s5",7.1694324916902,2,300,0.2
"s3","s5",7.13165908301991,2,300,0.2
"s3","s5",7.08841657693094,2,300,0.2
"s3","s5",6.80380789140392,2,300,0.2
"s3","s5",6.86975131196093,2,300,0.2
"s3","s5",7.06928499421359,2,300,0.2
"s3","s5",7.15254427503187,2,300,0.2
"s3","s5",6.95135203237342,2,300,0.2
"s3","s5",6.60283986207244,2,300,0.2
"s3","s5",7.32189948122721,2,300,0.2
"s3","s5",7.04259207230169,2,300,0.2
"s3","s5",6.70332333036969,2,300,0.2
"s3","s5",7.05530857956668,2,300,0.2
"s3","s5",7.06579931032898,2,300,0.2
"s3","s5",6.97833881632259,2,300,0.2
"s3","s5",6.73227206486697,2,300,0.2
"s3","s5",7.04679592251816,2,300,0.2
"s3","s5",7.27325441952265,2,300,0.2
"s3","s5",7.25920987069288,2,300,0.2
"s3","s5",6.80031758893432,2,300,0.2
"s3","s5",6.792546449634,2,300,0.2
"s3","s5",7.12640553375127,2,300,0.2
"s3","s5",7.12823704538886,2,300,0.2
"s3","s5",7.58309811906554,2,300,0.2
"s3","s5",7.15008636378396,2,300,0.2
"s3","s5",6.7713899172211,2,300,0.2
"s3","s5",7.2913861068687,2,300,0.2
"s3","s5",6.5797165119684,2,300,0.2
"s3","s5",7.41687749797201,2,300,0.2
"s3","s5",6.97793206430369,2,300,0.2
"s3","s5",6.91529822167446,2,300,0.2
"s3","s5",7.43974115925636,2,300,0.2
"s3","s5",7.12650768927588,2,300,0.2
"s3","s5",7.72965700185483,2,300,0.2
"s3","s5",6.54581552642935,2,300,0.2
"s3","s5",7.05343419406211,2,300,0.2
"s3","s5",6.76200526010803,2,300,0.2
"s3","s5",7.41939549875169,2,300,0.2
"s3","s5",7.23615419609769,2,300,0.2
"s3","s5",7.15236133767684,2,300,0.2
"s3","s5",6.97155042005195,2,300,0.2
"s3","s5",7.13712690867039,2,300,0.2
"s3","s5",7.3453003891324,2,300,0.2
"s3","s5",7.24662854968982,2,300,0.2
"s3","s5",7.05463026076023,2,300,0.2
"s3","s5",7.07266007751747,2,300,0.2
"s3","s5",7.48647541881069,2,300,0.2
"s3","s5",7.4772877814684,2,300,0.2
"s3","s5",6.56816966355375,2,300,0.2
"s3","s5",6.79083183478026,2,300,0.2
"s3","s5",7.15724278074856,2,300,0.2
"s3","s5",6.97737159419552,2,300,0.2
"s3","s5",6.83685872799657,2,300,0.2
"s3","s5",7.45369573310136,2,300,0.2
"s3","s5",6.94361560821319,2,300,0.2
"s3","s5",6.58237094128435,2,300,0.2
"s3","s5",6.68830748091309,2,300,0.2
"s3","s5",6.71845535810141,2,300,0.2
"s3","s5",7.32632778223797,2,300,0.2
"s3","s5",7.06159324340065,2,300,0.2
"s3","s5",7.24852459824953,2,300,0.2
"s3","s5",7.33494419259499,2,300,0.2
"s3","s5",7.08633131639208,2,300,0.2
"s3","s5",6.79151180696384,2,300,0.2
"s3","s5",7.2089830391692,2,300,0.2
"s3","s5",7.39673670920047,2,300,0.2
"s3","s5",6.56120624970252,2,300,0.2
"s3","s5",6.73384398421904,2,300,0.2
"s3","s5",6.88937551880118,2,300,0.2
"s3","s5",6.9531004217951,2,300,0.2
"s3","s5",6.92816287471338,2,300,0.2
"s3","s5",7.32912239351126,2,300,0.2
"s3","s5",6.92996419051518,2,300,0.2
"s3","s5",7.26378026788612,2,300,0.2
"s3","s5",7.09714947586868,2,300,0.2
"s3","s5",7.10478841776538,2,300,0.2
"s3","s5",6.87337365205368,2,300,0.2
"s3","s5",7.1725266767059,2,300,0.2
"s3","s5",6.77340435251455,2,300,0.2
"s3","s5",6.95619250919586,2,300,0.2
"s3","s5",6.65220051058752,2,300,0.2
"s3","s5",6.82504375399465,2,300,0.2
"s3","s5",7.68978583302638,2,300,0.2
"s3","s5",6.75438530191065,2,300,0.2
"s3","s5",6.91597666428469,2,300,0.2
"s3","s5",7.42486524155154,2,300,0.2
"s3","s5",7.13570512701104,2,300,0.2
"s3","s5",7.02301355139019,2,300,0.2
"s3","s5",6.68152558958333,2,300,0.2
"s3","s5",6.58216716351731,2,300,0.2
"s3","s5",7.05693749269302,2,300,0.2
"s3","s5",6.56815189892984,2,300,0.2
"s3","s5",6.86670922688197,2,300,0.2
"s3","s5",6.57882752612363,2,300,0.2
"s3","s5",7.09010406540668,2,300,0.2
"s3","s5",6.89005660755295,2,300,0.2
"s3","s5",7.13160168348421,2,300,0.2
"s3","s5",7.0947754121006,2,300,0.2
"s3","s5",7.23532490021586,2,300,0.2
"s3","s5",7.36155756511201,2,300,0.2
"s3","s5",6.9776518292496,2,300,0.2
"s3","s5",6.96416313721303,2,300,0.2
"s3","s5",7.02463835945061,2,300,0.2
"s4","s1",6.78422794274999,2,300,0.2
"s4","s1",6.58356922408255,2,300,0.2
"s4","s1",6.78348695695536,2,300,0.2
"s4","s1",6.8840044878822,2,300,0.2
"s4","s1",6.66233215149686,2,300,0.2
"s4","s1",6.58270012606502,2,300,0.2
"s4","s1",6.90844086046542,2,300,0.2
"s4","s1",7.33929550823718,2,300,0.2
"s4","s1",6.58424864350916,2,300,0.2
"s4","s1",7.40530729281501,2,300,0.2
"s4","s1",6.71604268434945,2,300,0.2
"s4","s1",6.90701714689885,2,300,0.2
"s4","s1",6.71101390311969,2,300,0.2
"s4","s1",7.14752183326465,2,300,0.2
"s4","s1",6.75055518000435,2,300,0.2
"s4","s1",6.31757369852376,2,300,0.2
"s4","s1",6.72366146024365,2,300,0.2
"s4","s1",8.06393011019591,2,300,0.2
"s4","s1",6.85596418853018,2,300,0.2
"s4","s1",6.54648836440375,2,300,0.2
"s4","s1",6.94098653060243,2,300,0.2
"s4","s1",6.18228469173792,2,300,0.2
"s4","s1",6.98514289001821,2,300,0.2
"s4","s1",7.00755993440526,2,300,0.2
"s4","s1",6.94590465813184,2,300,0.2
"s4","s1",6.93275299429661,2,300,0.2
"s4","s1",6.58338140558315,2,300,0.2
"s4","s1",6.70262213079914,2,300,0.2
"s4","s1",6.56435466300661,2,300,0.2
"s4","s1",6.83110162265046,2,300,0.2
"s4","s1",6.76347931612904,2,300,0.2
"s4","s1",6.98954170843248,2,300,0.2
"s4","s1",6.87318729649957,2,300,0.2
"s4","s1",6.47650420900425,2,300,0.2
"s4","s1",6.81771430961291,2,300,0.2
"s4","s1",7.19970162961022,2,300,0.2
"s4","s1",6.46315067321136,2,300,0.2
"s4","s1",7.21986292043051,2,300,0.2
"s4","s1",6.4350544054855,2,300,0.2
"s4","s1",6.92694932194947,2,300,0.2
"s4","s1",6.7439600245232,2,300,0.2
"s4","s1",6.7971223791823,2,300,0.2
"s4","s1",7.01287489231495,2,300,0.2
"s4","s1",6.76462777503826,2,300,0.2
"s4","s1",6.70298321814965,2,300,0.2
"s4","s1",7.11990999822109,2,300,0.2
"s4","s1",6.94348717917889,2,300,0.2
"s4","s1",7.12863975534029,2,300,0.2
"s4","s1",6.66964978411769,2,300,0.2
"s4","s1",6.61747380821393,2,300,0.2
"s4","s1",6.82449802366498,2,300,0.2
"s4","s1",6.79265855832026,2,300,0.2
"s4","s1",6.96362095295885,2,300,0.2
"s4","s1",6.32525739587209,2,300,0.2
"s4","s1",6.40866951732767,2,300,0.2
"s4","s1",6.48646883218298,2,300,0.2
"s4","s1",7.74542791700321,2,300,0.2
"s4","s1",6.49418794951171,2,300,0.2
"s4","s1",6.66909242079353,2,300,0.2
"s4","s1",7.31681953004485,2,300,0.2
"s4","s1",6.93265121310683,2,300,0.2
"s4","s1",7.039052561521,2,300,0.2
"s4","s1",6.63989707848625,2,300,0.2
"s4","s1",6.94977301837834,2,300,0.2
"s4","s1",6.78445060884681,2,300,0.2
"s4","s1",6.7705826193356,2,300,0.2
"s4","s1",6.90797796589459,2,300,0.2
"s4","s1",6.75980196068511,2,300,0.2
"s4","s1",7.01821379366139,2,300,0.2
"s4","s1",7.2737703954332,2,300,0.2
"s4","s1",6.5246628111976,2,300,0.2
"s4","s1",7.18721574388472,2,300,0.2
"s4","s1",6.77837993899197,2,300,0.2
"s4","s1",6.91177741078133,2,300,0.2
"s4","s1",6.68164699937739,2,300,0.2
"s4","s1",6.7413083993236,2,300,0.2
"s4","s1",6.94115467367951,2,300,0.2
"s4","s1",6.85647206733891,2,300,0.2
"s4","s1",6.54373325753426,2,300,0.2
"s4","s1",6.86680955365856,2,300,0.2
"s4","s1",7.17637172472103,2,300,0.2
"s4","s1",6.30195825037988,2,300,0.2
"s4","s1",7.05406303069519,2,300,0.2
"s4","s1",6.65547267432032,2,300,0.2
"s4","s1",6.37200867728351,2,300,0.2
"s4","s1",6.94500882945154,2,300,0.2
"s4","s1",6.69320884421226,2,300,0.2
"s4","s1",6.67409788605667,2,300,0.2
"s4","s1",6.82697278361404,2,300,0.2
"s4","s1",6.44257586596144,2,300,0.2
"s4","s1",6.47705647029744,2,300,0.2
"s4","s1",6.66178212338444,2,300,0.2
"s4","s1",6.6848171383065,2,300,0.2
"s4","s1",6.55686754983519,2,300,0.2
"s4","s1",7.14381719104768,2,300,0.2
"s4","s1",6.89391616571757,2,300,0.2
"s4","s1",6.62187292743484,2,300,0.2
"s4","s1",6.74885341884311,2,300,0.2
"s4","s1",6.64720179966154,2,300,0.2
"s4","s1",6.85759677581842,2,300,0.2
"s4","s1",6.70896282655982,2,300,0.2
"s4","s1",6.85829508475311,2,300,0.2
"s4","s1",6.79194653975795,2,300,0.2
"s4","s1",7.32806653465564,2,300,0.2
"s4","s1",7.01714865030453,2,300,0.2
"s4","s1",6.84530645324903,2,300,0.2
"s4","s1",6.52760240217063,2,300,0.2
"s4","s1",6.26878902871042,2,300,0.2
"s4","s1",6.7236828668065,2,300,0.2
"s4","s1",6.22455223268198,2,300,0.2
"s4","s1",6.66635323029222,2,300,0.2
"s4","s1",6.40152410067183,2,300,0.2
"s4","s1",6.57934774516872,2,300,0.2
"s4","s1",7.01761073823118,2,300,0.2
"s4","s1",6.55135651760366,2,300,0.2
"s4","s1",6.59095284062622,2,300,0.2
"s4","s1",6.87502213642254,2,300,0.2
"s4","s1",6.73995974124932,2,300,0.2
"s4","s1",6.41364942873208,2,300,0.2
"s4","s1",6.65757429850815,2,300,0.2
"s4","s1",6.61860754591464,2,300,0.2
"s4","s1",6.69655633607291,2,300,0.2
"s4","s1",6.99653050658155,2,300,0.2
"s4","s1",6.68783582133,2,300,0.2
"s4","s1",6.61530924749871,2,300,0.2
"s4","s1",7.14526243328925,2,300,0.2
"s4","s1",6.37331653891357,2,300,0.2
"s4","s1",6.95338580890461,2,300,0.2
"s4","s1",6.55965987264202,2,300,0.2
"s4","s1",6.63103190150059,2,300,0.2
"s4","s1",6.99814833121862,2,300,0.2
"s4","s1",6.71207184263767,2,300,0.2
"s4","s1",7.09316594870981,2,300,0.2
"s4","s1",6.60254375163967,2,300,0.2
"s4","s1",6.90430305012235,2,300,0.2
"s4","s1",6.75143377992807,2,300,0.2
"s4","s1",6.83989958703799,2,300,0.2
"s4","s1",6.74507769440504,2,300,0.2
"s4","s1",6.28975578735394,2,300,0.2
"s4","s1",6.92222368204438,2,300,0.2
"s4","s1",6.50615112044797,2,300,0.2
"s4","s1",6.42803920021205,2,300,0.2
"s4","s1",6.72211755583524,2,300,0.2
"s4","s1",6.58506423482513,2,300,0.2
"s4","s1",6.39423255688807,2,300,0.2
"s4","s1",6.71012421883759,2,300,0.2
"s4","s1",6.7458779570958,2,300,0.2
"s4","s1",7.47200262075118,2,300,0.2
"s4","s1",6.54030195494052,2,300,0.2
"s4","s1",6.53433291255505,2,300,0.2
"s4","s1",6.84237827241054,2,300,0.2
"s4","s1",6.75998315349987,2,300,0.2
"s4","s1",6.83514213849236,2,300,0.2
"s4","s1",6.67450246132812,2,300,0.2
"s4","s1",6.66804599606537,2,300,0.2
"s4","s1",6.25701343846406,2,300,0.2
"s4","s1",6.84803386064375,2,300,0.2
"s4","s1",6.39111365915539,2,300,0.2
"s4","s1",6.60417957671388,2,300,0.2
"s4","s1",6.53393025230243,2,300,0.2
"s4","s1",7.19191785643005,2,300,0.2
"s4","s1",7.33116397276434,2,300,0.2
"s4","s1",6.54537075455687,2,300,0.2
"s4","s1",6.21444333416505,2,300,0.2
"s4","s1",6.86041399287483,2,300,0.2
"s4","s1",6.70794567863021,2,300,0.2
"s4","s1",6.64720429069092,2,300,0.2
"s4","s1",6.70103836327743,2,300,0.2
"s4","s1",7.0413275323655,2,300,0.2
"s4","s1",6.76397463626071,2,300,0.2
"s4","s1",6.8019139719129,2,300,0.2
"s4","s1",7.2713469015111,2,300,0.2
"s4","s1",6.94802563407225,2,300,0.2
"s4","s1",6.88767533833997,2,300,0.2
"s4","s1",7.01953298028079,2,300,0.2
"s4","s1",6.28152361463916,2,300,0.2
"s4","s1",6.62407971864826,2,300,0.2
"s4","s1",6.94523506264419,2,300,0.2
"s4","s1",6.1821318608405,2,300,0.2
"s4","s1",6.81832591785576,2,300,0.2
"s4","s1",6.72580651715893,2,300,0.2
"s4","s1",6.70650997266192,2,300,0.2
"s4","s1",7.01879092486382,2,300,0.2
"s4","s1",6.67354467820477,2,300,0.2
"s4","s1",6.84094060317138,2,300,0.2
"s4","s1",6.65083628961074,2,300,0.2
"s4","s1",6.91776555518237,2,300,0.2
"s4","s1",6.84586248012971,2,300,0.2
"s4","s1",6.54360421237917,2,300,0.2
"s4","s1",6.66868287186935,2,300,0.2
"s4","s1",6.72623381449277,2,300,0.2
"s4","s1",7.3466789078395,2,300,0.2
"s4","s1",6.41478349570394,2,300,0.2
"s4","s1",6.22326288177047,2,300,0.2
"s4","s1",6.46885829100258,2,300,0.2
"s4","s1",6.6828872348547,2,300,0.2
"s4","s1",7.09385079213811,2,300,0.2
"s4","s1",7.39894241763517,2,300,0.2
"s4","s1",6.30972381515227,2,300,0.2
"s4","s1",6.81463191007275,2,300,0.2
"s4","s1",6.87539875100833,2,300,0.2
"s4","s1",6.77646043276998,2,300,0.2
"s4","s1",6.91627482551874,2,300,0.2
"s4","s1",6.4410107599375,2,300,0.2
"s4","s1",6.56369683470024,2,300,0.2
"s4","s1",7.18691371247384,2,300,0.2
"s4","s1",6.72627689751716,2,300,0.2
"s4","s1",6.69700360973949,2,300,0.2
"s4","s1",6.72623381449277,2,300,0.2
"s4","s1",6.79265855832026,2,300,0.2
"s4","s1",6.75983138795261,2,300,0.2
"s4","s1",6.7285955068041,2,300,0.2
"s4","s1",7.00963530520339,2,300,0.2
"s4","s1",6.14751542927997,2,300,0.2
"s4","s1",6.48973748708102,2,300,0.2
"s4","s1",6.53637818441015,2,300,0.2
"s4","s1",6.59667066530942,2,300,0.2
"s4","s1",6.68414886848068,2,300,0.2
"s4","s1",6.61563247722931,2,300,0.2
"s4","s1",6.75207184284596,2,300,0.2
"s4","s1",7.19191785643005,2,300,0.2
"s4","s1",6.84188052067796,2,300,0.2
"s4","s1",6.93649329912404,2,300,0.2
"s4","s1",7.06277157565086,2,300,0.2
"s4","s1",6.58042061916301,2,300,0.2
"s4","s1",6.96333723332067,2,300,0.2
"s4","s1",7.00845066687876,2,300,0.2
"s4","s1",6.59422947993157,2,300,0.2
"s4","s1",7.01895335641294,2,300,0.2
"s4","s1",7.03589522883439,2,300,0.2
"s4","s1",6.90167977271193,2,300,0.2
"s4","s1",6.92434038097085,2,300,0.2
"s4","s1",6.94802563407225,2,300,0.2
"s4","s1",6.68503392514246,2,300,0.2
"s4","s1",6.66964978411769,2,300,0.2
"s4","s1",7.03991146573562,2,300,0.2
"s4","s1",6.49525064963893,2,300,0.2
"s4","s1",6.96211706381954,2,300,0.2
"s4","s1",7.18085339584925,2,300,0.2
"s4","s1",6.51294094549846,2,300,0.2
"s4","s1",6.89547588921616,2,300,0.2
"s4","s1",6.71012421883759,2,300,0.2
"s4","s1",6.63146853053709,2,300,0.2
"s4","s1",6.62941310966913,2,300,0.2
"s4","s1",6.83095379051949,2,300,0.2
"s4","s1",6.8855280799167,2,300,0.2
"s4","s1",6.48394966996501,2,300,0.2
"s4","s1",7.14556024148119,2,300,0.2
"s4","s1",6.91302490911832,2,300,0.2
"s4","s1",6.66931165002252,2,300,0.2
"s4","s1",6.41680403885192,2,300,0.2
"s4","s1",6.59964402671907,2,300,0.2
"s4","s1",6.61667730216965,2,300,0.2
"s4","s1",6.68783582133,2,300,0.2
"s4","s1",6.86441470187077,2,300,0.2
"s4","s1",7.18813988163785,2,300,0.2
"s4","s1",6.44893755895149,2,300,0.2
"s4","s1",6.13723355734717,2,300,0.2
"s4","s1",6.90281188605167,2,300,0.2
"s4","s1",6.54360421237917,2,300,0.2
"s4","s1",6.52825316025481,2,300,0.2
"s4","s1",6.58170650199793,2,300,0.2
"s4","s1",6.75295080215103,2,300,0.2
"s4","s1",6.57318883084321,2,300,0.2
"s4","s1",6.2568800609605,2,300,0.2
"s4","s1",6.78363838588706,2,300,0.2
"s4","s1",6.93588190736236,2,300,0.2
"s4","s1",7.44127273113548,2,300,0.2
"s4","s1",7.13849823906862,2,300,0.2
"s4","s1",6.70149616851384,2,300,0.2
"s4","s1",6.61860754591464,2,300,0.2
"s4","s1",7.06296878455202,2,300,0.2
"s4","s1",6.60255987821187,2,300,0.2
"s4","s1",6.71977645258531,2,300,0.2
"s4","s1",6.50772834604636,2,300,0.2
"s4","s1",6.686707854048,2,300,0.2
"s4","s1",6.89956012937308,2,300,0.2
"s4","s1",6.54814544793922,2,300,0.2
"s4","s1",6.20958402734453,2,300,0.2
"s4","s1",6.59573410582512,2,300,0.2
"s4","s1",6.35945828423785,2,300,0.2
"s4","s1",6.97669313663989,2,300,0.2
"s4","s1",7.14836271936336,2,300,0.2
"s4","s1",6.35159744128555,2,300,0.2
"s4","s1",6.88767533833997,2,300,0.2
"s4","s1",6.7061242708063,2,300,0.2
"s4","s1",6.7712311810756,2,300,0.2
"s4","s1",6.65113260462749,2,300,0.2
"s4","s1",7.20067334112089,2,300,0.2
"s4","s1",6.32317463837715,2,300,0.2
"s4","s1",6.46784167907265,2,300,0.2
"s4","s1",6.3078702168231,2,300,0.2
"s4","s1",6.97603079355261,2,300,0.2
"s4","s1",7.03512786151265,2,300,0.2
"s4","s1",6.5142071186462,2,300,0.2
"s4","s1",6.73092199984799,2,300,0.2
"s4","s1",6.7988576793807,2,300,0.2
"s4","s1",6.65561600673684,2,300,0.2
"s4","s1",7.45819229550385,2,300,0.2
"s4","s1",6.5920372136565,2,300,0.2
"s4","s1",7.02588884533085,2,300,0.2
"s4","s1",6.71936655038971,2,300,0.2
"s4","s1",7.28723298243282,2,300,0.2
"s4","s1",6.48599078981246,2,300,0.2
"s4","s1",6.26870470849312,2,300,0.2
"s4","s1",6.56896549007371,2,300,0.2
"s4","s1",6.68695709150177,2,300,0.2
"s4","s1",7.34643183105214,2,300,0.2
"s4","s1",6.96362095295885,2,300,0.2
"s4","s1",6.55853418846328,2,300,0.2
"s4","s1",6.00514036593638,2,300,0.2
"s4","s1",6.77308295576728,2,300,0.2
"s4","s1",6.41050006462738,2,300,0.2
"s4","s1",7.09651511905894,2,300,0.2
"s4","s1",7.12285052563569,2,300,0.2
"s4","s1",6.85891880875156,2,300,0.2
"s4","s1",6.38890401242128,2,300,0.2
"s4","s1",6.84160531087461,2,300,0.2
"s4","s1",7.1892512216937,2,300,0.2
"s4","s1",6.7653896121404,2,300,0.2
"s4","s1",6.79947306473281,2,300,0.2
"s4","s1",6.65058955373487,2,300,0.2
"s4","s1",6.33172931365114,2,300,0.2
"s4","s1",6.683318056274,2,300,0.2
"s4","s1",6.78840933666942,2,300,0.2
"s4","s1",7.00173840177481,2,300,0.2
"s4","s1",7.41681589295586,2,300,0.2
"s4","s1",6.94150308862688,2,300,0.2
"s4","s1",7.39897114327534,2,300,0.2
"s4","s1",7.09316594870981,2,300,0.2
"s4","s1",7.71758172255048,2,300,0.2
"s4","s1",7.01591329978356,2,300,0.2
"s4","s1",6.96609872223681,2,300,0.2
"s4","s1",6.31027188886517,2,300,0.2
"s4","s1",6.88493612324982,2,300,0.2
"s4","s1",6.17554016632226,2,300,0.2
"s4","s1",6.49995672592043,2,300,0.2
"s4","s1",6.88893811586944,2,300,0.2
"s4","s1",6.59650433726758,2,300,0.2
"s4","s1",6.54030195494052,2,300,0.2
"s4","s1",6.42362450585723,2,300,0.2
"s4","s1",6.38890401242128,2,300,0.2
"s4","s1",7.37392646503047,2,300,0.2
"s4","s1",6.53070247566185,2,300,0.2
"s4","s1",7.07086361807964,2,300,0.2
"s4","s1",7.53434124403958,2,300,0.2
"s4","s1",7.06414265557612,2,300,0.2
"s4","s1",6.57403593516327,2,300,0.2
"s4","s1",6.5349095502573,2,300,0.2
"s4","s1",6.92760143927336,2,300,0.2
"s4","s1",7.3213210349473,2,300,0.2
"s4","s1",6.85399347876292,2,300,0.2
"s4","s1",6.75014612491287,2,300,0.2
"s4","s1",6.96675280164322,2,300,0.2
"s4","s1",6.97127661570533,2,300,0.2
"s4","s1",6.56713660555204,2,300,0.2
"s4","s1",7.16098207399568,2,300,0.2
"s4","s1",7.01433856817638,2,300,0.2
"s4","s1",6.68450010431852,2,300,0.2
"s4","s1",6.86435211768801,2,300,0.2
"s4","s1",7.05147566333122,2,300,0.2
"s4","s1",6.59943711993503,2,300,0.2
"s4","s1",7.20121561466662,2,300,0.2
"s4","s1",6.21044704968909,2,300,0.2
"s4","s1",6.20842187307834,2,300,0.2
"s4","s1",6.95364137862484,2,300,0.2
"s4","s1",6.84018275464224,2,300,0.2
"s4","s1",6.86933107150713,2,300,0.2
"s4","s1",7.23037211296371,2,300,0.2
"s4","s1",6.69323931277188,2,300,0.2
"s4","s1",7.28048196675084,2,300,0.2
"s4","s1",7.24126549871598,2,300,0.2
"s4","s1",6.66531190117927,2,300,0.2
"s4","s1",6.94348717917889,2,300,0.2
"s4","s1",6.60245851827955,2,300,0.2
"s4","s1",7.04969167614323,2,300,0.2
"s4","s1",6.36468972602198,2,300,0.2
"s4","s1",7.15344174942186,2,300,0.2
"s4","s1",6.69825905482206,2,300,0.2
"s4","s1",6.26547855865604,2,300,0.2
"s4","s1",7.05165929292639,2,300,0.2
"s4","s1",7.09854569053567,2,300,0.2
"s4","s1",6.57990928883079,2,300,0.2
"s4","s1",6.57341292170707,2,300,0.2
"s4","s1",6.8469005876286,2,300,0.2
"s4","s1",6.76979150970929,2,300,0.2
"s4","s1",6.6408084659368,2,300,0.2
"s4","s1",6.93465508512664,2,300,0.2
"s4","s1",6.87930867986422,2,300,0.2
"s4","s1",6.64175683090661,2,300,0.2
"s4","s1",6.90844086046542,2,300,0.2
"s4","s1",6.9849470335206,2,300,0.2
"s4","s1",6.46493158130635,2,300,0.2
"s4","s1",6.84458162159774,2,300,0.2
"s4","s1",6.60331904749671,2,300,0.2
"s4","s1",6.75939940017871,2,300,0.2
"s4","s1",6.65571443832424,2,300,0.2
"s4","s1",6.54750475004,2,300,0.2
"s4","s1",6.60254375163967,2,300,0.2
"s4","s1",6.74014319617844,2,300,0.2
"s4","s1",6.47032241712996,2,300,0.2
"s4","s1",6.87059484030792,2,300,0.2
"s4","s1",6.9407949900901,2,300,0.2
"s4","s1",6.53780492691025,2,300,0.2
"s4","s1",6.4380066995986,2,300,0.2
"s4","s1",6.72852080049987,2,300,0.2
"s4","s1",6.83642585629821,2,300,0.2
"s4","s1",6.85223354275033,2,300,0.2
"s4","s1",6.33458848566862,2,300,0.2
"s4","s1",6.81736637614495,2,300,0.2
"s4","s1",7.02414839971221,2,300,0.2
"s4","s1",6.50804887958219,2,300,0.2
"s4","s1",6.68003233500988,2,300,0.2
"s4","s1",6.86363528362563,2,300,0.2
"s4","s1",7.01076892469919,2,300,0.2
"s4","s1",7.18436237032669,2,300,0.2
"s4","s1",7.44738157741289,2,300,0.2
"s4","s1",6.8352913404066,2,300,0.2
"s4","s1",7.58750357831116,2,300,0.2
"s4","s1",6.73324722163464,2,300,0.2
"s4","s1",7.13925973571327,2,300,0.2
"s4","s1",6.95863116579184,2,300,0.2
"s4","s1",7.02538628347548,2,300,0.2
"s4","s1",6.86432077841867,2,300,0.2
"s4","s1",6.34659739797559,2,300,0.2
"s4","s1",6.51910594767249,2,300,0.2
"s4","s1",6.81523988674713,2,300,0.2
"s4","s1",6.34834813239723,2,300,0.2
"s4","s1",5.92111840162606,2,300,0.2
"s4","s1",6.87188312133146,2,300,0.2
"s4","s1",6.60339767079513,2,300,0.2
"s4","s1",6.52421040035383,2,300,0.2
"s4","s1",7.14142085715216,2,300,0.2
"s4","s1",6.99282553169456,2,300,0.2
"s4","s1",7.41239335188607,2,300,0.2
"s4","s1",7.02761262595883,2,300,0.2
"s4","s1",7.1500912782897,2,300,0.2
"s4","s1",7.2324212474136,2,300,0.2
"s4","s1",6.58874833410249,2,300,0.2
"s4","s1",6.64536391385994,2,300,0.2
"s4","s1",6.62539053711441,2,300,0.2
"s4","s1",7.04274359899537,2,300,0.2
"s4","s1",7.05187735341921,2,300,0.2
"s4","s1",6.70958804378893,2,300,0.2
"s4","s1",6.35810491212914,2,300,0.2
"s4","s1",7.11913978461717,2,300,0.2
"s4","s1",6.75030745425524,2,300,0.2
"s4","s1",6.96609872223681,2,300,0.2
"s4","s1",6.80838789684107,2,300,0.2
"s4","s1",6.91792279519538,2,300,0.2
"s4","s1",6.35435427367597,2,300,0.2
"s4","s1",6.95019064595551,2,300,0.2
"s4","s1",6.85011322511583,2,300,0.2
"s4","s1",6.19446597862979,2,300,0.2
"s4","s1",6.5666944647075,2,300,0.2
"s4","s1",6.96211706381954,2,300,0.2
"s4","s1",6.59126687872492,2,300,0.2
"s4","s1",7.45671681892054,2,300,0.2
"s4","s1",6.39821609778221,2,300,0.2
"s4","s1",6.72694249115206,2,300,0.2
"s4","s1",7.39346354395404,2,300,0.2
"s4","s1",6.3946648784688,2,300,0.2
"s4","s1",6.55248603114642,2,300,0.2
"s4","s1",6.93649329912404,2,300,0.2
"s4","s1",6.8053073967528,2,300,0.2
"s4","s1",6.79196974218442,2,300,0.2
"s4","s1",6.70682579921311,2,300,0.2
"s4","s1",7.12983917893589,2,300,0.2
"s4","s1",7.27988592070781,2,300,0.2
"s4","s1",6.39826544782835,2,300,0.2
"s4","s1",6.62397405199343,2,300,0.2
"s4","s1",6.70847125564798,2,300,0.2
"s4","s1",7.22423378522105,2,300,0.2
"s4","s1",6.69700360973949,2,300,0.2
"s4","s1",6.41050006462738,2,300,0.2
"s4","s1",6.79526860480732,2,300,0.2
"s4","s1",7.14883070925629,2,300,0.2
"s4","s1",7.24494883310314,2,300,0.2
"s4","s1",6.94133359614122,2,300,0.2
"s4","s1",6.75705134902995,2,300,0.2
"s4","s1",7.01591329978356,2,300,0.2
"s4","s1",6.69922642799329,2,300,0.2
"s4","s1",6.29958975964928,2,300,0.2
"s4","s1",6.47251618045856,2,300,0.2
"s4","s1",6.67534224364227,2,300,0.2
"s4","s1",6.72253069051146,2,300,0.2
"s4","s1",6.8094308561368,2,300,0.2
"s4","s1",6.86359429623428,2,300,0.2
"s4","s1",6.8853696159104,2,300,0.2
"s4","s1",6.72617664978647,2,300,0.2
"s4","s1",6.74824529742136,2,300,0.2
"s4","s1",6.89602108723471,2,300,0.2
"s4","s1",6.72694249115206,2,300,0.2
"s4","s1",6.47854366719397,2,300,0.2
"s4","s1",6.84633885312709,2,300,0.2
"s4","s1",6.79157689019377,2,300,0.2
"s4","s1",6.4905552812981,2,300,0.2
"s4","s1",6.83702255464311,2,300,0.2
"s4","s1",7.03991146573562,2,300,0.2
"s4","s1",6.61008021191364,2,300,0.2
"s4","s1",6.53932491205537,2,300,0.2
"s4","s1",6.72399992969345,2,300,0.2
"s4","s1",6.5159399630707,2,300,0.2
"s4","s1",6.48188055649348,2,300,0.2
"s4","s1",6.36529974273604,2,300,0.2
"s4","s1",6.6537075704309,2,300,0.2
"s4","s1",6.4539032040962,2,300,0.2
"s4","s1",6.72623381449277,2,300,0.2
"s4","s1",7.01879092486382,2,300,0.2
"s4","s1",6.72887513882952,2,300,0.2
"s4","s1",7.34259721936428,2,300,0.2
"s4","s1",6.5255480781786,2,300,0.2
"s4","s1",6.69852576166251,2,300,0.2
"s4","s1",6.67730185177143,2,300,0.2
"s4","s1",7.17457494100576,2,300,0.2
"s4","s1",6.63194992584063,2,300,0.2
"s4","s1",7.39701273151616,2,300,0.2
"s4","s1",6.36520129390721,2,300,0.2
"s4","s1",6.9102196334641,2,300,0.2
"s4","s1",6.54814544793922,2,300,0.2
"s4","s1",6.84781979069961,2,300,0.2
"s4","s1",7.16265961851876,2,300,0.2
"s4","s1",6.71207184263767,2,300,0.2
"s4","s1",6.86466178809795,2,300,0.2
"s4","s1",6.31870584507094,2,300,0.2
"s4","s1",6.89573456574442,2,300,0.2
"s4","s1",6.67128628710395,2,300,0.2
"s4","s1",6.53378052975637,2,300,0.2
"s4","s1",7.00015342939425,2,300,0.2
"s4","s1",6.54761123182252,2,300,0.2
"s4","s1",6.35560444587109,2,300,0.2
"s4","s1",7.0367742034292,2,300,0.2
"s4","s1",6.98499393170791,2,300,0.2
"s4","s1",6.61008021191364,2,300,0.2
"s4","s1",6.8469005876286,2,300,0.2
"s4","s1",6.85013650902125,2,300,0.2
"s4","s1",7.09438097715483,2,300,0.2
"s4","s1",7.01432969296184,2,300,0.2
"s4","s1",7.02813063357887,2,300,0.2
"s4","s1",7.3414432743197,2,300,0.2
"s4","s1",7.21934890948793,2,300,0.2
"s4","s1",6.76794930546917,2,300,0.2
"s4","s1",6.31989610900335,2,300,0.2
"s4","s1",6.27021799418986,2,300,0.2
"s4","s1",7.12132440386546,2,300,0.2
"s4","s1",6.49250993687799,2,300,0.2
"s4","s1",6.43944565391356,2,300,0.2
"s4","s1",6.20871286846278,2,300,0.2
"s4","s1",7.14951041996006,2,300,0.2
"s4","s1",6.59371387808673,2,300,0.2
"s4","s1",6.64655077093075,2,300,0.2
"s4","s1",6.93649329912404,2,300,0.2
"s4","s1",6.44138252658184,2,300,0.2
"s4","s1",6.84586248012971,2,300,0.2
"s4","s1",6.69839803372575,2,300,0.2
"s4","s1",6.57557751293332,2,300,0.2
"s4","s1",6.71012421883759,2,300,0.2
"s4","s1",6.98318728746246,2,300,0.2
"s4","s1",6.53696556406766,2,300,0.2
"s4","s1",6.64175683090661,2,300,0.2
"s4","s1",6.32701008015175,2,300,0.2
"s4","s1",6.31736935303934,2,300,0.2
"s4","s1",6.82130411525233,2,300,0.2
"s4","s1",6.79157689019377,2,300,0.2
"s4","s1",6.98380308148499,2,300,0.2
"s4","s1",6.50141714925473,2,300,0.2
"s4","s1",6.30164241113838,2,300,0.2
"s4","s1",6.85634325641618,2,300,0.2
"s4","s1",6.37986665344522,2,300,0.2
"s4","s1",6.78970678394488,2,300,0.2
"s4","s1",7.19836849923662,2,300,0.2
"s4","s1",6.53477811223212,2,300,0.2
"s4","s1",6.61252225833977,2,300,0.2
"s4","s1",7.1585619518512,2,300,0.2
"s4","s1",6.34844423150452,2,300,0.2
"s4","s1",6.66116961226149,2,300,0.2
"s4","s1",6.53310178260775,2,300,0.2
"s4","s1",6.9105665967898,2,300,0.2
"s4","s1",7.00919758455936,2,300,0.2
"s4","s1",6.56931105110476,2,300,0.2
"s4","s1",6.51976934157889,2,300,0.2
"s4","s1",6.77556677167098,2,300,0.2
"s4","s1",6.76367744891053,2,300,0.2
"s4","s1",6.55829748668636,2,300,0.2
"s4","s1",7.03589522883439,2,300,0.2
"s4","s1",6.46708720649096,2,300,0.2
"s4","s1",6.97188591475455,2,300,0.2
"s4","s1",6.75585153568875,2,300,0.2
"s4","s1",6.85165451475841,2,300,0.2
"s4","s1",6.64178471832557,2,300,0.2
"s4","s1",6.48188055649348,2,300,0.2
"s4","s1",6.92715364662331,2,300,0.2
"s4","s1",6.77837993899197,2,300,0.2
"s4","s1",6.83109573238816,2,300,0.2
"s4","s1",6.89445380812669,2,300,0.2
"s4","s1",6.75704943934195,2,300,0.2
"s4","s1",7.01627880414681,2,300,0.2
"s4","s1",6.59804632152981,2,300,0.2
"s4","s1",6.46182531242503,2,300,0.2
"s4","s1",6.95500964865349,2,300,0.2
"s4","s1",6.70581829441755,2,300,0.2
"s4","s1",6.91197390536917,2,300,0.2
"s4","s1",6.5817267114445,2,300,0.2
"s4","s1",6.55628221326519,2,300,0.2
"s4","s1",6.65454640359526,2,300,0.2
"s4","s1",6.81921455879831,2,300,0.2
"s4","s1",6.75382507131934,2,300,0.2
"s4","s1",6.64667155565081,2,300,0.2
"s4","s1",6.37076361060039,2,300,0.2
"s4","s1",6.58504821095543,2,300,0.2
"s4","s1",6.81477297336281,2,300,0.2
"s4","s1",6.53641093896363,2,300,0.2
"s4","s1",6.34360713162922,2,300,0.2
"s4","s1",6.67342545234713,2,300,0.2
"s4","s1",6.67659509485264,2,300,0.2
"s4","s1",6.08354634559714,2,300,0.2
"s4","s1",6.87091353029413,2,300,0.2
"s4","s1",7.0400456083736,2,300,0.2
"s4","s1",6.4619147047184,2,300,0.2
"s4","s1",6.76748033669651,2,300,0.2
"s4","s1",7.47727647307595,2,300,0.2
"s4","s1",6.58506423482513,2,300,0.2
"s4","s1",6.93989467497084,2,300,0.2
"s4","s1",6.91027364009918,2,300,0.2
"s4","s1",7.66367437868928,2,300,0.2
"s4","s1",7.15078523991457,2,300,0.2
"s4","s1",6.98225814204934,2,300,0.2
"s4","s1",6.40879383408887,2,300,0.2
"s4","s1",7.29652365611673,2,300,0.2
"s4","s1",6.78826853724477,2,300,0.2
"s4","s1",6.80000235158064,2,300,0.2
"s4","s1",7.17773468018097,2,300,0.2
"s4","s1",6.56404329085413,2,300,0.2
"s4","s1",6.65888661168597,2,300,0.2
"s4","s1",6.52437072155612,2,300,0.2
"s4","s1",6.56806476397563,2,300,0.2
"s4","s1",6.9382299913368,2,300,0.2
"s4","s1",6.66050192148782,2,300,0.2
"s4","s1",6.64105071095963,2,300,0.2
"s4","s1",6.86711506196677,2,300,0.2
"s4","s1",6.94363052643867,2,300,0.2
"s4","s1",7.03485557844176,2,300,0.2
"s4","s1",6.87594932309113,2,300,0.2
"s4","s1",6.65009528870183,2,300,0.2
"s4","s1",6.84871957467763,2,300,0.2
"s4","s1",7.06238127201982,2,300,0.2
"s4","s1",6.9191339735501,2,300,0.2
"s4","s1",6.79156840370191,2,300,0.2
"s4","s1",6.69881496994569,2,300,0.2
"s4","s1",6.62727463240808,2,300,0.2
"s4","s1",6.82629754459859,2,300,0.2
"s4","s1",6.76748033669651,2,300,0.2
"s4","s1",7.02209401075544,2,300,0.2
"s4","s1",6.68860614830547,2,300,0.2
"s4","s1",7.40296630036802,2,300,0.2
"s4","s1",6.74270879607094,2,300,0.2
"s4","s1",6.90853304069645,2,300,0.2
"s4","s1",6.93191698334194,2,300,0.2
"s4","s1",6.45548086191378,2,300,0.2
"s4","s1",6.76192583021921,2,300,0.2
"s4","s1",7.13941831687674,2,300,0.2
"s4","s1",6.16824563995742,2,300,0.2
"s4","s1",7.08440556234336,2,300,0.2
"s4","s1",6.31829697977503,2,300,0.2
"s4","s1",6.2636059882503,2,300,0.2
"s4","s1",7.02459177643277,2,300,0.2
"s4","s1",6.49191897656874,2,300,0.2
"s4","s1",7.13051619860701,2,300,0.2
"s4","s1",6.48539173868636,2,300,0.2
"s4","s1",6.57715346609448,2,300,0.2
"s4","s1",6.59667066530942,2,300,0.2
"s4","s1",7.23266319364372,2,300,0.2
"s4","s1",6.73567114347706,2,300,0.2
"s4","s1",6.42711256448349,2,300,0.2
"s4","s1",6.68345609413234,2,300,0.2
"s4","s1",6.84274051633301,2,300,0.2
"s4","s1",6.64953705958973,2,300,0.2
"s4","s1",7.24368918929006,2,300,0.2
"s4","s1",6.77952056669377,2,300,0.2
"s4","s1",6.71899855284241,2,300,0.2
"s4","s1",7.05481554841867,2,300,0.2
"s4","s1",6.6830337831393,2,300,0.2
"s4","s1",7.02688103661978,2,300,0.2
"s4","s1",6.86918786072735,2,300,0.2
"s4","s1",6.39619553095591,2,300,0.2
"s4","s1",6.40569130790433,2,300,0.2
"s4","s1",6.55627101016355,2,300,0.2
"s4","s1",6.80674479485904,2,300,0.2
"s4","s1",7.00481662472953,2,300,0.2
"s4","s1",6.71432038049682,2,300,0.2
"s4","s1",7.24039628355998,2,300,0.2
"s4","s1",7.13552113351201,2,300,0.2
"s4","s1",6.82434813742705,2,300,0.2
"s4","s1",6.69885613624542,2,300,0.2
"s4","s1",6.79541746719991,2,300,0.2
"s4","s1",6.32853272629364,2,300,0.2
"s4","s1",7.12238822626795,2,300,0.2
"s4","s1",7.28779179657923,2,300,0.2
"s4","s1",6.77516197552038,2,300,0.2
"s4","s1",6.52245084249458,2,300,0.2
"s4","s1",6.89241503451708,2,300,0.2
"s4","s1",6.38708029005234,2,300,0.2
"s4","s1",6.89754529866039,2,300,0.2
"s4","s1",6.63103190150059,2,300,0.2
"s4","s1",6.59875887639171,2,300,0.2
"s4","s1",6.88002557154971,2,300,0.2
"s4","s1",6.88180654261767,2,300,0.2
"s4","s1",6.30030962809752,2,300,0.2
"s4","s1",6.91799100039316,2,300,0.2
"s4","s1",6.44509614383131,2,300,0.2
"s4","s1",6.64055965848428,2,300,0.2
"s4","s1",6.70859836862872,2,300,0.2
"s4","s1",6.35965705404229,2,300,0.2
"s4","s1",6.88980322723651,2,300,0.2
"s4","s1",6.77575669991596,2,300,0.2
"s4","s1",6.8934082084711,2,300,0.2
"s4","s1",6.45451366320836,2,300,0.2
"s4","s1",6.21876189311081,2,300,0.2
"s4","s1",6.70195397375025,2,300,0.2
"s4","s1",6.53490476960107,2,300,0.2
"s4","s1",6.69731962666479,2,300,0.2
"s4","s1",6.60653877634915,2,300,0.2
"s4","s1",6.74013212798567,2,300,0.2
"s4","s1",6.58214115728425,2,300,0.2
"s4","s1",6.88141306771344,2,300,0.2
"s4","s1",6.59388628461951,2,300,0.2
"s4","s1",7.04928681164144,2,300,0.2
"s4","s1",6.45582562455947,2,300,0.2
"s4","s1",7.1293831402449,2,300,0.2
"s4","s1",6.3896074119897,2,300,0.2
"s4","s1",6.65273734745261,2,300,0.2
"s4","s1",6.67382105872213,2,300,0.2
"s4","s1",6.75363141523692,2,300,0.2
"s4","s1",6.90655339623754,2,300,0.2
"s4","s1",7.11890879622772,2,300,0.2
"s4","s1",7.40634276611664,2,300,0.2
"s4","s1",6.61770418395355,2,300,0.2
"s4","s1",6.13800428637876,2,300,0.2
"s4","s1",6.74385426669835,2,300,0.2
"s4","s1",6.94072476309334,2,300,0.2
"s4","s1",6.92068382846355,2,300,0.2
"s4","s1",6.64055965848428,2,300,0.2
"s4","s1",7.02768416082216,2,300,0.2
"s4","s1",6.68054547521307,2,300,0.2
"s4","s1",7.13186017782611,2,300,0.2
"s4","s1",6.52751369809079,2,300,0.2
"s4","s1",6.52100539364324,2,300,0.2
"s4","s1",7.43268856362825,2,300,0.2
"s4","s1",6.6286153307876,2,300,0.2
"s4","s1",6.35376619464011,2,300,0.2
"s4","s1",6.86698447359998,2,300,0.2
"s4","s1",7.03124113362867,2,300,0.2
"s4","s1",6.90016424737472,2,300,0.2
"s4","s1",7.038986156842,2,300,0.2
"s4","s1",6.79456374952456,2,300,0.2
"s4","s1",6.81390034840631,2,300,0.2
"s4","s1",6.92367149664246,2,300,0.2
"s4","s1",7.12405841676017,2,300,0.2
"s4","s1",6.37140592265704,2,300,0.2
"s4","s1",6.60957287236005,2,300,0.2
"s4","s1",6.41123499145383,2,300,0.2
"s4","s1",6.57318883084321,2,300,0.2
"s4","s1",6.41537972575662,2,300,0.2
"s4","s1",7.03474892855562,2,300,0.2
"s4","s1",6.71881154574427,2,300,0.2
"s4","s1",6.66682628624572,2,300,0.2
"s4","s1",6.95510016859167,2,300,0.2
"s4","s1",7.20594292347056,2,300,0.2
"s4","s1",6.64055965848428,2,300,0.2
"s4","s1",6.44968217757403,2,300,0.2
"s4","s1",6.61367344835813,2,300,0.2
"s4","s1",7.03913713588955,2,300,0.2
"s4","s1",6.85984628573163,2,300,0.2
"s4","s1",6.50936035496751,2,300,0.2
"s4","s1",7.05464879088107,2,300,0.2
"s4","s1",6.51444386427792,2,300,0.2
"s4","s1",6.91497187968643,2,300,0.2
"s4","s1",6.12822220493517,2,300,0.2
"s4","s1",6.75767277733917,2,300,0.2
"s4","s1",7.1369170048854,2,300,0.2
"s4","s1",6.91209687560772,2,300,0.2
"s4","s1",6.66012235610333,2,300,0.2
"s4","s1",6.54385582192563,2,300,0.2
"s4","s1",7.11990511952693,2,300,0.2
"s4","s1",6.53937912109518,2,300,0.2
"s4","s1",7.02122341092774,2,300,0.2
"s4","s1",6.84772151058197,2,300,0.2
"s4","s1",7.30076193655967,2,300,0.2
"s4","s1",6.51529834503867,2,300,0.2
"s4","s1",6.51692106449673,2,300,0.2
"s4","s1",7.13552113351201,2,300,0.2
"s4","s1",6.83083622527807,2,300,0.2
"s4","s1",6.57775609046412,2,300,0.2
"s4","s1",6.34213413889536,2,300,0.2
"s4","s1",6.60630455870947,2,300,0.2
"s4","s1",6.70370342136995,2,300,0.2
"s4","s1",6.46618263082647,2,300,0.2
"s4","s1",6.80412595014627,2,300,0.2
"s4","s1",7.03318777459187,2,300,0.2
"s4","s1",6.78445060884681,2,300,0.2
"s4","s1",6.74821510568059,2,300,0.2
"s4","s1",6.48721278404493,2,300,0.2
"s4","s1",6.74350994606122,2,300,0.2
"s4","s1",6.54647159389646,2,300,0.2
"s4","s1",6.2830896332801,2,300,0.2
"s4","s1",7.46303659273892,2,300,0.2
"s4","s1",7.11929129545592,2,300,0.2
"s4","s1",7.46039411040928,2,300,0.2
"s4","s1",7.02230251624576,2,300,0.2
"s4","s1",7.20501706241942,2,300,0.2
"s4","s1",6.47030256166601,2,300,0.2
"s4","s1",6.960021499726,2,300,0.2
"s4","s1",6.76404969975331,2,300,0.2
"s4","s1",6.72587064442094,2,300,0.2
"s4","s1",6.89885042997332,2,300,0.2
"s4","s1",6.3554788569825,2,300,0.2
"s4","s1",7.01344346557218,2,300,0.2
"s4","s1",7.62804870067805,2,300,0.2
"s4","s1",6.55084005953168,2,300,0.2
"s4","s1",6.98753405208255,2,300,0.2
"s4","s1",6.90010820317242,2,300,0.2
"s4","s1",6.79321363389899,2,300,0.2
"s4","s1",6.77492768859204,2,300,0.2
"s4","s1",6.57232798070002,2,300,0.2
"s4","s1",7.02122341092774,2,300,0.2
"s4","s1",6.54912876371674,2,300,0.2
"s4","s1",6.29021797167164,2,300,0.2
"s4","s1",6.58026743583881,2,300,0.2
"s4","s1",6.76921580710736,2,300,0.2
"s4","s1",6.39182378098489,2,300,0.2
"s4","s1",6.50929889586217,2,300,0.2
"s4","s1",7.14572887889932,2,300,0.2
"s4","s1",6.52332963590887,2,300,0.2
"s4","s1",6.77606514495569,2,300,0.2
"s4","s1",6.45666060932265,2,300,0.2
"s4","s1",6.81527858887216,2,300,0.2
"s4","s1",7.08681303722966,2,300,0.2
"s4","s1",6.60653877634915,2,300,0.2
"s4","s1",6.72580651715893,2,300,0.2
"s4","s1",6.53518529609181,2,300,0.2
"s4","s1",6.52197479203289,2,300,0.2
"s4","s1",6.34521995044726,2,300,0.2
"s4","s1",6.69261277307135,2,300,0.2
"s4","s1",6.6715951534251,2,300,0.2
"s4","s1",6.46148283657586,2,300,0.2
"s4","s1",6.59409239666917,2,300,0.2
"s4","s1",6.80319512574537,2,300,0.2
"s4","s1",6.87407833010073,2,300,0.2
"s4","s1",7.05490975003157,2,300,0.2
"s4","s1",7.35752451037415,2,300,0.2
"s4","s1",6.34524977900574,2,300,0.2
"s4","s1",7.2319405119643,2,300,0.2
"s4","s1",7.01560678809538,2,300,0.2
"s4","s1",7.25334675030291,2,300,0.2
"s4","s1",7.14023088091579,2,300,0.2
"s4","s1",7.18319669143255,2,300,0.2
"s4","s1",6.48959804167498,2,300,0.2
"s4","s1",6.75289668949318,2,300,0.2
"s4","s1",6.86041399287483,2,300,0.2
"s4","s1",6.42653796529441,2,300,0.2
"s4","s1",7.04423979764938,2,300,0.2
"s4","s1",7.57003591723694,2,300,0.2
"s4","s1",6.89818239676787,2,300,0.2
"s4","s1",6.20269312439248,2,300,0.2
"s4","s1",6.63644245429049,2,300,0.2
"s4","s1",6.80341436387278,2,300,0.2
"s4","s1",6.93815866167269,2,300,0.2
"s4","s1",6.86873699238267,2,300,0.2
"s4","s1",7.23924398688885,2,300,0.2
"s4","s1",6.69576901357697,2,300,0.2
"s4","s1",6.63647831607747,2,300,0.2
"s4","s1",6.57318883084321,2,300,0.2
"s4","s1",6.80617842207276,2,300,0.2
"s4","s1",6.65942008756329,2,300,0.2
"s4","s1",7.16298798190911,2,300,0.2
"s4","s1",6.90948898333505,2,300,0.2
"s4","s1",7.53580367214647,2,300,0.2
"s4","s1",7.2149214720033,2,300,0.2
"s4","s1",6.54648836440375,2,300,0.2
"s4","s1",7.34366514401782,2,300,0.2
"s4","s1",6.65624283991944,2,300,0.2
"s4","s1",6.94348717917889,2,300,0.2
"s4","s1",6.40152410067183,2,300,0.2
"s4","s1",7.08681303722966,2,300,0.2
"s4","s1",6.54373325753426,2,300,0.2
"s4","s1",6.88141306771344,2,300,0.2
"s4","s1",6.87481835787911,2,300,0.2
"s4","s1",6.93464295184971,2,300,0.2
"s4","s1",6.41843647831254,2,300,0.2
"s4","s1",6.80674112541742,2,300,0.2
"s4","s1",6.85462118445401,2,300,0.2
"s4","s1",7.1578671304548,2,300,0.2
"s4","s1",6.70581829441755,2,300,0.2
"s4","s1",6.89706051626251,2,300,0.2
"s4","s1",6.42048353258065,2,300,0.2
"s4","s1",7.22977564905891,2,300,0.2
"s4","s1",6.95786921310622,2,300,0.2
"s4","s1",6.37799143838197,2,300,0.2
"s4","s1",6.66683498639025,2,300,0.2
"s4","s1",6.78425450566382,2,300,0.2
"s4","s1",7.02688103661978,2,300,0.2
"s4","s1",6.87616337411913,2,300,0.2
"s4","s1",6.46014798083661,2,300,0.2
"s4","s1",6.47101779806948,2,300,0.2
"s4","s1",6.55948797077046,2,300,0.2
"s4","s1",6.33146340168502,2,300,0.2
"s4","s1",6.48552441467206,2,300,0.2
"s4","s1",6.67382105872213,2,300,0.2
"s4","s1",6.90814836148431,2,300,0.2
"s4","s1",7.16150190873996,2,300,0.2
"s4","s1",6.83989958703799,2,300,0.2
"s4","s1",7.2093879604056,2,300,0.2
"s4","s1",6.88471318714626,2,300,0.2
"s4","s1",6.59601084216878,2,300,0.2
"s4","s1",6.8983864667806,2,300,0.2
"s4","s1",6.7281448268262,2,300,0.2
"s4","s1",6.58170650199793,2,300,0.2
"s4","s1",6.70195397375025,2,300,0.2
"s4","s1",6.95353302063528,2,300,0.2
"s4","s1",6.9187142478338,2,300,0.2
"s4","s1",6.97123015539226,2,300,0.2
"s4","s1",6.48721278404493,2,300,0.2
"s4","s1",7.2737703954332,2,300,0.2
"s4","s1",6.34311252623632,2,300,0.2
"s4","s1",6.86113348941524,2,300,0.2
"s4","s1",6.55141784540998,2,300,0.2
"s4","s1",6.76404969975331,2,300,0.2
"s4","s1",6.91799100039316,2,300,0.2
"s4","s1",6.67167687174111,2,300,0.2
"s4","s1",6.67759957063507,2,300,0.2
"s4","s1",6.82423105426655,2,300,0.2
"s4","s1",6.79916550200004,2,300,0.2
"s4","s1",6.683318056274,2,300,0.2
"s4","s1",6.76673589755791,2,300,0.2
"s4","s1",6.54164720077254,2,300,0.2
"s4","s1",6.77952056669377,2,300,0.2
"s4","s1",6.813244732703,2,300,0.2
"s4","s1",7.06992041030554,2,300,0.2
"s4","s1",6.10034210934244,2,300,0.2
"s4","s1",7.15265685818439,2,300,0.2
"s4","s1",6.65731193364854,2,300,0.2
"s4","s1",6.59191563709079,2,300,0.2
"s4","s1",6.20647125969615,2,300,0.2
"s4","s1",6.5865908309996,2,300,0.2
"s4","s1",6.87369561699307,2,300,0.2
"s4","s1",6.5282596658231,2,300,0.2
"s4","s1",6.64179614356848,2,300,0.2
"s4","s1",6.93084873739798,2,300,0.2
"s4","s1",6.62140346231588,2,300,0.2
"s4","s1",6.37364535301691,2,300,0.2
"s4","s1",6.69882210962,2,300,0.2
"s4","s1",7.35564221620574,2,300,0.2
"s4","s1",6.83127564632315,2,300,0.2
"s4","s1",6.07048000458916,2,300,0.2
"s4","s1",6.44608435338196,2,300,0.2
"s4","s1",6.99467153994297,2,300,0.2
"s4","s1",6.70064474566723,2,300,0.2
"s4","s1",7.16202407022811,2,300,0.2
"s4","s1",7.20872281716885,2,300,0.2
"s4","s1",6.6831803314239,2,300,0.2
"s4","s1",6.5822333190186,2,300,0.2
"s4","s1",7.17949200915042,2,300,0.2
"s4","s1",6.92540017571461,2,300,0.2
"s4","s1",6.98117469210074,2,300,0.2
"s4","s1",6.46472293929752,2,300,0.2
"s4","s1",6.74217048657812,2,300,0.2
"s4","s1",6.58649848880582,2,300,0.2
"s4","s1",6.90117496667477,2,300,0.2
"s4","s1",6.71273445442819,2,300,0.2
"s4","s1",6.96558824228231,2,300,0.2
"s4","s1",6.92575712110735,2,300,0.2
"s4","s1",6.87477799048582,2,300,0.2
"s4","s1",7.08629029605044,2,300,0.2
"s4","s1",7.11867213010305,2,300,0.2
"s4","s1",6.54852113567625,2,300,0.2
"s4","s1",7.43521935573767,2,300,0.2
"s4","s1",7.0677638645408,2,300,0.2
"s4","s1",6.53781659703224,2,300,0.2
"s4","s1",7.22017240662672,2,300,0.2
"s4","s1",7.02342777201329,2,300,0.2
"s4","s1",7.47023673465532,2,300,0.2
"s4","s1",7.09454839497675,2,300,0.2
"s4","s1",6.52800627921377,2,300,0.2
"s4","s1",7.05696649186197,2,300,0.2
"s4","s1",6.90115509829839,2,300,0.2
"s4","s1",7.1578671304548,2,300,0.2
"s4","s1",6.83655595809655,2,300,0.2
"s4","s1",7.04269510780861,2,300,0.2
"s4","s1",6.22986337351404,2,300,0.2
"s4","s1",7.13862204552377,2,300,0.2
"s4","s1",6.55905872048078,2,300,0.2
"s4","s1",7.09716609953213,2,300,0.2
"s4","s1",6.97975745441889,2,300,0.2
"s4","s1",6.25973268282194,2,300,0.2
"s4","s1",6.61518537130064,2,300,0.2
"s4","s1",6.56973114781346,2,300,0.2
"s4","s1",6.95356883096308,2,300,0.2
"s4","s1",6.91177741078133,2,300,0.2
"s4","s1",6.70896282655982,2,300,0.2
"s4","s2",5.17906603955706,2,300,0.2
"s4","s2",5.83975930252731,2,300,0.2
"s4","s2",5.65570072613229,2,300,0.2
"s4","s2",6.04745101901975,2,300,0.2
"s4","s2",5.51774959671766,2,300,0.2
"s4","s2",5.43884851601068,2,300,0.2
"s4","s2",5.47216670421313,2,300,0.2
"s4","s2",5.78547747839954,2,300,0.2
"s4","s2",5.47716809777435,2,300,0.2
"s4","s2",5.74502141959705,2,300,0.2
"s4","s2",5.28467869245668,2,300,0.2
"s4","s2",5.49754019059779,2,300,0.2
"s4","s2",5.63158313917793,2,300,0.2
"s4","s2",5.39082188030195,2,300,0.2
"s4","s2",5.79936024212741,2,300,0.2
"s4","s2",5.63587838355529,2,300,0.2
"s4","s2",5.43192555779808,2,300,0.2
"s4","s2",5.82842569150048,2,300,0.2
"s4","s2",5.52674894837025,2,300,0.2
"s4","s2",5.67948884932158,2,300,0.2
"s4","s2",5.30608808270535,2,300,0.2
"s4","s2",6.42506208642092,2,300,0.2
"s4","s2",5.65570072613229,2,300,0.2
"s4","s2",5.24780144870815,2,300,0.2
"s4","s2",5.75643088879349,2,300,0.2
"s4","s2",5.27017172953163,2,300,0.2
"s4","s2",5.47389666393397,2,300,0.2
"s4","s2",5.29893795568609,2,300,0.2
"s4","s2",5.56368238400797,2,300,0.2
"s4","s2",5.26197424362631,2,300,0.2
"s4","s2",5.72866537180448,2,300,0.2
"s4","s2",5.30608808270535,2,300,0.2
"s4","s2",6.02282940230206,2,300,0.2
"s4","s2",5.68454157225193,2,300,0.2
"s4","s2",5.55966129032674,2,300,0.2
"s4","s2",5.62893934579503,2,300,0.2
"s4","s2",5.51109432283042,2,300,0.2
"s4","s2",5.41469425604359,2,300,0.2
"s4","s2",5.39082188030195,2,300,0.2
"s4","s2",5.91074898306606,2,300,0.2
"s4","s2",5.32955831968519,2,300,0.2
"s4","s2",5.90456236223861,2,300,0.2
"s4","s2",5.75660980249165,2,300,0.2
"s4","s2",5.45686435567481,2,300,0.2
"s4","s2",5.69111594004449,2,300,0.2
"s4","s2",5.82885390657506,2,300,0.2
"s4","s2",6.1510734982629,2,300,0.2
"s4","s2",5.35503779689422,2,300,0.2
"s4","s2",5.55073699371631,2,300,0.2
"s4","s2",5.49815097832658,2,300,0.2
"s4","s2",5.57452939793318,2,300,0.2
"s4","s2",5.59919486657042,2,300,0.2
"s4","s2",5.35921430587193,2,300,0.2
"s4","s2",5.75176431201872,2,300,0.2
"s4","s2",5.58428651377156,2,300,0.2
"s4","s2",5.520667232855,2,300,0.2
"s4","s2",5.44973980728219,2,300,0.2
"s4","s2",6.10709011376241,2,300,0.2
"s4","s2",5.72036243360628,2,300,0.2
"s4","s2",5.46273731082951,2,300,0.2
"s4","s2",5.71077356580645,2,300,0.2
"s4","s2",5.87884698284531,2,300,0.2
"s4","s2",5.50611016429339,2,300,0.2
"s4","s2",5.49195376701471,2,300,0.2
"s4","s2",5.61347442195169,2,300,0.2
"s4","s2",5.88435699036941,2,300,0.2
"s4","s2",6.38687374530872,2,300,0.2
"s4","s2",5.91732006206647,2,300,0.2
"s4","s2",5.45271593671865,2,300,0.2
"s4","s2",5.49279832052218,2,300,0.2
"s4","s2",5.69726009844695,2,300,0.2
"s4","s2",6.20633342566649,2,300,0.2
"s4","s2",5.4378758238972,2,300,0.2
"s4","s2",5.8535060863327,2,300,0.2
"s4","s2",5.70362741676814,2,300,0.2
"s4","s2",5.48901913742966,2,300,0.2
"s4","s2",5.92867878006723,2,300,0.2
"s4","s2",5.527195423569,2,300,0.2
"s4","s2",5.45129945226958,2,300,0.2
"s4","s2",5.42928389259399,2,300,0.2
"s4","s2",5.9425392833879,2,300,0.2
"s4","s2",5.63802471204285,2,300,0.2
"s4","s2",5.36104815494033,2,300,0.2
"s4","s2",5.37875275854909,2,300,0.2
"s4","s2",5.67355945908087,2,300,0.2
"s4","s2",6.00444103287066,2,300,0.2
"s4","s2",6.0416158118349,2,300,0.2
"s4","s2",5.7596792396651,2,300,0.2
"s4","s2",5.79664026438642,2,300,0.2
"s4","s2",5.29444849867176,2,300,0.2
"s4","s2",5.3712177612571,2,300,0.2
"s4","s2",5.46260029523763,2,300,0.2
"s4","s2",6.09932957804025,2,300,0.2
"s4","s2",5.6756401823332,2,300,0.2
"s4","s2",5.64585561761744,2,300,0.2
"s4","s2",5.82239848367809,2,300,0.2
"s4","s2",5.32897835817896,2,300,0.2
"s4","s2",5.21580395988073,2,300,0.2
"s4","s2",5.16104260265757,2,300,0.2
"s4","s2",5.52300180552407,2,300,0.2
"s4","s2",5.22993830330095,2,300,0.2
"s4","s2",5.57466427006318,2,300,0.2
"s4","s2",5.76545912075581,2,300,0.2
"s4","s2",6.00460940024476,2,300,0.2
"s4","s2",5.76816210540782,2,300,0.2
"s4","s2",5.41735605147144,2,300,0.2
"s4","s2",5.62121678641931,2,300,0.2
"s4","s2",6.10213322648474,2,300,0.2
"s4","s2",5.58330651054797,2,300,0.2
"s4","s2",5.47533047730398,2,300,0.2
"s4","s2",6.19860919487603,2,300,0.2
"s4","s2",5.50286159460468,2,300,0.2
"s4","s2",5.92522417400606,2,300,0.2
"s4","s2",5.67418116459243,2,300,0.2
"s4","s2",5.34998982290117,2,300,0.2
"s4","s2",5.87819534531585,2,300,0.2
"s4","s2",6.03185819732369,2,300,0.2
"s4","s2",5.33435872471964,2,300,0.2
"s4","s2",5.72186915665681,2,300,0.2
"s4","s2",5.56024537778662,2,300,0.2
"s4","s2",5.63775190120644,2,300,0.2
"s4","s2",5.72513760406579,2,300,0.2
"s4","s2",5.41407858487258,2,300,0.2
"s4","s2",5.90409412000946,2,300,0.2
"s4","s2",5.73188809225053,2,300,0.2
"s4","s2",5.91109696024204,2,300,0.2
"s4","s2",6.00716158088659,2,300,0.2
"s4","s2",5.54626764886721,2,300,0.2
"s4","s2",5.87892144735487,2,300,0.2
"s4","s2",6.14223870912824,2,300,0.2
"s4","s2",5.72990203431759,2,300,0.2
"s4","s2",5.80423228815377,2,300,0.2
"s4","s2",5.52818234438985,2,300,0.2
"s4","s2",5.91017288284971,2,300,0.2
"s4","s2",5.50807923872708,2,300,0.2
"s4","s2",5.74972070534608,2,300,0.2
"s4","s2",5.59588388191465,2,300,0.2
"s4","s2",5.45818263910598,2,300,0.2
"s4","s2",5.58732092617446,2,300,0.2
"s4","s2",5.4833421828246,2,300,0.2
"s4","s2",5.60638993510545,2,300,0.2
"s4","s2",5.69322337020364,2,300,0.2
"s4","s2",5.69551775653483,2,300,0.2
"s4","s2",5.81546835691576,2,300,0.2
"s4","s2",5.98978097645487,2,300,0.2
"s4","s2",5.48030681362224,2,300,0.2
"s4","s2",5.57126376210427,2,300,0.2
"s4","s2",5.76959330301464,2,300,0.2
"s4","s2",5.86079985449708,2,300,0.2
"s4","s2",5.45461584355732,2,300,0.2
"s4","s2",5.42399131417935,2,300,0.2
"s4","s2",5.49496275177644,2,300,0.2
"s4","s2",5.58843005412741,2,300,0.2
"s4","s2",5.54573380088542,2,300,0.2
"s4","s2",6.18297714149361,2,300,0.2
"s4","s2",5.70333160676731,2,300,0.2
"s4","s2",5.44108445581501,2,300,0.2
"s4","s2",5.47372676443953,2,300,0.2
"s4","s2",5.45535262271568,2,300,0.2
"s4","s2",5.79683212745464,2,300,0.2
"s4","s2",5.54598952548326,2,300,0.2
"s4","s2",5.47887013982098,2,300,0.2
"s4","s2",5.66235539711546,2,300,0.2
"s4","s2",5.61817737220241,2,300,0.2
"s4","s2",5.57453648076653,2,300,0.2
"s4","s2",5.6718315163522,2,300,0.2
"s4","s2",5.46274771273305,2,300,0.2
"s4","s2",5.64904326508412,2,300,0.2
"s4","s2",5.26412104512057,2,300,0.2
"s4","s2",5.67128567726334,2,300,0.2
"s4","s2",6.06211698726855,2,300,0.2
"s4","s2",6.08088757223484,2,300,0.2
"s4","s2",5.51664411440585,2,300,0.2
"s4","s2",5.67418116459243,2,300,0.2
"s4","s2",4.99511847816581,2,300,0.2
"s4","s2",5.29591252321597,2,300,0.2
"s4","s2",5.92810110875788,2,300,0.2
"s4","s2",5.73682866232733,2,300,0.2
"s4","s2",5.5086380457343,2,300,0.2
"s4","s2",6.31464579307325,2,300,0.2
"s4","s2",5.73378263457624,2,300,0.2
"s4","s2",5.74709040368509,2,300,0.2
"s4","s2",5.61592620102473,2,300,0.2
"s4","s2",5.90434532776726,2,300,0.2
"s4","s2",5.72745877613998,2,300,0.2
"s4","s2",6.12506042207148,2,300,0.2
"s4","s2",5.60780262226192,2,300,0.2
"s4","s2",6.10093552045236,2,300,0.2
"s4","s2",5.76153307391459,2,300,0.2
"s4","s2",5.90378684493835,2,300,0.2
"s4","s2",5.89852149886895,2,300,0.2
"s4","s2",5.53149950379968,2,300,0.2
"s4","s2",5.52706108153205,2,300,0.2
"s4","s2",5.85784572026759,2,300,0.2
"s4","s2",5.58537782872385,2,300,0.2
"s4","s2",5.56944595198848,2,300,0.2
"s4","s2",5.32245398374909,2,300,0.2
"s4","s2",5.71140160710629,2,300,0.2
"s4","s2",5.33145416793076,2,300,0.2
"s4","s2",5.93523025642793,2,300,0.2
"s4","s2",5.56030933787244,2,300,0.2
"s4","s2",5.84019622911831,2,300,0.2
"s4","s2",5.62929374912848,2,300,0.2
"s4","s2",5.58738118532179,2,300,0.2
"s4","s2",5.96897649357133,2,300,0.2
"s4","s2",4.97155693658735,2,300,0.2
"s4","s2",5.32788196794863,2,300,0.2
"s4","s2",5.03432625295177,2,300,0.2
"s4","s2",5.87550374902508,2,300,0.2
"s4","s2",5.74949640675834,2,300,0.2
"s4","s2",5.52440890852504,2,300,0.2
"s4","s2",5.56232204659225,2,300,0.2
"s4","s2",6.16139987799237,2,300,0.2
"s4","s2",5.54817425260759,2,300,0.2
"s4","s2",5.48801605271962,2,300,0.2
"s4","s2",5.26549022000887,2,300,0.2
"s4","s2",5.44138237546463,2,300,0.2
"s4","s2",5.4449845211571,2,300,0.2
"s4","s2",5.90746547828796,2,300,0.2
"s4","s2",5.48210601665291,2,300,0.2
"s4","s2",5.62137831412696,2,300,0.2
"s4","s2",5.63426805403839,2,300,0.2
"s4","s2",5.91626693779455,2,300,0.2
"s4","s2",6.23064780704718,2,300,0.2
"s4","s2",6.35162879538808,2,300,0.2
"s4","s2",5.62483072623209,2,300,0.2
"s4","s2",5.49839733899668,2,300,0.2
"s4","s2",5.6265648067444,2,300,0.2
"s4","s2",5.44841951005509,2,300,0.2
"s4","s2",5.37628385064175,2,300,0.2
"s4","s2",5.80739817225201,2,300,0.2
"s4","s2",5.72990203431759,2,300,0.2
"s4","s2",5.88774775026043,2,300,0.2
"s4","s2",5.7936523678005,2,300,0.2
"s4","s2",5.7936523678005,2,300,0.2
"s4","s2",5.22863010201445,2,300,0.2
"s4","s2",5.76929821475017,2,300,0.2
"s4","s2",5.55031600582982,2,300,0.2
"s4","s2",6.00122077530347,2,300,0.2
"s4","s2",5.54149889915281,2,300,0.2
"s4","s2",6.08191808441796,2,300,0.2
"s4","s2",5.35639112799864,2,300,0.2
"s4","s2",5.38544763808253,2,300,0.2
"s4","s2",5.98310629806086,2,300,0.2
"s4","s2",5.5086380457343,2,300,0.2
"s4","s2",5.41554533445435,2,300,0.2
"s4","s2",5.58730101561492,2,300,0.2
"s4","s2",5.51807343346862,2,300,0.2
"s4","s2",5.27209391481787,2,300,0.2
"s4","s2",5.80842177829654,2,300,0.2
"s4","s2",5.70313728117361,2,300,0.2
"s4","s2",5.54064936412924,2,300,0.2
"s4","s2",6.38347174037373,2,300,0.2
"s4","s2",5.60660529819123,2,300,0.2
"s4","s2",5.92799298658572,2,300,0.2
"s4","s2",5.79885505598503,2,300,0.2
"s4","s2",5.81452103747452,2,300,0.2
"s4","s2",5.69321323945184,2,300,0.2
"s4","s2",5.77431578735507,2,300,0.2
"s4","s2",5.86336756714669,2,300,0.2
"s4","s2",5.89823336581554,2,300,0.2
"s4","s2",5.53614123252436,2,300,0.2
"s4","s2",5.79158169360958,2,300,0.2
"s4","s2",5.53909355819112,2,300,0.2
"s4","s2",5.87351717487316,2,300,0.2
"s4","s2",5.81630217754935,2,300,0.2
"s4","s2",5.90037911531163,2,300,0.2
"s4","s2",5.81865440613578,2,300,0.2
"s4","s2",5.81545631972591,2,300,0.2
"s4","s2",5.92210285885089,2,300,0.2
"s4","s2",5.99376497575594,2,300,0.2
"s4","s2",5.70362741676814,2,300,0.2
"s4","s2",5.66742281147202,2,300,0.2
"s4","s2",5.31951412025796,2,300,0.2
"s4","s2",5.87195788695058,2,300,0.2
"s4","s2",5.85709510293491,2,300,0.2
"s4","s2",6.0732969120825,2,300,0.2
"s4","s2",5.60466717567999,2,300,0.2
"s4","s2",5.92171011170173,2,300,0.2
"s4","s2",5.70333399940934,2,300,0.2
"s4","s2",5.83564268488526,2,300,0.2
"s4","s2",5.50093685914331,2,300,0.2
"s4","s2",5.4197940919033,2,300,0.2
"s4","s2",6.15245328387626,2,300,0.2
"s4","s2",5.62055890879793,2,300,0.2
"s4","s2",5.54635568296779,2,300,0.2
"s4","s2",5.21405793983479,2,300,0.2
"s4","s2",6.04487916390892,2,300,0.2
"s4","s2",5.64427634989337,2,300,0.2
"s4","s2",5.63245166808503,2,300,0.2
"s4","s2",5.78032873893211,2,300,0.2
"s4","s2",5.28964354070018,2,300,0.2
"s4","s2",5.22863010201445,2,300,0.2
"s4","s2",5.55529239286885,2,300,0.2
"s4","s2",5.83076539192449,2,300,0.2
"s4","s2",5.84457869835239,2,300,0.2
"s4","s2",5.55116842519502,2,300,0.2
"s4","s2",6.12980811870038,2,300,0.2
"s4","s2",5.85811849300075,2,300,0.2
"s4","s2",5.73378263457624,2,300,0.2
"s4","s2",5.8425958845967,2,300,0.2
"s4","s2",5.97934691750716,2,300,0.2
"s4","s2",5.67722443143597,2,300,0.2
"s4","s2",5.6143270911565,2,300,0.2
"s4","s2",5.97178987979056,2,300,0.2
"s4","s2",5.63093821187786,2,300,0.2
"s4","s2",5.9425392833879,2,300,0.2
"s4","s2",5.93001452898105,2,300,0.2
"s4","s2",5.46049805032752,2,300,0.2
"s4","s2",5.7221712345667,2,300,0.2
"s4","s2",6.5415393545201,2,300,0.2
"s4","s2",5.98131825763139,2,300,0.2
"s4","s2",5.27745194460816,2,300,0.2
"s4","s2",5.54938839871075,2,300,0.2
"s4","s2",5.46478565565116,2,300,0.2
"s4","s2",5.47955152732999,2,300,0.2
"s4","s2",5.74753838568103,2,300,0.2
"s4","s2",5.61950679649418,2,300,0.2
"s4","s2",5.56678711584044,2,300,0.2
"s4","s2",5.49279832052218,2,300,0.2
"s4","s2",5.55575420524283,2,300,0.2
"s4","s2",5.6265648067444,2,300,0.2
"s4","s2",5.55907720286687,2,300,0.2
"s4","s2",5.46068896600787,2,300,0.2
"s4","s2",5.56735999018517,2,300,0.2
"s4","s2",5.55027544786526,2,300,0.2
"s4","s2",5.88847242856433,2,300,0.2
"s4","s2",5.77518077195221,2,300,0.2
"s4","s2",5.41582242251724,2,300,0.2
"s4","s2",5.41651824857117,2,300,0.2
"s4","s2",5.68141997495759,2,300,0.2
"s4","s2",6.04141754798409,2,300,0.2
"s4","s2",5.61078059942162,2,300,0.2
"s4","s2",6.25940494278879,2,300,0.2
"s4","s2",5.6475522929935,2,300,0.2
"s4","s2",5.93409969473396,2,300,0.2
"s4","s2",5.97514316792576,2,300,0.2
"s4","s2",5.61293458521726,2,300,0.2
"s4","s2",5.84690691308149,2,300,0.2
"s4","s2",5.88801204176744,2,300,0.2
"s4","s2",5.64477640373583,2,300,0.2
"s4","s2",5.95963999641786,2,300,0.2
"s4","s2",5.65753632655714,2,300,0.2
"s4","s2",5.88210332911842,2,300,0.2
"s4","s2",6.03347404100307,2,300,0.2
"s4","s2",5.62612887276964,2,300,0.2
"s4","s2",5.77407567468752,2,300,0.2
"s4","s2",5.45263330859226,2,300,0.2
"s4","s2",5.51657443000854,2,300,0.2
"s4","s2",5.61319719049064,2,300,0.2
"s4","s2",5.32526736302907,2,300,0.2
"s4","s2",5.4149739275932,2,300,0.2
"s4","s2",5.54038663387303,2,300,0.2
"s4","s2",5.27829472220637,2,300,0.2
"s4","s2",5.36817528235397,2,300,0.2
"s4","s2",6.17036336224679,2,300,0.2
"s4","s2",5.83804092777786,2,300,0.2
"s4","s2",5.32724226676277,2,300,0.2
"s4","s2",5.77689642008147,2,300,0.2
"s4","s2",5.44118770815307,2,300,0.2
"s4","s2",5.76978443612789,2,300,0.2
"s4","s2",5.75744976884427,2,300,0.2
"s4","s2",5.68049873889311,2,300,0.2
"s4","s2",5.90935042071214,2,300,0.2
"s4","s2",5.66926870951636,2,300,0.2
"s4","s2",5.75438457040479,2,300,0.2
"s4","s2",5.66565410383403,2,300,0.2
"s4","s2",5.77666058307632,2,300,0.2
"s4","s2",5.66702494258004,2,300,0.2
"s4","s2",5.71541803470319,2,300,0.2
"s4","s2",5.77264291323813,2,300,0.2
"s4","s2",5.54719047737102,2,300,0.2
"s4","s2",5.84713321252551,2,300,0.2
"s4","s2",5.32232106303874,2,300,0.2
"s4","s2",5.98206750310822,2,300,0.2
"s4","s2",5.79205755358421,2,300,0.2
"s4","s2",5.37605319746805,2,300,0.2
"s4","s2",5.73378263457624,2,300,0.2
"s4","s2",5.64427634989337,2,300,0.2
"s4","s2",5.52483456559575,2,300,0.2
"s4","s2",5.58803886224662,2,300,0.2
"s4","s2",6.00002765345912,2,300,0.2
"s4","s2",5.7518224127454,2,300,0.2
"s4","s2",6.08967175772273,2,300,0.2
"s4","s2",5.57433628832729,2,300,0.2
"s4","s2",5.87702562256914,2,300,0.2
"s4","s2",5.78879125977149,2,300,0.2
"s4","s2",5.25170988779459,2,300,0.2
"s4","s2",5.66435430217336,2,300,0.2
"s4","s2",5.73714741848468,2,300,0.2
"s4","s2",5.70332921412529,2,300,0.2
"s4","s2",5.89043280885894,2,300,0.2
"s4","s2",4.97513007891489,2,300,0.2
"s4","s2",6.03243402730844,2,300,0.2
"s4","s2",5.73362181045096,2,300,0.2
"s4","s2",5.96456159783682,2,300,0.2
"s4","s2",6.07011039455557,2,300,0.2
"s4","s2",5.55258606779643,2,300,0.2
"s4","s2",5.61670558168655,2,300,0.2
"s4","s2",5.68134894776249,2,300,0.2
"s4","s2",5.53610312742856,2,300,0.2
"s4","s2",5.53614123252436,2,300,0.2
"s4","s2",5.24026873859288,2,300,0.2
"s4","s2",5.57580499620784,2,300,0.2
"s4","s2",5.6429264809992,2,300,0.2
"s4","s2",5.48187962949588,2,300,0.2
"s4","s2",5.47313738882329,2,300,0.2
"s4","s2",5.78446822851151,2,300,0.2
"s4","s2",5.42583485625306,2,300,0.2
"s4","s2",5.58747052372041,2,300,0.2
"s4","s2",5.67366067305525,2,300,0.2
"s4","s2",5.48464534074525,2,300,0.2
"s4","s2",6.01806771705695,2,300,0.2
"s4","s2",5.34206287660059,2,300,0.2
"s4","s2",5.94662522395595,2,300,0.2
"s4","s2",5.84019622911831,2,300,0.2
"s4","s2",6.08012423490785,2,300,0.2
"s4","s2",5.54348642374446,2,300,0.2
"s4","s2",5.55748887875333,2,300,0.2
"s4","s2",5.64475294050447,2,300,0.2
"s4","s2",5.33798626636094,2,300,0.2
"s4","s2",5.61505077106618,2,300,0.2
"s4","s2",5.71764978327121,2,300,0.2
"s4","s2",5.39265792709141,2,300,0.2
"s4","s2",5.24458785828324,2,300,0.2
"s4","s2",5.39843818645073,2,300,0.2
"s4","s2",5.6806808123246,2,300,0.2
"s4","s2",5.42018550289873,2,300,0.2
"s4","s2",5.23401868306258,2,300,0.2
"s4","s2",5.23310545914917,2,300,0.2
"s4","s2",5.85047567846172,2,300,0.2
"s4","s2",5.62893934579503,2,300,0.2
"s4","s2",5.43712631717017,2,300,0.2
"s4","s2",5.70340425684941,2,300,0.2
"s4","s2",5.89991351047178,2,300,0.2
"s4","s2",5.45686435567481,2,300,0.2
"s4","s2",5.93906530696171,2,300,0.2
"s4","s2",5.66132999124852,2,300,0.2
"s4","s2",5.61573727334648,2,300,0.2
"s4","s2",6.02134499464759,2,300,0.2
"s4","s2",5.70977470895371,2,300,0.2
"s4","s2",5.15924107551957,2,300,0.2
"s4","s2",5.64204565586314,2,300,0.2
"s4","s2",5.61581890608855,2,300,0.2
"s4","s2",5.91650700645236,2,300,0.2
"s4","s2",5.65798608551762,2,300,0.2
"s4","s2",5.33458696511912,2,300,0.2
"s4","s2",5.33777688934569,2,300,0.2
"s4","s2",5.62743992349436,2,300,0.2
"s4","s2",5.27451940004838,2,300,0.2
"s4","s2",5.74166349724574,2,300,0.2
"s4","s2",5.99559250767841,2,300,0.2
"s4","s2",5.64612102319245,2,300,0.2
"s4","s2",5.7741211816139,2,300,0.2
"s4","s2",5.63119861007152,2,300,0.2
"s4","s2",5.63617083233148,2,300,0.2
"s4","s2",6.21097120056417,2,300,0.2
"s4","s2",5.80497727267492,2,300,0.2
"s4","s2",5.88316790394717,2,300,0.2
"s4","s2",5.88911694431465,2,300,0.2
"s4","s2",5.63226840524903,2,300,0.2
"s4","s2",5.63301712690253,2,300,0.2
"s4","s2",5.41046180521678,2,300,0.2
"s4","s2",5.84093995197335,2,300,0.2
"s4","s2",5.52642019808963,2,300,0.2
"s4","s2",5.70744447937241,2,300,0.2
"s4","s2",5.42760433461918,2,300,0.2
"s4","s2",5.97839982293356,2,300,0.2
"s4","s2",5.67483944547411,2,300,0.2
"s4","s2",5.57636890945451,2,300,0.2
"s4","s2",5.64686350791643,2,300,0.2
"s4","s2",5.53018536836908,2,300,0.2
"s4","s2",5.32313258964559,2,300,0.2
"s4","s2",5.48107858307036,2,300,0.2
"s4","s2",5.43435338522944,2,300,0.2
"s4","s2",5.76432960401783,2,300,0.2
"s4","s2",5.96293970009865,2,300,0.2
"s4","s2",5.43086945936044,2,300,0.2
"s4","s2",5.46472140325241,2,300,0.2
"s4","s2",5.77689642008147,2,300,0.2
"s4","s2",5.70562465161115,2,300,0.2
"s4","s2",5.7518224127454,2,300,0.2
"s4","s2",5.50093685914331,2,300,0.2
"s4","s2",5.85123556135346,2,300,0.2
"s4","s2",6.3374665179799,2,300,0.2
"s4","s2",5.48285616986594,2,300,0.2
"s4","s2",5.527195423569,2,300,0.2
"s4","s2",5.61174296918119,2,300,0.2
"s4","s2",5.30212572898342,2,300,0.2
"s4","s2",5.62800097087656,2,300,0.2
"s4","s2",5.50311395750774,2,300,0.2
"s4","s2",5.73919303857528,2,300,0.2
"s4","s2",5.1343839753549,2,300,0.2
"s4","s2",5.56903703541795,2,300,0.2
"s4","s2",5.78191498887213,2,300,0.2
"s4","s2",5.81707152718323,2,300,0.2
"s4","s2",5.33798626636094,2,300,0.2
"s4","s2",5.62055890879793,2,300,0.2
"s4","s2",5.29912355290574,2,300,0.2
"s4","s2",5.32490330777509,2,300,0.2
"s4","s2",5.4614472538448,2,300,0.2
"s4","s2",5.64405013788727,2,300,0.2
"s4","s2",5.56060824354757,2,300,0.2
"s4","s2",6.07575635244483,2,300,0.2
"s4","s2",6.14985573646335,2,300,0.2
"s4","s2",5.67573081217162,2,300,0.2
"s4","s2",5.44830968253758,2,300,0.2
"s4","s2",5.6647491923916,2,300,0.2
"s4","s2",5.22906246216165,2,300,0.2
"s4","s2",5.82697303341464,2,300,0.2
"s4","s2",5.7009299059269,2,300,0.2
"s4","s2",5.32034505464135,2,300,0.2
"s4","s2",5.8191971355734,2,300,0.2
"s4","s2",5.86755393013172,2,300,0.2
"s4","s2",5.54272099867927,2,300,0.2
"s4","s2",5.87708742145512,2,300,0.2
"s4","s2",6.02263536154231,2,300,0.2
"s4","s2",5.48149279768147,2,300,0.2
"s4","s2",5.47827317379332,2,300,0.2
"s4","s2",5.52277237727918,2,300,0.2
"s4","s2",6.15598633690044,2,300,0.2
"s4","s2",5.92875155163811,2,300,0.2
"s4","s2",5.7518224127454,2,300,0.2
"s4","s2",5.46273731082951,2,300,0.2
"s4","s2",5.6806808123246,2,300,0.2
"s4","s2",5.6148420946499,2,300,0.2
"s4","s2",5.87060232577534,2,300,0.2
"s4","s2",5.92385857529419,2,300,0.2
"s4","s2",5.84756507089803,2,300,0.2
"s4","s2",5.92598671147589,2,300,0.2
"s4","s2",5.9432822820009,2,300,0.2
"s4","s2",5.70250875525522,2,300,0.2
"s4","s2",5.41984212302471,2,300,0.2
"s4","s2",5.4197940919033,2,300,0.2
"s4","s2",5.96504122508017,2,300,0.2
"s4","s2",5.48324938662982,2,300,0.2
"s4","s2",6.04257560717821,2,300,0.2
"s4","s2",5.7936523678005,2,300,0.2
"s4","s2",5.48546381365587,2,300,0.2
"s4","s2",5.96636537398487,2,300,0.2
"s4","s2",5.48002221620011,2,300,0.2
"s4","s2",6.04081527398471,2,300,0.2
"s4","s2",6.13240907298552,2,300,0.2
"s4","s2",5.79836023798556,2,300,0.2
"s4","s2",5.72896497546381,2,300,0.2
"s4","s2",5.49945454509295,2,300,0.2
"s4","s2",5.94005479436964,2,300,0.2
"s4","s2",5.41661204681749,2,300,0.2
"s4","s2",5.70308068624674,2,300,0.2
"s4","s2",5.59884519863625,2,300,0.2
"s4","s2",5.5656862043511,2,300,0.2
"s4","s2",5.84000458227742,2,300,0.2
"s4","s2",5.72762042709099,2,300,0.2
"s4","s2",5.61846412264288,2,300,0.2
"s4","s2",5.5094520504816,2,300,0.2
"s4","s2",5.21632867236501,2,300,0.2
"s4","s2",5.8321163579688,2,300,0.2
"s4","s2",5.60719373975799,2,300,0.2
"s4","s2",5.87517892613876,2,300,0.2
"s4","s2",5.79218630090852,2,300,0.2
"s4","s2",5.54113429661769,2,300,0.2
"s4","s2",5.20365936636377,2,300,0.2
"s4","s2",5.85322376163583,2,300,0.2
"s4","s2",6.04888826051783,2,300,0.2
"s4","s2",5.5916472697853,2,300,0.2
"s4","s2",5.92514918216256,2,300,0.2
"s4","s2",5.58176912275238,2,300,0.2
"s4","s2",5.67573857904172,2,300,0.2
"s4","s2",5.64643849647597,2,300,0.2
"s4","s2",6.05402514111512,2,300,0.2
"s4","s2",5.19679715413154,2,300,0.2
"s4","s2",5.56024537778662,2,300,0.2
"s4","s2",5.5002814983566,2,300,0.2
"s4","s2",5.95275289924788,2,300,0.2
"s4","s2",5.62990324034099,2,300,0.2
"s4","s2",5.98024642534137,2,300,0.2
"s4","s2",5.86967268659549,2,300,0.2
"s4","s2",5.66555859204124,2,300,0.2
"s4","s2",5.54635568296779,2,300,0.2
"s4","s2",5.33435872471964,2,300,0.2
"s4","s2",6.14420558781626,2,300,0.2
"s4","s2",5.79266312093172,2,300,0.2
"s4","s2",5.60110738619596,2,300,0.2
"s4","s2",5.65500294215437,2,300,0.2
"s4","s2",6.01644010125736,2,300,0.2
"s4","s2",5.80199671067827,2,300,0.2
"s4","s2",6.06692375565942,2,300,0.2
"s4","s2",5.62804162923619,2,300,0.2
"s4","s2",5.3926393421084,2,300,0.2
"s4","s2",5.83186020780084,2,300,0.2
"s4","s2",5.87321789910469,2,300,0.2
"s4","s2",5.67782590176429,2,300,0.2
"s4","s2",5.64903936104531,2,300,0.2
"s4","s2",6.08546102010558,2,300,0.2
"s4","s2",5.03166197508649,2,300,0.2
"s4","s2",5.65692962807867,2,300,0.2
"s4","s2",5.46383122936459,2,300,0.2
"s4","s2",5.36990890090948,2,300,0.2
"s4","s2",5.49018991091237,2,300,0.2
"s4","s2",6.359166419472,2,300,0.2
"s4","s2",5.53144904138179,2,300,0.2
"s4","s2",5.41255994964352,2,300,0.2
"s4","s2",5.87999270538108,2,300,0.2
"s4","s2",5.6263713282199,2,300,0.2
"s4","s2",5.58298637230348,2,300,0.2
"s4","s2",5.86068630862096,2,300,0.2
"s4","s2",5.47230058309766,2,300,0.2
"s4","s2",5.60651720183003,2,300,0.2
"s4","s2",5.5656862043511,2,300,0.2
"s4","s2",5.76619884159323,2,300,0.2
"s4","s2",5.51131230134148,2,300,0.2
"s4","s2",5.63040634806399,2,300,0.2
"s4","s2",5.08816605472038,2,300,0.2
"s4","s2",6.11005608227944,2,300,0.2
"s4","s2",5.83205137172688,2,300,0.2
"s4","s2",5.66095568299437,2,300,0.2
"s4","s2",5.05771008269849,2,300,0.2
"s4","s2",5.57087003975958,2,300,0.2
"s4","s2",5.51467459870159,2,300,0.2
"s4","s2",5.91445668387196,2,300,0.2
"s4","s2",5.63920346428054,2,300,0.2
"s4","s2",5.80782248324363,2,300,0.2
"s4","s2",5.50013465293267,2,300,0.2
"s4","s2",5.89478147102801,2,300,0.2
"s4","s2",5.65994730720832,2,300,0.2
"s4","s2",5.49739704851703,2,300,0.2
"s4","s2",4.89788587813042,2,300,0.2
"s4","s2",5.51375725269524,2,300,0.2
"s4","s2",5.72858200039022,2,300,0.2
"s4","s2",6.00357686016248,2,300,0.2
"s4","s2",6.04962487681433,2,300,0.2
"s4","s2",5.96846257666319,2,300,0.2
"s4","s2",6.07860914404506,2,300,0.2
"s4","s2",5.42271019729066,2,300,0.2
"s4","s2",5.92366998486236,2,300,0.2
"s4","s2",5.57851869462596,2,300,0.2
"s4","s2",5.86967268659549,2,300,0.2
"s4","s2",6.19807806103112,2,300,0.2
"s4","s2",6.26553131073046,2,300,0.2
"s4","s2",5.83848974710337,2,300,0.2
"s4","s2",5.77219933068679,2,300,0.2
"s4","s2",5.58225413409582,2,300,0.2
"s4","s2",5.52483456559575,2,300,0.2
"s4","s2",5.92923633708321,2,300,0.2
"s4","s2",5.84732736359388,2,300,0.2
"s4","s2",5.68390262380465,2,300,0.2
"s4","s2",5.58380272242691,2,300,0.2
"s4","s2",5.30952227375724,2,300,0.2
"s4","s2",5.67237132456543,2,300,0.2
"s4","s2",6.05425859865445,2,300,0.2
"s4","s2",5.32988767085281,2,300,0.2
"s4","s2",5.35313093577152,2,300,0.2
"s4","s2",5.46091747716088,2,300,0.2
"s4","s2",5.78855447458687,2,300,0.2
"s4","s2",5.40389685291091,2,300,0.2
"s4","s2",6.25302164027232,2,300,0.2
"s4","s2",6.12846118841701,2,300,0.2
"s4","s2",5.22839689968764,2,300,0.2
"s4","s2",5.55212959873785,2,300,0.2
"s4","s2",6.48933109156147,2,300,0.2
"s4","s2",5.6265648067444,2,300,0.2
"s4","s2",5.7875750071054,2,300,0.2
"s4","s2",5.55064411565043,2,300,0.2
"s4","s2",5.34395867950025,2,300,0.2
"s4","s2",5.96409150539461,2,300,0.2
"s4","s2",5.73700467715431,2,300,0.2
"s4","s2",5.6674791832238,2,300,0.2
"s4","s2",5.56533425966273,2,300,0.2
"s4","s2",5.43931241373065,2,300,0.2
"s4","s2",6.1530688559529,2,300,0.2
"s4","s2",5.87999270538108,2,300,0.2
"s4","s2",5.78305209832786,2,300,0.2
"s4","s2",5.54511337444253,2,300,0.2
"s4","s2",5.33201131615063,2,300,0.2
"s4","s2",5.47382686993467,2,300,0.2
"s4","s2",5.82971217345568,2,300,0.2
"s4","s2",6.01229758304461,2,300,0.2
"s4","s2",5.44307018899234,2,300,0.2
"s4","s2",5.66657821143215,2,300,0.2
"s4","s2",5.74911933094727,2,300,0.2
"s4","s2",6.08249159349938,2,300,0.2
"s4","s2",5.56024537778662,2,300,0.2
"s4","s2",5.65692962807867,2,300,0.2
"s4","s2",5.74050271860347,2,300,0.2
"s4","s2",5.61938732131506,2,300,0.2
"s4","s2",5.39041196052068,2,300,0.2
"s4","s2",5.54992548482318,2,300,0.2
"s4","s2",5.527195423569,2,300,0.2
"s4","s2",6.1602091400751,2,300,0.2
"s4","s2",6.03821490840073,2,300,0.2
"s4","s2",5.43712718315408,2,300,0.2
"s4","s2",5.42715128708259,2,300,0.2
"s4","s2",5.90918494607979,2,300,0.2
"s4","s2",5.63338822545023,2,300,0.2
"s4","s2",5.8541901898227,2,300,0.2
"s4","s2",5.63697611655432,2,300,0.2
"s4","s2",5.57156841342878,2,300,0.2
"s4","s2",5.60376067110677,2,300,0.2
"s4","s2",5.25798635765139,2,300,0.2
"s4","s2",5.21734629235971,2,300,0.2
"s4","s2",5.77431578735507,2,300,0.2
"s4","s2",5.55892889861022,2,300,0.2
"s4","s2",5.66715078780175,2,300,0.2
"s4","s2",5.48337143997653,2,300,0.2
"s4","s2",5.53918192438201,2,300,0.2
"s4","s2",6.43697777913764,2,300,0.2
"s4","s2",5.29854480169875,2,300,0.2
"s4","s2",5.48993047583423,2,300,0.2
"s4","s2",6.0578508078834,2,300,0.2
"s4","s2",5.41496697036456,2,300,0.2
"s4","s2",5.32845064210116,2,300,0.2
"s4","s2",5.76855447628527,2,300,0.2
"s4","s2",5.72273053043085,2,300,0.2
"s4","s2",6.02521547670681,2,300,0.2
"s4","s2",5.42715128708259,2,300,0.2
"s4","s2",5.59778221206864,2,300,0.2
"s4","s2",5.61293458521726,2,300,0.2
"s4","s2",5.88665198163076,2,300,0.2
"s4","s2",5.99422171280869,2,300,0.2
"s4","s2",5.51524703900427,2,300,0.2
"s4","s2",5.59279476887208,2,300,0.2
"s4","s2",5.83702654334979,2,300,0.2
"s4","s2",5.72282353714867,2,300,0.2
"s4","s2",5.73354262720143,2,300,0.2
"s4","s2",5.52081625324571,2,300,0.2
"s4","s2",5.54649715745326,2,300,0.2
"s4","s2",5.61554834566823,2,300,0.2
"s4","s2",6.01373348294993,2,300,0.2
"s4","s2",5.4909299567456,2,300,0.2
"s4","s2",5.61003822375874,2,300,0.2
"s4","s2",5.57594632378596,2,300,0.2
"s4","s2",5.51601138629664,2,300,0.2
"s4","s2",5.54109634209966,2,300,0.2
"s4","s2",5.39374134408472,2,300,0.2
"s4","s2",5.52281985606003,2,300,0.2
"s4","s2",5.36424750086459,2,300,0.2
"s4","s2",5.49478851452955,2,300,0.2
"s4","s2",5.83510348512588,2,300,0.2
"s4","s2",5.39175757784987,2,300,0.2
"s4","s2",5.62963964274098,2,300,0.2
"s4","s2",5.631969586587,2,300,0.2
"s4","s2",6.02567077648268,2,300,0.2
"s4","s2",5.34573975712385,2,300,0.2
"s4","s2",5.61805362723308,2,300,0.2
"s4","s2",5.5263576673763,2,300,0.2
"s4","s2",5.54864033525122,2,300,0.2
"s4","s2",5.46127847203235,2,300,0.2
"s4","s2",5.61554834566823,2,300,0.2
"s4","s2",5.70528647577453,2,300,0.2
"s4","s2",5.89807062193938,2,300,0.2
"s4","s2",5.41103426364769,2,300,0.2
"s4","s2",5.98103884549825,2,300,0.2
"s4","s2",5.76587632334841,2,300,0.2
"s4","s2",5.62446297946873,2,300,0.2
"s4","s2",5.6265648067444,2,300,0.2
"s4","s2",5.63432717740541,2,300,0.2
"s4","s2",5.64512224791092,2,300,0.2
"s4","s2",5.95535904661051,2,300,0.2
"s4","s2",5.87834858608698,2,300,0.2
"s4","s2",5.19804192069876,2,300,0.2
"s4","s2",5.62436614049713,2,300,0.2
"s4","s2",5.94483239187498,2,300,0.2
"s4","s2",5.47564025021507,2,300,0.2
"s4","s2",5.25987549573551,2,300,0.2
"s4","s2",5.19339243983177,2,300,0.2
"s4","s2",5.79782453923939,2,300,0.2
"s4","s2",5.34624984646244,2,300,0.2
"s4","s2",5.79644783091385,2,300,0.2
"s4","s2",6.06556661499909,2,300,0.2
"s4","s2",6.06832919461713,2,300,0.2
"s4","s2",5.60809527351506,2,300,0.2
"s4","s2",5.81458307920953,2,300,0.2
"s4","s2",5.41651824857117,2,300,0.2
"s4","s2",5.78907631675472,2,300,0.2
"s4","s2",5.75392763835936,2,300,0.2
"s4","s2",5.68454157225193,2,300,0.2
"s4","s2",5.02978492006367,2,300,0.2
"s4","s2",5.53799377529786,2,300,0.2
"s4","s2",5.92412831745341,2,300,0.2
"s4","s2",5.52380347143747,2,300,0.2
"s4","s2",6.02505674384128,2,300,0.2
"s4","s2",5.83186020780084,2,300,0.2
"s4","s2",5.61418307521521,2,300,0.2
"s4","s2",5.99376497575594,2,300,0.2
"s4","s2",5.58738118532179,2,300,0.2
"s4","s2",5.44212797776875,2,300,0.2
"s4","s2",5.4652666345911,2,300,0.2
"s4","s2",5.64558112014155,2,300,0.2
"s4","s2",5.91742898444937,2,300,0.2
"s4","s2",5.8863228070745,2,300,0.2
"s4","s2",5.46078879293971,2,300,0.2
"s4","s2",5.96086221029769,2,300,0.2
"s4","s2",6.00995813766301,2,300,0.2
"s4","s2",5.37711801965423,2,300,0.2
"s4","s2",5.44238041630386,2,300,0.2
"s4","s2",5.59987562484069,2,300,0.2
"s4","s2",5.23365535915674,2,300,0.2
"s4","s2",5.62893934579503,2,300,0.2
"s4","s2",5.72422720013627,2,300,0.2
"s4","s2",5.44797866882146,2,300,0.2
"s4","s2",5.44212797776875,2,300,0.2
"s4","s2",5.54528672647953,2,300,0.2
"s4","s2",5.79384983054833,2,300,0.2
"s4","s2",5.48515137632235,2,300,0.2
"s4","s2",5.68290216158027,2,300,0.2
"s4","s2",5.49648057810924,2,300,0.2
"s4","s2",5.37273138614545,2,300,0.2
"s4","s2",5.67945277290278,2,300,0.2
"s4","s2",6.21031119497596,2,300,0.2
"s4","s2",5.70675652003703,2,300,0.2
"s4","s2",5.73711237149566,2,300,0.2
"s4","s2",5.91995664273958,2,300,0.2
"s4","s2",5.71764978327121,2,300,0.2
"s4","s2",5.84056386717796,2,300,0.2
"s4","s2",6.0982256486737,2,300,0.2
"s4","s2",5.83714060599517,2,300,0.2
"s4","s2",5.69361497627807,2,300,0.2
"s4","s2",5.40759582602562,2,300,0.2
"s4","s2",5.95034437008086,2,300,0.2
"s4","s2",6.02321007368091,2,300,0.2
"s4","s2",5.55158208383165,2,300,0.2
"s4","s2",5.83030139982762,2,300,0.2
"s4","s2",5.94341237384151,2,300,0.2
"s4","s2",5.80000583181086,2,300,0.2
"s4","s2",5.89924335208899,2,300,0.2
"s4","s2",5.63426805403839,2,300,0.2
"s4","s2",5.82447490090302,2,300,0.2
"s4","s2",5.67911372480498,2,300,0.2
"s4","s2",5.93971740515821,2,300,0.2
"s4","s2",5.31374837887142,2,300,0.2
"s4","s2",5.47326424237374,2,300,0.2
"s4","s2",5.59952807879155,2,300,0.2
"s4","s2",5.86632188498125,2,300,0.2
"s4","s2",5.76783573104442,2,300,0.2
"s4","s2",5.56411904318215,2,300,0.2
"s4","s2",5.93534398826891,2,300,0.2
"s4","s2",5.94467804832576,2,300,0.2
"s4","s2",5.54183555893688,2,300,0.2
"s4","s2",5.75733226281163,2,300,0.2
"s4","s2",5.39103864599906,2,300,0.2
"s4","s2",5.14932088845435,2,300,0.2
"s4","s2",5.66079807954691,2,300,0.2
"s4","s2",6.00387781471193,2,300,0.2
"s4","s2",5.69092898387245,2,300,0.2
"s4","s2",5.28707049320039,2,300,0.2
"s4","s2",5.34289910604677,2,300,0.2
"s4","s2",5.86122799691631,2,300,0.2
"s4","s2",5.6304038992858,2,300,0.2
"s4","s2",5.35228420947908,2,300,0.2
"s4","s2",5.46215353139263,2,300,0.2
"s4","s2",5.76135567473378,2,300,0.2
"s4","s2",5.72557205439524,2,300,0.2
"s4","s2",5.47230058309766,2,300,0.2
"s4","s2",5.93960266717878,2,300,0.2
"s4","s2",6.01744402979273,2,300,0.2
"s4","s2",5.27141442302334,2,300,0.2
"s4","s2",5.69227198007526,2,300,0.2
"s4","s2",6.06733398128707,2,300,0.2
"s4","s2",5.79806189620979,2,300,0.2
"s4","s2",6.08620090095263,2,300,0.2
"s4","s2",5.54183555893688,2,300,0.2
"s4","s2",5.85488089093369,2,300,0.2
"s4","s2",5.97738655262188,2,300,0.2
"s4","s2",5.56141713555738,2,300,0.2
"s4","s2",5.89121978182865,2,300,0.2
"s4","s2",5.9662850560042,2,300,0.2
"s4","s2",5.547273162317,2,300,0.2
"s4","s2",5.78414279938195,2,300,0.2
"s4","s2",5.46068896600787,2,300,0.2
"s4","s2",5.43712631717017,2,300,0.2
"s4","s2",5.9301727138643,2,300,0.2
"s4","s2",5.73306424581956,2,300,0.2
"s4","s2",5.87948462023465,2,300,0.2
"s4","s2",5.56024537778662,2,300,0.2
"s4","s2",5.44665034210152,2,300,0.2
"s4","s2",5.42583485625306,2,300,0.2
"s4","s2",5.87702562256914,2,300,0.2
"s4","s2",5.41754089614894,2,300,0.2
"s4","s2",5.82528326248773,2,300,0.2
"s4","s2",5.4759717479163,2,300,0.2
"s4","s2",5.50618458518144,2,300,0.2
"s4","s2",5.82120455685114,2,300,0.2
"s4","s2",5.98654527130506,2,300,0.2
"s4","s2",5.47901766717786,2,300,0.2
"s4","s2",5.06641743198638,2,300,0.2
"s4","s2",5.47964269828697,2,300,0.2
"s4","s2",5.78151415557491,2,300,0.2
"s4","s2",5.87351717487316,2,300,0.2
"s4","s2",5.99350460763159,2,300,0.2
"s4","s2",5.81808467673345,2,300,0.2
"s4","s2",5.90297910087697,2,300,0.2
"s4","s2",6.03088851741101,2,300,0.2
"s4","s2",5.66068898288639,2,300,0.2
"s4","s2",5.88801204176744,2,300,0.2
"s4","s2",5.80675910796785,2,300,0.2
"s4","s2",5.88165800824865,2,300,0.2
"s4","s2",5.95099128923857,2,300,0.2
"s4","s2",5.82461124181171,2,300,0.2
"s4","s2",5.41651824857117,2,300,0.2
"s4","s2",5.39571617010253,2,300,0.2
"s4","s2",5.67731330519007,2,300,0.2
"s4","s2",6.05887044425841,2,300,0.2
"s4","s2",5.65895011321202,2,300,0.2
"s4","s2",5.45492935519538,2,300,0.2
"s4","s2",5.84377014358938,2,300,0.2
"s4","s2",5.90199272758527,2,300,0.2
"s4","s2",5.61592620102473,2,300,0.2
"s4","s2",5.63077076029828,2,300,0.2
"s4","s2",5.78634169050915,2,300,0.2
"s4","s2",5.56804397449397,2,300,0.2
"s4","s2",5.68579582684012,2,300,0.2
"s4","s2",5.57630782610929,2,300,0.2
"s4","s2",5.57137459111478,2,300,0.2
"s4","s2",5.27091558117144,2,300,0.2
"s4","s2",5.5950463357259,2,300,0.2
"s4","s2",5.56321859652602,2,300,0.2
"s4","s2",5.4249222116903,2,300,0.2
"s4","s2",5.33514909404084,2,300,0.2
"s4","s2",5.29567529530084,2,300,0.2
"s4","s2",5.66715078780175,2,300,0.2
"s4","s2",5.48350653957517,2,300,0.2
"s4","s2",5.99161740725555,2,300,0.2
"s4","s2",5.13359166607223,2,300,0.2
"s4","s2",5.55642289293596,2,300,0.2
"s4","s2",5.68462156904479,2,300,0.2
"s4","s2",5.4634122716544,2,300,0.2
"s4","s2",5.53784893325041,2,300,0.2
"s4","s2",5.52502722432491,2,300,0.2
"s4","s2",5.48350653957517,2,300,0.2
"s4","s2",5.4386099295468,2,300,0.2
"s4","s2",5.89121978182865,2,300,0.2
"s4","s2",5.68579582684012,2,300,0.2
"s4","s2",5.48350653957517,2,300,0.2
"s4","s2",5.70024922532458,2,300,0.2
"s4","s2",5.7681483865262,2,300,0.2
"s4","s2",5.83099229825268,2,300,0.2
"s4","s2",6.30992241992371,2,300,0.2
"s4","s2",5.74510463680071,2,300,0.2
"s4","s2",5.83656078608436,2,300,0.2
"s4","s2",5.60457264875987,2,300,0.2
"s4","s2",5.56218841935051,2,300,0.2
"s4","s2",5.68304448835576,2,300,0.2
"s4","s2",5.68145029457878,2,300,0.2
"s4","s2",5.26855194270217,2,300,0.2
"s4","s2",5.66382731690388,2,300,0.2
"s4","s2",5.30450877099473,2,300,0.2
"s4","s2",5.6836907331685,2,300,0.2
"s4","s2",5.4378758238972,2,300,0.2
"s4","s2",5.60457264875987,2,300,0.2
"s4","s2",5.60055776148404,2,300,0.2
"s4","s2",5.56024537778662,2,300,0.2
"s4","s2",5.99038190073564,2,300,0.2
"s4","s2",5.86726384298963,2,300,0.2
"s4","s2",6.4891890954826,2,300,0.2
"s4","s2",5.35349410969692,2,300,0.2
"s4","s2",6.04457105375455,2,300,0.2
"s4","s2",5.17110658550843,2,300,0.2
"s4","s2",5.69976444680874,2,300,0.2
"s4","s2",5.85335925610063,2,300,0.2
"s4","s2",6.11757098388051,2,300,0.2
"s4","s2",5.98674581101167,2,300,0.2
"s4","s2",5.68649101884471,2,300,0.2
"s4","s2",5.7146389180466,2,300,0.2
"s4","s2",5.34346792313043,2,300,0.2
"s4","s2",5.47478964498265,2,300,0.2
"s4","s2",5.61947875998823,2,300,0.2
"s4","s2",5.54183555893688,2,300,0.2
"s4","s2",5.58618789125013,2,300,0.2
"s4","s2",5.72430091229808,2,300,0.2
"s4","s2",5.75428407806254,2,300,0.2
"s4","s2",5.78831843182943,2,300,0.2
"s4","s2",5.56014373058779,2,300,0.2
"s4","s2",5.82912294708375,2,300,0.2
"s4","s2",6.0396310573022,2,300,0.2
"s4","s2",5.38830892605904,2,300,0.2
"s4","s2",5.29674111715613,2,300,0.2
"s4","s2",5.75445302630459,2,300,0.2
"s4","s2",5.59077521475372,2,300,0.2
"s4","s2",5.67230200263768,2,300,0.2
"s4","s2",5.39575092146158,2,300,0.2
"s4","s2",5.68458157064836,2,300,0.2
"s4","s2",6.02746135662851,2,300,0.2
"s4","s2",5.56361984246807,2,300,0.2
"s4","s2",5.77320174226493,2,300,0.2
"s4","s2",5.62889822431748,2,300,0.2
"s4","s2",5.73868363832997,2,300,0.2
"s4","s2",5.20092886527968,2,300,0.2
"s4","s2",5.51109432283042,2,300,0.2
"s4","s2",5.5050530751733,2,300,0.2
"s4","s2",5.48933004064963,2,300,0.2
"s4","s2",5.53407438966895,2,300,0.2
"s4","s2",5.37544968162928,2,300,0.2
"s4","s2",5.62113871236879,2,300,0.2
"s4","s2",5.35463854822019,2,300,0.2
"s4","s2",5.64334733527007,2,300,0.2
"s4","s2",5.52486746595079,2,300,0.2
"s4","s2",5.6160737964486,2,300,0.2
"s4","s2",5.14052127315141,2,300,0.2
"s4","s2",5.3488784438232,2,300,0.2
"s4","s3",5.55463656272847,2,300,0.2
"s4","s3",6.04184374181474,2,300,0.2
"s4","s3",5.90926421041362,2,300,0.2
"s4","s3",6.06224648322696,2,300,0.2
"s4","s3",6.01329882850513,2,300,0.2
"s4","s3",5.68584035413934,2,300,0.2
"s4","s3",6.10744103139161,2,300,0.2
"s4","s3",5.99001256154024,2,300,0.2
"s4","s3",5.80694594319887,2,300,0.2
"s4","s3",5.95963844936847,2,300,0.2
"s4","s3",5.56581342217746,2,300,0.2
"s4","s3",5.58190506108082,2,300,0.2
"s4","s3",5.80391414020632,2,300,0.2
"s4","s3",6.12444953448669,2,300,0.2
"s4","s3",5.5890600193453,2,300,0.2
"s4","s3",6.31719823832844,2,300,0.2
"s4","s3",5.71333418549726,2,300,0.2
"s4","s3",6.10641942867517,2,300,0.2
"s4","s3",5.50509265595741,2,300,0.2
"s4","s3",5.0752943212041,2,300,0.2
"s4","s3",6.2383283204048,2,300,0.2
"s4","s3",5.67653628826653,2,300,0.2
"s4","s3",5.67771406125534,2,300,0.2
"s4","s3",5.9155190758535,2,300,0.2
"s4","s3",5.89493812225697,2,300,0.2
"s4","s3",6.05398963172991,2,300,0.2
"s4","s3",5.6408956794258,2,300,0.2
"s4","s3",5.89974838169991,2,300,0.2
"s4","s3",5.5126793727521,2,300,0.2
"s4","s3",6.12741612388054,2,300,0.2
"s4","s3",5.5503219370927,2,300,0.2
"s4","s3",6.50620764052831,2,300,0.2
"s4","s3",5.66107228938441,2,300,0.2
"s4","s3",5.8696887043119,2,300,0.2
"s4","s3",6.16298269815994,2,300,0.2
"s4","s3",5.80770228981533,2,300,0.2
"s4","s3",6.08295343898908,2,300,0.2
"s4","s3",5.65738161928583,2,300,0.2
"s4","s3",6.08103266229358,2,300,0.2
"s4","s3",6.04538503590847,2,300,0.2
"s4","s3",5.53782064809853,2,300,0.2
"s4","s3",6.21765935203706,2,300,0.2
"s4","s3",5.84357174160289,2,300,0.2
"s4","s3",6.18805945464197,2,300,0.2
"s4","s3",6.22989388090613,2,300,0.2
"s4","s3",6.12484071583344,2,300,0.2
"s4","s3",5.65691814946793,2,300,0.2
"s4","s3",6.04396858032586,2,300,0.2
"s4","s3",6.33867155326686,2,300,0.2
"s4","s3",5.60851303868036,2,300,0.2
"s4","s3",6.09330517576825,2,300,0.2
"s4","s3",5.79254039022999,2,300,0.2
"s4","s3",5.92364698173532,2,300,0.2
"s4","s3",5.80111575794209,2,300,0.2
"s4","s3",6.25753505307699,2,300,0.2
"s4","s3",5.64704754190387,2,300,0.2
"s4","s3",5.67341593155157,2,300,0.2
"s4","s3",5.85096998203102,2,300,0.2
"s4","s3",5.74797146329112,2,300,0.2
"s4","s3",6.03254429569796,2,300,0.2
"s4","s3",6.23680439325246,2,300,0.2
"s4","s3",5.96365665905288,2,300,0.2
"s4","s3",6.01683768050623,2,300,0.2
"s4","s3",6.00374164557491,2,300,0.2
"s4","s3",5.96332421074829,2,300,0.2
"s4","s3",5.8669279277193,2,300,0.2
"s4","s3",5.72738307372254,2,300,0.2
"s4","s3",5.67497701906899,2,300,0.2
"s4","s3",6.35213699067171,2,300,0.2
"s4","s3",5.7548685558699,2,300,0.2
"s4","s3",5.75948996244892,2,300,0.2
"s4","s3",5.56349634285993,2,300,0.2
"s4","s3",6.24784507149079,2,300,0.2
"s4","s3",6.11795418051256,2,300,0.2
"s4","s3",5.98580574472994,2,300,0.2
"s4","s3",5.72985995739057,2,300,0.2
"s4","s3",5.83861701938243,2,300,0.2
"s4","s3",5.80980784173471,2,300,0.2
"s4","s3",5.75744482274489,2,300,0.2
"s4","s3",5.76923893423043,2,300,0.2
"s4","s3",6.17905439977961,2,300,0.2
"s4","s3",6.07474999934131,2,300,0.2
"s4","s3",5.97097683838558,2,300,0.2
"s4","s3",6.07931331900863,2,300,0.2
"s4","s3",5.61509426447812,2,300,0.2
"s4","s3",5.6614061307598,2,300,0.2
"s4","s3",6.17399828155757,2,300,0.2
"s4","s3",5.8726334601994,2,300,0.2
"s4","s3",6.04384015770648,2,300,0.2
"s4","s3",5.79180848297018,2,300,0.2
"s4","s3",5.82880276875414,2,300,0.2
"s4","s3",5.9008951484418,2,300,0.2
"s4","s3",6.04294594119864,2,300,0.2
"s4","s3",6.14338332458476,2,300,0.2
"s4","s3",5.34436425027805,2,300,0.2
"s4","s3",6.03329792285739,2,300,0.2
"s4","s3",5.7425793365374,2,300,0.2
"s4","s3",5.74503024587322,2,300,0.2
"s4","s3",5.95447040868955,2,300,0.2
"s4","s3",5.7819779089406,2,300,0.2
"s4","s3",6.08147633644816,2,300,0.2
"s4","s3",5.5738936445357,2,300,0.2
"s4","s3",6.12923388011594,2,300,0.2
"s4","s3",6.03036922396993,2,300,0.2
"s4","s3",5.90412500249359,2,300,0.2
"s4","s3",5.81608501958448,2,300,0.2
"s4","s3",5.78125823658004,2,300,0.2
"s4","s3",5.99607049192727,2,300,0.2
"s4","s3",5.74917267336598,2,300,0.2
"s4","s3",5.88470165690094,2,300,0.2
"s4","s3",5.9556026016737,2,300,0.2
"s4","s3",6.22432183978547,2,300,0.2
"s4","s3",6.09035671480777,2,300,0.2
"s4","s3",5.57303169161057,2,300,0.2
"s4","s3",6.0074449767327,2,300,0.2
"s4","s3",5.50941519961125,2,300,0.2
"s4","s3",5.83428404347927,2,300,0.2
"s4","s3",6.25519194467699,2,300,0.2
"s4","s3",5.66165896509668,2,300,0.2
"s4","s3",5.79224941248494,2,300,0.2
"s4","s3",5.84956323595965,2,300,0.2
"s4","s3",5.9850253125933,2,300,0.2
"s4","s3",5.89274278829012,2,300,0.2
"s4","s3",6.1716726654159,2,300,0.2
"s4","s3",6.07179020781433,2,300,0.2
"s4","s3",6.2442320871859,2,300,0.2
"s4","s3",5.27598001148432,2,300,0.2
"s4","s3",5.55088284704394,2,300,0.2
"s4","s3",5.56832432751565,2,300,0.2
"s4","s3",6.33270647239821,2,300,0.2
"s4","s3",6.59129545555653,2,300,0.2
"s4","s3",5.97623943419069,2,300,0.2
"s4","s3",6.00374164557491,2,300,0.2
"s4","s3",5.54501694667218,2,300,0.2
"s4","s3",5.90211231950502,2,300,0.2
"s4","s3",5.67982778029582,2,300,0.2
"s4","s3",5.67074106414279,2,300,0.2
"s4","s3",5.98645814429134,2,300,0.2
"s4","s3",6.07508991248881,2,300,0.2
"s4","s3",5.94744557665867,2,300,0.2
"s4","s3",5.54505430005116,2,300,0.2
"s4","s3",5.93289200457722,2,300,0.2
"s4","s3",6.17152499910657,2,300,0.2
"s4","s3",5.63754367789125,2,300,0.2
"s4","s3",5.8239909840257,2,300,0.2
"s4","s3",6.12484071583344,2,300,0.2
"s4","s3",5.78323691158239,2,300,0.2
"s4","s3",5.77673453162109,2,300,0.2
"s4","s3",6.01621271406747,2,300,0.2
"s4","s3",6.0118896419433,2,300,0.2
"s4","s3",5.71726900328116,2,300,0.2
"s4","s3",6.32671700546373,2,300,0.2
"s4","s3",6.09897475619474,2,300,0.2
"s4","s3",5.82404685207402,2,300,0.2
"s4","s3",5.4435215970386,2,300,0.2
"s4","s3",5.48248454400481,2,300,0.2
"s4","s3",6.12356661395865,2,300,0.2
"s4","s3",6.30389232525771,2,300,0.2
"s4","s3",5.94761315954727,2,300,0.2
"s4","s3",5.95072449851989,2,300,0.2
"s4","s3",5.72422345112534,2,300,0.2
"s4","s3",6.62189679651846,2,300,0.2
"s4","s3",6.02268852219088,2,300,0.2
"s4","s3",5.85402727281165,2,300,0.2
"s4","s3",6.13460865969782,2,300,0.2
"s4","s3",6.47417336691024,2,300,0.2
"s4","s3",5.95213118514356,2,300,0.2
"s4","s3",5.67065529694541,2,300,0.2
"s4","s3",5.94963862774712,2,300,0.2
"s4","s3",5.67738961509414,2,300,0.2
"s4","s3",5.71355438958062,2,300,0.2
"s4","s3",5.88331438564435,2,300,0.2
"s4","s3",5.52227379184114,2,300,0.2
"s4","s3",5.84188362299273,2,300,0.2
"s4","s3",6.44126974565652,2,300,0.2
"s4","s3",6.1279590322136,2,300,0.2
"s4","s3",5.96965893837333,2,300,0.2
"s4","s3",6.10190841437797,2,300,0.2
"s4","s3",5.68297773011346,2,300,0.2
"s4","s3",6.11923728377218,2,300,0.2
"s4","s3",5.89046845930531,2,300,0.2
"s4","s3",5.8005136699429,2,300,0.2
"s4","s3",5.83334141747817,2,300,0.2
"s4","s3",5.42026561486742,2,300,0.2
"s4","s3",5.26953053559458,2,300,0.2
"s4","s3",6.52108401860994,2,300,0.2
"s4","s3",5.63437898512454,2,300,0.2
"s4","s3",5.78125823658004,2,300,0.2
"s4","s3",5.45468318511273,2,300,0.2
"s4","s3",6.29974684497193,2,300,0.2
"s4","s3",5.55243211112781,2,300,0.2
"s4","s3",6.38031865600754,2,300,0.2
"s4","s3",5.79321989357122,2,300,0.2
"s4","s3",5.64062922612655,2,300,0.2
"s4","s3",5.89469923897965,2,300,0.2
"s4","s3",6.00213889725892,2,300,0.2
"s4","s3",5.38062881749614,2,300,0.2
"s4","s3",5.83075658624342,2,300,0.2
"s4","s3",5.72584973611792,2,300,0.2
"s4","s3",5.59694602985869,2,300,0.2
"s4","s3",5.93395089480295,2,300,0.2
"s4","s3",6.19764168144171,2,300,0.2
"s4","s3",5.94020744586714,2,300,0.2
"s4","s3",6.2382719006678,2,300,0.2
"s4","s3",5.86604482253516,2,300,0.2
"s4","s3",5.55338985593326,2,300,0.2
"s4","s3",5.74766233858031,2,300,0.2
"s4","s3",6.0505350705419,2,300,0.2
"s4","s3",5.62586384507915,2,300,0.2
"s4","s3",5.80753939981696,2,300,0.2
"s4","s3",6.01632292227049,2,300,0.2
"s4","s3",5.30184484460949,2,300,0.2
"s4","s3",5.73259806013797,2,300,0.2
"s4","s3",5.54935672590132,2,300,0.2
"s4","s3",6.19813611867124,2,300,0.2
"s4","s3",5.74255570913263,2,300,0.2
"s4","s3",5.79594509863463,2,300,0.2
"s4","s3",6.00062131897727,2,300,0.2
"s4","s3",5.69484059835759,2,300,0.2
"s4","s3",6.37187666535709,2,300,0.2
"s4","s3",6.07678097961531,2,300,0.2
"s4","s3",5.72447813944325,2,300,0.2
"s4","s3",5.75180434769538,2,300,0.2
"s4","s3",5.67738961509414,2,300,0.2
"s4","s3",6.31270373176673,2,300,0.2
"s4","s3",5.74797146329112,2,300,0.2
"s4","s3",5.61075404344812,2,300,0.2
"s4","s3",5.77953134651636,2,300,0.2
"s4","s3",6.09330276367705,2,300,0.2
"s4","s3",6.08689616980688,2,300,0.2
"s4","s3",5.94236658951188,2,300,0.2
"s4","s3",6.06951956100886,2,300,0.2
"s4","s3",6.38190604364447,2,300,0.2
"s4","s3",5.84007647188238,2,300,0.2
"s4","s3",6.31758913226003,2,300,0.2
"s4","s3",5.71376476102529,2,300,0.2
"s4","s3",6.23294173521083,2,300,0.2
"s4","s3",6.00374164557491,2,300,0.2
"s4","s3",5.91317388775565,2,300,0.2
"s4","s3",5.69543428275529,2,300,0.2
"s4","s3",5.96059442265917,2,300,0.2
"s4","s3",5.55435282254012,2,300,0.2
"s4","s3",5.70597357668967,2,300,0.2
"s4","s3",6.01850781237769,2,300,0.2
"s4","s3",5.88940491785118,2,300,0.2
"s4","s3",5.69080942002958,2,300,0.2
"s4","s3",6.24059687870042,2,300,0.2
"s4","s3",5.73673149137129,2,300,0.2
"s4","s3",5.75764358345032,2,300,0.2
"s4","s3",6.01741536732409,2,300,0.2
"s4","s3",5.43179658684772,2,300,0.2
"s4","s3",5.85087797152188,2,300,0.2
"s4","s3",5.97630384255065,2,300,0.2
"s4","s3",5.75125867181259,2,300,0.2
"s4","s3",6.05903909722471,2,300,0.2
"s4","s3",5.51787745380663,2,300,0.2
"s4","s3",5.90612416455187,2,300,0.2
"s4","s3",5.96502527731502,2,300,0.2
"s4","s3",6.03959222286649,2,300,0.2
"s4","s3",5.91884997861446,2,300,0.2
"s4","s3",5.87819006006302,2,300,0.2
"s4","s3",5.83199535795589,2,300,0.2
"s4","s3",5.94364017554539,2,300,0.2
"s4","s3",5.83836834371817,2,300,0.2
"s4","s3",5.62418462587894,2,300,0.2
"s4","s3",5.85255498463252,2,300,0.2
"s4","s3",5.82509364964695,2,300,0.2
"s4","s3",5.9105218509993,2,300,0.2
"s4","s3",6.08758481156895,2,300,0.2
"s4","s3",5.78974061519274,2,300,0.2
"s4","s3",5.67762049992031,2,300,0.2
"s4","s3",5.89012540661164,2,300,0.2
"s4","s3",5.61687801422988,2,300,0.2
"s4","s3",5.52298110331007,2,300,0.2
"s4","s3",5.55999644134653,2,300,0.2
"s4","s3",6.31604596682101,2,300,0.2
"s4","s3",5.70318230468968,2,300,0.2
"s4","s3",5.06247437502422,2,300,0.2
"s4","s3",6.05559584219928,2,300,0.2
"s4","s3",5.82574365957035,2,300,0.2
"s4","s3",5.92542012691777,2,300,0.2
"s4","s3",5.64915975837849,2,300,0.2
"s4","s3",6.01826851470099,2,300,0.2
"s4","s3",6.16672222677785,2,300,0.2
"s4","s3",5.82458462862047,2,300,0.2
"s4","s3",5.99297668609171,2,300,0.2
"s4","s3",5.6692812395101,2,300,0.2
"s4","s3",5.64557196578585,2,300,0.2
"s4","s3",5.45540804637722,2,300,0.2
"s4","s3",6.04184374181474,2,300,0.2
"s4","s3",5.97623943419069,2,300,0.2
"s4","s3",5.51010943865411,2,300,0.2
"s4","s3",6.04006224928361,2,300,0.2
"s4","s3",5.59627675230736,2,300,0.2
"s4","s3",5.77263889736424,2,300,0.2
"s4","s3",5.98725225663857,2,300,0.2
"s4","s3",5.56054365331592,2,300,0.2
"s4","s3",6.12317370290447,2,300,0.2
"s4","s3",5.81935132604332,2,300,0.2
"s4","s3",6.51029569807923,2,300,0.2
"s4","s3",5.9930621978585,2,300,0.2
"s4","s3",6.12317370290447,2,300,0.2
"s4","s3",5.5844234583614,2,300,0.2
"s4","s3",5.90749060131262,2,300,0.2
"s4","s3",5.88474343925597,2,300,0.2
"s4","s3",5.48918477083645,2,300,0.2
"s4","s3",5.66505165926078,2,300,0.2
"s4","s3",5.67376592176829,2,300,0.2
"s4","s3",5.87565592030059,2,300,0.2
"s4","s3",6.26456482968175,2,300,0.2
"s4","s3",5.69081188488906,2,300,0.2
"s4","s3",5.96988185136844,2,300,0.2
"s4","s3",5.44204306168574,2,300,0.2
"s4","s3",6.0948167883729,2,300,0.2
"s4","s3",6.22729693952789,2,300,0.2
"s4","s3",5.73739952970033,2,300,0.2
"s4","s3",6.1700099905753,2,300,0.2
"s4","s3",5.88474343925597,2,300,0.2
"s4","s3",5.7627320103091,2,300,0.2
"s4","s3",5.89056770523769,2,300,0.2
"s4","s3",6.08501193833276,2,300,0.2
"s4","s3",6.26967580179918,2,300,0.2
"s4","s3",5.80872995326524,2,300,0.2
"s4","s3",6.04276656640084,2,300,0.2
"s4","s3",5.7567772292964,2,300,0.2
"s4","s3",5.94965436231615,2,300,0.2
"s4","s3",5.57701209560555,2,300,0.2
"s4","s3",5.98198830692382,2,300,0.2
"s4","s3",6.11980822691914,2,300,0.2
"s4","s3",5.80054041925506,2,300,0.2
"s4","s3",5.84732597807648,2,300,0.2
"s4","s3",6.40932766025604,2,300,0.2
"s4","s3",5.90196494314419,2,300,0.2
"s4","s3",5.82038952538301,2,300,0.2
"s4","s3",5.98193391189193,2,300,0.2
"s4","s3",6.06846882731389,2,300,0.2
"s4","s3",6.02022663882883,2,300,0.2
"s4","s3",5.49414721591472,2,300,0.2
"s4","s3",5.66680734937628,2,300,0.2
"s4","s3",6.38477696776607,2,300,0.2
"s4","s3",5.73986446544571,2,300,0.2
"s4","s3",5.59189498509235,2,300,0.2
"s4","s3",5.97937315713011,2,300,0.2
"s4","s3",5.6557126432279,2,300,0.2
"s4","s3",6.27783172905822,2,300,0.2
"s4","s3",5.73266152800551,2,300,0.2
"s4","s3",5.3072525131825,2,300,0.2
"s4","s3",5.50707682432811,2,300,0.2
"s4","s3",5.8230479313585,2,300,0.2
"s4","s3",5.8166052930963,2,300,0.2
"s4","s3",6.03433873228119,2,300,0.2
"s4","s3",5.82143825761789,2,300,0.2
"s4","s3",6.28784011494287,2,300,0.2
"s4","s3",5.60617478339489,2,300,0.2
"s4","s3",5.48462210221185,2,300,0.2
"s4","s3",6.10390042405666,2,300,0.2
"s4","s3",5.90168333751284,2,300,0.2
"s4","s3",6.35681442834739,2,300,0.2
"s4","s3",5.89177745134106,2,300,0.2
"s4","s3",5.63250758215877,2,300,0.2
"s4","s3",5.92981805229143,2,300,0.2
"s4","s3",5.67781998979951,2,300,0.2
"s4","s3",5.944499370856,2,300,0.2
"s4","s3",5.70674005397751,2,300,0.2
"s4","s3",6.14718159347666,2,300,0.2
"s4","s3",5.62561687019265,2,300,0.2
"s4","s3",5.79235803722377,2,300,0.2
"s4","s3",5.9832313655472,2,300,0.2
"s4","s3",5.89637856433379,2,300,0.2
"s4","s3",5.53720192786611,2,300,0.2
"s4","s3",5.93065572099918,2,300,0.2
"s4","s3",6.10593501190686,2,300,0.2
"s4","s3",6.41962931101276,2,300,0.2
"s4","s3",5.73594274051592,2,300,0.2
"s4","s3",6.27520246586162,2,300,0.2
"s4","s3",6.27872281068844,2,300,0.2
"s4","s3",6.15639016309404,2,300,0.2
"s4","s3",6.3209349181288,2,300,0.2
"s4","s3",5.91858620733605,2,300,0.2
"s4","s3",5.92125744832118,2,300,0.2
"s4","s3",5.46189668601397,2,300,0.2
"s4","s3",6.28312298858737,2,300,0.2
"s4","s3",5.77762186570159,2,300,0.2
"s4","s3",6.20647373631165,2,300,0.2
"s4","s3",6.37742216637334,2,300,0.2
"s4","s3",5.82294515677949,2,300,0.2
"s4","s3",5.60075006963162,2,300,0.2
"s4","s3",5.58182230228547,2,300,0.2
"s4","s3",5.72985995739057,2,300,0.2
"s4","s3",6.0500983838896,2,300,0.2
"s4","s3",6.12075753479236,2,300,0.2
"s4","s3",5.80775021508649,2,300,0.2
"s4","s3",5.60232824206027,2,300,0.2
"s4","s3",6.25080942771045,2,300,0.2
"s4","s3",5.67726989287999,2,300,0.2
"s4","s3",5.74070176328163,2,300,0.2
"s4","s3",6.1279590322136,2,300,0.2
"s4","s3",6.05097175719419,2,300,0.2
"s4","s3",5.91024646748251,2,300,0.2
"s4","s3",6.02068496097093,2,300,0.2
"s4","s3",6.29941455530575,2,300,0.2
"s4","s3",5.94135867883148,2,300,0.2
"s4","s3",5.92147715537952,2,300,0.2
"s4","s3",5.91028244115092,2,300,0.2
"s4","s3",5.70674005397751,2,300,0.2
"s4","s3",6.04656450394305,2,300,0.2
"s4","s3",5.61479405596333,2,300,0.2
"s4","s3",5.69160919029406,2,300,0.2
"s4","s3",6.26043802719579,2,300,0.2
"s4","s3",6.07070700418974,2,300,0.2
"s4","s3",5.71639436981023,2,300,0.2
"s4","s3",5.56672969130352,2,300,0.2
"s4","s3",5.83836834371817,2,300,0.2
"s4","s3",5.96195199548929,2,300,0.2
"s4","s3",5.62291644323506,2,300,0.2
"s4","s3",6.09049162911975,2,300,0.2
"s4","s3",5.9162469981972,2,300,0.2
"s4","s3",5.56804032020261,2,300,0.2
"s4","s3",5.43466682193417,2,300,0.2
"s4","s3",6.13751017272861,2,300,0.2
"s4","s3",6.12148738904409,2,300,0.2
"s4","s3",6.1857450908721,2,300,0.2
"s4","s3",5.76187240526605,2,300,0.2
"s4","s3",5.85934633488898,2,300,0.2
"s4","s3",5.74971959963491,2,300,0.2
"s4","s3",5.76123878215618,2,300,0.2
"s4","s3",5.52383154706217,2,300,0.2
"s4","s3",6.30604816448005,2,300,0.2
"s4","s3",5.85315135112488,2,300,0.2
"s4","s3",5.9118533055277,2,300,0.2
"s4","s3",5.39681195543904,2,300,0.2
"s4","s3",6.26456482968175,2,300,0.2
"s4","s3",5.39774261076172,2,300,0.2
"s4","s3",6.15023214231303,2,300,0.2
"s4","s3",5.78632505176407,2,300,0.2
"s4","s3",5.89375073931312,2,300,0.2
"s4","s3",5.52227379184114,2,300,0.2
"s4","s3",5.61804165408431,2,300,0.2
"s4","s3",5.7920827333844,2,300,0.2
"s4","s3",5.59066887020387,2,300,0.2
"s4","s3",6.16200554927817,2,300,0.2
"s4","s3",5.93118882631303,2,300,0.2
"s4","s3",5.7080393564067,2,300,0.2
"s4","s3",5.83428404347927,2,300,0.2
"s4","s3",5.9420073266227,2,300,0.2
"s4","s3",6.10421177978907,2,300,0.2
"s4","s3",5.5503219370927,2,300,0.2
"s4","s3",5.92563392637445,2,300,0.2
"s4","s3",5.86253746436435,2,300,0.2
"s4","s3",5.56349634285993,2,300,0.2
"s4","s3",5.89157111033667,2,300,0.2
"s4","s3",5.72349599943987,2,300,0.2
"s4","s3",6.12037413183946,2,300,0.2
"s4","s3",5.80542641033603,2,300,0.2
"s4","s3",5.71506494570758,2,300,0.2
"s4","s3",5.86574812249245,2,300,0.2
"s4","s3",5.79075432364688,2,300,0.2
"s4","s3",6.18638641451505,2,300,0.2
"s4","s3",5.75777112421878,2,300,0.2
"s4","s3",5.88840742659278,2,300,0.2
"s4","s3",6.20607074739806,2,300,0.2
"s4","s3",5.66613741372558,2,300,0.2
"s4","s3",6.37927047705432,2,300,0.2
"s4","s3",5.86709123188385,2,300,0.2
"s4","s3",5.87759771505445,2,300,0.2
"s4","s3",5.85577484128152,2,300,0.2
"s4","s3",5.98728478559412,2,300,0.2
"s4","s3",6.01850781237769,2,300,0.2
"s4","s3",5.7899858907419,2,300,0.2
"s4","s3",5.9546376913416,2,300,0.2
"s4","s3",5.94966154853347,2,300,0.2
"s4","s3",6.20209715243151,2,300,0.2
"s4","s3",6.05323572241659,2,300,0.2
"s4","s3",6.2131579790026,2,300,0.2
"s4","s3",5.72141818062761,2,300,0.2
"s4","s3",6.24658086858878,2,300,0.2
"s4","s3",6.04953170105325,2,300,0.2
"s4","s3",5.54562117352624,2,300,0.2
"s4","s3",6.24658086858878,2,300,0.2
"s4","s3",6.53592965800934,2,300,0.2
"s4","s3",5.92860012013176,2,300,0.2
"s4","s3",5.95121036626953,2,300,0.2
"s4","s3",6.07072242562967,2,300,0.2
"s4","s3",6.3532012061027,2,300,0.2
"s4","s3",5.72975796275925,2,300,0.2
"s4","s3",5.76835262784135,2,300,0.2
"s4","s3",5.71884406290246,2,300,0.2
"s4","s3",6.33321225468902,2,300,0.2
"s4","s3",5.48625939159481,2,300,0.2
"s4","s3",5.96065983723982,2,300,0.2
"s4","s3",5.43702306344775,2,300,0.2
"s4","s3",5.65083473365775,2,300,0.2
"s4","s3",5.79519762511719,2,300,0.2
"s4","s3",6.13276248575117,2,300,0.2
"s4","s3",6.4082399484412,2,300,0.2
"s4","s3",6.14325832411761,2,300,0.2
"s4","s3",6.01947657701164,2,300,0.2
"s4","s3",5.8662284156345,2,300,0.2
"s4","s3",6.31023090485706,2,300,0.2
"s4","s3",5.99306056717933,2,300,0.2
"s4","s3",6.07585779654235,2,300,0.2
"s4","s3",6.03118284958969,2,300,0.2
"s4","s3",6.23370241382304,2,300,0.2
"s4","s3",5.36991348836445,2,300,0.2
"s4","s3",5.86253746436435,2,300,0.2
"s4","s3",5.59597170574706,2,300,0.2
"s4","s3",6.05744274410372,2,300,0.2
"s4","s3",5.96898924511014,2,300,0.2
"s4","s3",5.65173755609818,2,300,0.2
"s4","s3",5.87957117562503,2,300,0.2
"s4","s3",5.77848762819492,2,300,0.2
"s4","s3",6.01861894543455,2,300,0.2
"s4","s3",5.72401902122849,2,300,0.2
"s4","s3",5.9242975928004,2,300,0.2
"s4","s3",5.63788071595127,2,300,0.2
"s4","s3",6.08286133117855,2,300,0.2
"s4","s3",5.78063772768897,2,300,0.2
"s4","s3",5.81126784019554,2,300,0.2
"s4","s3",5.81238310199052,2,300,0.2
"s4","s3",6.06677090145765,2,300,0.2
"s4","s3",5.71506494570758,2,300,0.2
"s4","s3",5.6110984604362,2,300,0.2
"s4","s3",5.76835262784135,2,300,0.2
"s4","s3",5.3937267311046,2,300,0.2
"s4","s3",5.96018266535228,2,300,0.2
"s4","s3",5.79163611703249,2,300,0.2
"s4","s3",5.85353944918384,2,300,0.2
"s4","s3",5.69555462657604,2,300,0.2
"s4","s3",5.9171039045069,2,300,0.2
"s4","s3",5.72466086706445,2,300,0.2
"s4","s3",6.30127069172643,2,300,0.2
"s4","s3",5.62820346266254,2,300,0.2
"s4","s3",6.15419281302898,2,300,0.2
"s4","s3",6.16933168124548,2,300,0.2
"s4","s3",5.66424997018305,2,300,0.2
"s4","s3",6.35851352785866,2,300,0.2
"s4","s3",5.85316390142959,2,300,0.2
"s4","s3",5.36280364037628,2,300,0.2
"s4","s3",6.11990074814359,2,300,0.2
"s4","s3",5.94162532172768,2,300,0.2
"s4","s3",5.84586790421932,2,300,0.2
"s4","s3",5.67931741584435,2,300,0.2
"s4","s3",5.70466391865305,2,300,0.2
"s4","s3",6.12484071583344,2,300,0.2
"s4","s3",6.53550726182064,2,300,0.2
"s4","s3",5.77587494019174,2,300,0.2
"s4","s3",6.33867155326686,2,300,0.2
"s4","s3",5.75583726343209,2,300,0.2
"s4","s3",5.86807344229902,2,300,0.2
"s4","s3",5.96446603867369,2,300,0.2
"s4","s3",5.77024858781178,2,300,0.2
"s4","s3",5.97576036743515,2,300,0.2
"s4","s3",5.43041381475473,2,300,0.2
"s4","s3",6.02609838826007,2,300,0.2
"s4","s3",6.03541012700239,2,300,0.2
"s4","s3",6.01977688205417,2,300,0.2
"s4","s3",6.30744577146601,2,300,0.2
"s4","s3",5.98527327420866,2,300,0.2
"s4","s3",6.22421541104895,2,300,0.2
"s4","s3",6.00877247972343,2,300,0.2
"s4","s3",5.66448072674015,2,300,0.2
"s4","s3",6.1298891990611,2,300,0.2
"s4","s3",6.22182697311966,2,300,0.2
"s4","s3",5.99810678130407,2,300,0.2
"s4","s3",5.66505165926078,2,300,0.2
"s4","s3",5.66676349174014,2,300,0.2
"s4","s3",6.27891563495551,2,300,0.2
"s4","s3",6.53484931150388,2,300,0.2
"s4","s3",5.75777112421878,2,300,0.2
"s4","s3",5.85284028002661,2,300,0.2
"s4","s3",5.66615713102104,2,300,0.2
"s4","s3",6.35179074417199,2,300,0.2
"s4","s3",5.8983335527379,2,300,0.2
"s4","s3",5.80862214955432,2,300,0.2
"s4","s3",5.99810678130407,2,300,0.2
"s4","s3",5.78570490553803,2,300,0.2
"s4","s3",6.07367638331593,2,300,0.2
"s4","s3",5.5567487474157,2,300,0.2
"s4","s3",5.78742382649544,2,300,0.2
"s4","s3",5.77595163493936,2,300,0.2
"s4","s3",5.92445158299645,2,300,0.2
"s4","s3",6.12148738904409,2,300,0.2
"s4","s3",5.93395089480295,2,300,0.2
"s4","s3",5.88728079972908,2,300,0.2
"s4","s3",5.71516007496184,2,300,0.2
"s4","s3",5.966581543775,2,300,0.2
"s4","s3",5.5668714468309,2,300,0.2
"s4","s3",5.8616323524102,2,300,0.2
"s4","s3",5.95345092605661,2,300,0.2
"s4","s3",6.06581675839316,2,300,0.2
"s4","s3",6.10865444320909,2,300,0.2
"s4","s3",6.09845288732169,2,300,0.2
"s4","s3",6.71799348097922,2,300,0.2
"s4","s3",5.81484242903204,2,300,0.2
"s4","s3",6.2308534059896,2,300,0.2
"s4","s3",5.52298110331007,2,300,0.2
"s4","s3",5.30525619122854,2,300,0.2
"s4","s3",5.74138957211625,2,300,0.2
"s4","s3",5.8286462279878,2,300,0.2
"s4","s3",5.89172481543403,2,300,0.2
"s4","s3",6.23995216246803,2,300,0.2
"s4","s3",5.51994211068705,2,300,0.2
"s4","s3",6.02674147676327,2,300,0.2
"s4","s3",5.74330713340727,2,300,0.2
"s4","s3",5.66676349174014,2,300,0.2
"s4","s3",5.40416665823918,2,300,0.2
"s4","s3",5.96048305577023,2,300,0.2
"s4","s3",6.16348162611886,2,300,0.2
"s4","s3",5.49672878845692,2,300,0.2
"s4","s3",5.61887035291917,2,300,0.2
"s4","s3",6.42475031058075,2,300,0.2
"s4","s3",5.72988616268723,2,300,0.2
"s4","s3",6.05097175719419,2,300,0.2
"s4","s3",5.8278737612206,2,300,0.2
"s4","s3",5.63028757052982,2,300,0.2
"s4","s3",5.8593791365694,2,300,0.2
"s4","s3",6.17311548822342,2,300,0.2
"s4","s3",6.2558891323857,2,300,0.2
"s4","s3",5.62849001684094,2,300,0.2
"s4","s3",5.51393634289698,2,300,0.2
"s4","s3",5.53043464831671,2,300,0.2
"s4","s3",5.72129344703014,2,300,0.2
"s4","s3",5.84324663084833,2,300,0.2
"s4","s3",5.82181972422336,2,300,0.2
"s4","s3",6.1881320502508,2,300,0.2
"s4","s3",6.14122760975211,2,300,0.2
"s4","s3",5.57260208409159,2,300,0.2
"s4","s3",5.94962160045992,2,300,0.2
"s4","s3",5.68932639009387,2,300,0.2
"s4","s3",5.50078206402978,2,300,0.2
"s4","s3",6.13477149466748,2,300,0.2
"s4","s3",6.09330276367705,2,300,0.2
"s4","s3",5.81322434955587,2,300,0.2
"s4","s3",5.87541719846602,2,300,0.2
"s4","s3",6.38646367989645,2,300,0.2
"s4","s3",5.89469923897965,2,300,0.2
"s4","s3",6.03154887729612,2,300,0.2
"s4","s3",6.27515554469704,2,300,0.2
"s4","s3",6.07610279853949,2,300,0.2
"s4","s3",5.79647584048746,2,300,0.2
"s4","s3",5.89172481543403,2,300,0.2
"s4","s3",6.07761482820499,2,300,0.2
"s4","s3",5.76985603590517,2,300,0.2
"s4","s3",5.94333815042803,2,300,0.2
"s4","s3",5.86554545513609,2,300,0.2
"s4","s3",5.98076596675892,2,300,0.2
"s4","s3",6.26930134271819,2,300,0.2
"s4","s3",5.70521532184915,2,300,0.2
"s4","s3",5.683284976829,2,300,0.2
"s4","s3",5.71239472560158,2,300,0.2
"s4","s3",5.36005509372404,2,300,0.2
"s4","s3",6.55106702355707,2,300,0.2
"s4","s3",6.21216195028634,2,300,0.2
"s4","s3",5.66593751615942,2,300,0.2
"s4","s3",6.07660992581576,2,300,0.2
"s4","s3",6.04849721826091,2,300,0.2
"s4","s3",6.14788145643013,2,300,0.2
"s4","s3",5.82012690705387,2,300,0.2
"s4","s3",6.35824800229263,2,300,0.2
"s4","s3",5.80297460216331,2,300,0.2
"s4","s3",6.1879022675601,2,300,0.2
"s4","s3",5.84282144325391,2,300,0.2
"s4","s3",5.98527327420866,2,300,0.2
"s4","s3",5.74180003652341,2,300,0.2
"s4","s3",6.12317370290447,2,300,0.2
"s4","s3",6.3244453961606,2,300,0.2
"s4","s3",5.68636332846461,2,300,0.2
"s4","s3",5.97097683838558,2,300,0.2
"s4","s3",5.6556151507739,2,300,0.2
"s4","s3",5.60175140476142,2,300,0.2
"s4","s3",5.85027200146573,2,300,0.2
"s4","s3",6.03579139516276,2,300,0.2
"s4","s3",6.50110085792713,2,300,0.2
"s4","s3",5.83334141747817,2,300,0.2
"s4","s3",5.87520831887547,2,300,0.2
"s4","s3",5.80474830440317,2,300,0.2
"s4","s3",5.80084281085645,2,300,0.2
"s4","s3",6.00856342874775,2,300,0.2
"s4","s3",6.12231560169477,2,300,0.2
"s4","s3",5.54691277683007,2,300,0.2
"s4","s3",6.2516712493983,2,300,0.2
"s4","s3",6.04094201239393,2,300,0.2
"s4","s3",6.13522494978591,2,300,0.2
"s4","s3",5.52062573225908,2,300,0.2
"s4","s3",6.04509855957228,2,300,0.2
"s4","s3",6.13276248575117,2,300,0.2
"s4","s3",5.82812499653316,2,300,0.2
"s4","s3",5.96457625153668,2,300,0.2
"s4","s3",5.99535687479242,2,300,0.2
"s4","s3",6.14601972562915,2,300,0.2
"s4","s3",6.23436418100984,2,300,0.2
"s4","s3",5.75473072263981,2,300,0.2
"s4","s3",5.79067752669997,2,300,0.2
"s4","s3",6.40790858931408,2,300,0.2
"s4","s3",5.76867301285809,2,300,0.2
"s4","s3",5.98328463464203,2,300,0.2
"s4","s3",5.71137738227682,2,300,0.2
"s4","s3",5.90612416455187,2,300,0.2
"s4","s3",6.19003552312302,2,300,0.2
"s4","s3",5.56695965437929,2,300,0.2
"s4","s3",6.23995216246803,2,300,0.2
"s4","s3",5.83176954077047,2,300,0.2
"s4","s3",5.78737308832444,2,300,0.2
"s4","s3",6.10135596214369,2,300,0.2
"s4","s3",5.88444440541734,2,300,0.2
"s4","s3",6.03413625164615,2,300,0.2
"s4","s3",6.12672897181269,2,300,0.2
"s4","s3",5.53014769445994,2,300,0.2
"s4","s3",6.02609838826007,2,300,0.2
"s4","s3",5.71398317507838,2,300,0.2
"s4","s3",5.80635955058744,2,300,0.2
"s4","s3",6.19734888133668,2,300,0.2
"s4","s3",5.79469336383204,2,300,0.2
"s4","s3",5.91490928823366,2,300,0.2
"s4","s3",5.77953134651636,2,300,0.2
"s4","s3",6.15197512905212,2,300,0.2
"s4","s3",5.88550530474104,2,300,0.2
"s4","s3",6.49246305061507,2,300,0.2
"s4","s3",6.01299040004153,2,300,0.2
"s4","s3",5.39973001323273,2,300,0.2
"s4","s3",6.07689341107298,2,300,0.2
"s4","s3",6.16856815652825,2,300,0.2
"s4","s3",6.15418264607308,2,300,0.2
"s4","s3",5.57025421923274,2,300,0.2
"s4","s3",6.06757929410115,2,300,0.2
"s4","s3",5.84357174160289,2,300,0.2
"s4","s3",5.83250541153642,2,300,0.2
"s4","s3",5.70981295651728,2,300,0.2
"s4","s3",5.9131765031823,2,300,0.2
"s4","s3",5.74651514838882,2,300,0.2
"s4","s3",5.81982858387728,2,300,0.2
"s4","s3",5.90020973847336,2,300,0.2
"s4","s3",5.35078091498964,2,300,0.2
"s4","s3",5.78402374327749,2,300,0.2
"s4","s3",6.55315158268713,2,300,0.2
"s4","s3",5.58804969540788,2,300,0.2
"s4","s3",5.9084285527687,2,300,0.2
"s4","s3",6.05744274410372,2,300,0.2
"s4","s3",6.48202347907738,2,300,0.2
"s4","s3",6.14394047260231,2,300,0.2
"s4","s3",5.77024858781178,2,300,0.2
"s4","s3",6.12639628385138,2,300,0.2
"s4","s3",5.8974576523278,2,300,0.2
"s4","s3",5.94683115967359,2,300,0.2
"s4","s3",6.06400013594967,2,300,0.2
"s4","s3",5.67700950455793,2,300,0.2
"s4","s3",5.79791548428754,2,300,0.2
"s4","s3",5.57701209560555,2,300,0.2
"s4","s3",5.4835952048181,2,300,0.2
"s4","s3",6.36567305687836,2,300,0.2
"s4","s3",5.82579906232387,2,300,0.2
"s4","s3",6.14989955280606,2,300,0.2
"s4","s3",5.71819097677087,2,300,0.2
"s4","s3",6.0828380371122,2,300,0.2
"s4","s3",5.95190265705682,2,300,0.2
"s4","s3",5.6853444330001,2,300,0.2
"s4","s3",6.43721306444475,2,300,0.2
"s4","s3",5.49639035521193,2,300,0.2
"s4","s3",6.12403538542912,2,300,0.2
"s4","s3",5.85907175040643,2,300,0.2
"s4","s3",5.52214652713066,2,300,0.2
"s4","s3",5.71005078347378,2,300,0.2
"s4","s3",5.63108325750791,2,300,0.2
"s4","s3",5.92082568200371,2,300,0.2
"s4","s3",5.80111575794209,2,300,0.2
"s4","s3",5.57868781991752,2,300,0.2
"s4","s3",5.94398324383377,2,300,0.2
"s4","s3",5.77377002429172,2,300,0.2
"s4","s3",6.47230270282247,2,300,0.2
"s4","s3",5.72692958445339,2,300,0.2
"s4","s3",6.10421177978907,2,300,0.2
"s4","s3",5.69425839060177,2,300,0.2
"s4","s3",6.2442050974601,2,300,0.2
"s4","s3",5.9420073266227,2,300,0.2
"s4","s3",6.08216184101003,2,300,0.2
"s4","s3",5.97567288738961,2,300,0.2
"s4","s3",5.52772252650198,2,300,0.2
"s4","s3",5.76491270676239,2,300,0.2
"s4","s3",5.8593791365694,2,300,0.2
"s4","s3",6.1871894080482,2,300,0.2
"s4","s3",5.64713025465635,2,300,0.2
"s4","s3",5.82876111317939,2,300,0.2
"s4","s3",6.19852901361074,2,300,0.2
"s4","s3",6.36678253084705,2,300,0.2
"s4","s3",5.65889277580088,2,300,0.2
"s4","s3",5.59475629033972,2,300,0.2
"s4","s3",5.69375617660847,2,300,0.2
"s4","s3",6.0545390954855,2,300,0.2
"s4","s3",5.72229367291365,2,300,0.2
"s4","s3",6.24424319711241,2,300,0.2
"s4","s3",5.88840742659278,2,300,0.2
"s4","s3",6.08286133117855,2,300,0.2
"s4","s3",5.90612416455187,2,300,0.2
"s4","s3",5.98848267020343,2,300,0.2
"s4","s3",5.8370726093618,2,300,0.2
"s4","s3",6.0828875819889,2,300,0.2
"s4","s3",6.18496335697764,2,300,0.2
"s4","s3",6.22422124938834,2,300,0.2
"s4","s3",5.59371937349547,2,300,0.2
"s4","s3",5.8698011922408,2,300,0.2
"s4","s3",5.54168146923642,2,300,0.2
"s4","s3",6.48680783018941,2,300,0.2
"s4","s3",5.49972723629947,2,300,0.2
"s4","s3",5.98076287455258,2,300,0.2
"s4","s3",6.31279650389655,2,300,0.2
"s4","s3",5.73594274051592,2,300,0.2
"s4","s3",5.44946650568561,2,300,0.2
"s4","s3",5.64665293625463,2,300,0.2
"s4","s3",5.48178750888675,2,300,0.2
"s4","s3",5.52761965438685,2,300,0.2
"s4","s3",5.96195199548929,2,300,0.2
"s4","s3",5.91130067188823,2,300,0.2
"s4","s3",5.63981891840756,2,300,0.2
"s4","s3",5.62303027772276,2,300,0.2
"s4","s3",5.98076596675892,2,300,0.2
"s4","s3",6.5673679453752,2,300,0.2
"s4","s3",5.98474600397608,2,300,0.2
"s4","s3",6.5176164702212,2,300,0.2
"s4","s3",5.91439142391597,2,300,0.2
"s4","s3",5.95331025505766,2,300,0.2
"s4","s3",5.72545777994567,2,300,0.2
"s4","s3",5.75911431034839,2,300,0.2
"s4","s3",5.70219699412547,2,300,0.2
"s4","s3",6.20779721139721,2,300,0.2
"s4","s3",6.04581352906895,2,300,0.2
"s4","s3",5.6208895631916,2,300,0.2
"s4","s3",5.97428261104704,2,300,0.2
"s4","s3",6.04585924114991,2,300,0.2
"s4","s3",5.81733550645466,2,300,0.2
"s4","s3",5.82554199706516,2,300,0.2
"s4","s3",5.72806736231197,2,300,0.2
"s4","s3",5.86709123188385,2,300,0.2
"s4","s3",5.93892281451213,2,300,0.2
"s4","s3",5.91514637689795,2,300,0.2
"s4","s3",5.85353944918384,2,300,0.2
"s4","s3",5.72443904293307,2,300,0.2
"s4","s3",5.67557017657577,2,300,0.2
"s4","s3",5.8246694817777,2,300,0.2
"s4","s3",6.14310106121684,2,300,0.2
"s4","s3",5.85286784606848,2,300,0.2
"s4","s3",5.68578573302247,2,300,0.2
"s4","s3",5.74797302789095,2,300,0.2
"s4","s3",5.83483495229042,2,300,0.2
"s4","s3",5.62668486190508,2,300,0.2
"s4","s3",6.06466886352797,2,300,0.2
"s4","s3",5.89678917302157,2,300,0.2
"s4","s3",6.47758615501699,2,300,0.2
"s4","s3",5.39003352977922,2,300,0.2
"s4","s3",6.05599091979461,2,300,0.2
"s4","s3",5.67500194524695,2,300,0.2
"s4","s3",5.54263387633938,2,300,0.2
"s4","s3",5.83345625205973,2,300,0.2
"s4","s3",5.94795032384951,2,300,0.2
"s4","s3",6.02204694198004,2,300,0.2
"s4","s3",5.8736742731824,2,300,0.2
"s4","s3",5.85517455930021,2,300,0.2
"s4","s3",6.20417665970979,2,300,0.2
"s4","s3",5.62761220757731,2,300,0.2
"s4","s3",5.73511256057276,2,300,0.2
"s4","s3",6.07597571793019,2,300,0.2
"s4","s3",5.98198830692382,2,300,0.2
"s4","s3",5.80871366853242,2,300,0.2
"s4","s3",5.49742606839221,2,300,0.2
"s4","s3",5.99912164779885,2,300,0.2
"s4","s3",5.64629560808731,2,300,0.2
"s4","s3",5.62813723617921,2,300,0.2
"s4","s3",6.10410361534289,2,300,0.2
"s4","s3",5.71137738227682,2,300,0.2
"s4","s3",5.81522239271143,2,300,0.2
"s4","s3",6.14090090739786,2,300,0.2
"s4","s3",5.75135109296546,2,300,0.2
"s4","s3",5.89776646178449,2,300,0.2
"s4","s3",6.13630767106164,2,300,0.2
"s4","s3",6.30974074702759,2,300,0.2
"s4","s3",5.76597368631332,2,300,0.2
"s4","s3",6.24338152266452,2,300,0.2
"s4","s3",6.00735211426329,2,300,0.2
"s4","s3",6.40485356837888,2,300,0.2
"s4","s3",5.83166536444585,2,300,0.2
"s4","s3",5.87042126004536,2,300,0.2
"s4","s3",5.80871366853242,2,300,0.2
"s4","s3",6.2535096643939,2,300,0.2
"s4","s3",5.67863918959273,2,300,0.2
"s4","s3",6.09760779235314,2,300,0.2
"s4","s3",6.07097321469268,2,300,0.2
"s4","s3",5.82601285199978,2,300,0.2
"s4","s3",6.04919406258774,2,300,0.2
"s4","s3",5.92555537949181,2,300,0.2
"s4","s3",5.92909440687461,2,300,0.2
"s4","s3",5.89452552961313,2,300,0.2
"s4","s3",6.27211167299895,2,300,0.2
"s4","s3",6.20484773971886,2,300,0.2
"s4","s3",6.48570039318379,2,300,0.2
"s4","s3",5.75898064325677,2,300,0.2
"s4","s3",5.95762606523968,2,300,0.2
"s4","s3",5.95331025505766,2,300,0.2
"s4","s3",5.9084285527687,2,300,0.2
"s4","s3",5.91048020179946,2,300,0.2
"s4","s3",5.96021267325898,2,300,0.2
"s4","s3",6.18975770626392,2,300,0.2
"s4","s3",5.89648297430398,2,300,0.2
"s4","s3",5.7962055540968,2,300,0.2
"s4","s3",5.90332165311746,2,300,0.2
"s4","s3",6.04269715726562,2,300,0.2
"s4","s3",6.12831142541296,2,300,0.2
"s4","s3",5.71816644320613,2,300,0.2
"s4","s3",5.91470622942757,2,300,0.2
"s4","s3",5.95602003491942,2,300,0.2
"s4","s3",5.59267680697292,2,300,0.2
"s4","s3",5.89790859406655,2,300,0.2
"s4","s3",6.34284512621923,2,300,0.2
"s4","s3",5.90888463428093,2,300,0.2
"s4","s3",6.2375702999272,2,300,0.2
"s4","s3",5.69478526578325,2,300,0.2
"s4","s3",6.10982133015543,2,300,0.2
"s4","s3",5.81479532119604,2,300,0.2
"s4","s3",5.94382087082641,2,300,0.2
"s4","s3",5.79127141296902,2,300,0.2
"s4","s3",5.74710488936098,2,300,0.2
"s4","s3",5.28097866255223,2,300,0.2
"s4","s3",5.81368562765876,2,300,0.2
"s4","s3",5.79459713395142,2,300,0.2
"s4","s3",5.54899243488468,2,300,0.2
"s4","s3",6.07027400377686,2,300,0.2
"s4","s3",6.39246943702096,2,300,0.2
"s4","s3",5.48641088696171,2,300,0.2
"s4","s3",5.47475290233333,2,300,0.2
"s4","s3",5.74519529509814,2,300,0.2
"s4","s3",5.66613741372558,2,300,0.2
"s4","s3",5.98996473247917,2,300,0.2
"s4","s3",5.91298074306333,2,300,0.2
"s4","s3",5.96158360288749,2,300,0.2
"s4","s3",6.12464488170424,2,300,0.2
"s4","s3",5.99446726382224,2,300,0.2
"s4","s3",5.52034794523252,2,300,0.2
"s4","s3",6.17986116814006,2,300,0.2
"s4","s3",6.30884187033178,2,300,0.2
"s4","s3",5.79532631476691,2,300,0.2
"s4","s3",5.66612446574722,2,300,0.2
"s4","s3",6.03414454553821,2,300,0.2
"s4","s3",6.39002658768073,2,300,0.2
"s4","s3",5.87310804767402,2,300,0.2
"s4","s3",6.09318215733051,2,300,0.2
"s4","s3",5.74345861438431,2,300,0.2
"s4","s3",6.15204833155671,2,300,0.2
"s4","s3",6.27812002722071,2,300,0.2
"s4","s3",6.03117374430457,2,300,0.2
"s4","s3",5.67576053362841,2,300,0.2
"s4","s3",6.02771834635014,2,300,0.2
"s4","s3",6.10766767128267,2,300,0.2
"s4","s3",5.75075361473894,2,300,0.2
"s4","s3",6.33168804960602,2,300,0.2
"s4","s3",5.68223699764425,2,300,0.2
"s4","s3",5.84476628186789,2,300,0.2
"s4","s3",5.63763374541778,2,300,0.2
"s4","s3",5.76478425712928,2,300,0.2
"s4","s3",5.94668173047697,2,300,0.2
"s4","s3",5.5167914233316,2,300,0.2
"s4","s3",5.9137035390462,2,300,0.2
"s4","s3",5.67074106414279,2,300,0.2
"s4","s3",5.61887035291917,2,300,0.2
"s4","s3",5.95508748355164,2,300,0.2
"s4","s3",5.90001270681624,2,300,0.2
"s4","s3",5.66165896509668,2,300,0.2
"s4","s3",5.83170067036718,2,300,0.2
"s4","s3",5.74302668816945,2,300,0.2
"s4","s3",5.96579261575715,2,300,0.2
"s4","s3",5.70726311266762,2,300,0.2
"s4","s3",5.86807344229902,2,300,0.2
"s4","s3",6.25981973746123,2,300,0.2
"s4","s3",5.72262116756164,2,300,0.2
"s4","s3",5.83594655718476,2,300,0.2
"s4","s3",6.25067432812931,2,300,0.2
"s4","s3",6.23563828362575,2,300,0.2
"s4","s3",5.79743349779808,2,300,0.2
"s4","s3",5.58670698461214,2,300,0.2
"s4","s3",6.06469021101137,2,300,0.2
"s4","s3",5.88890965169058,2,300,0.2
"s4","s3",5.73713317877581,2,300,0.2
"s4","s3",5.78125823658004,2,300,0.2
"s4","s3",5.90612800571779,2,300,0.2
"s4","s3",5.86709123188385,2,300,0.2
"s4","s3",5.95812469431439,2,300,0.2
"s4","s3",6.31969654689257,2,300,0.2
"s4","s3",5.83939987513988,2,300,0.2
"s4","s3",6.1175139537079,2,300,0.2
"s4","s3",6.08297251312665,2,300,0.2
"s4","s3",6.05310264653291,2,300,0.2
"s4","s3",5.88931518278113,2,300,0.2
"s4","s3",5.87037612751443,2,300,0.2
"s4","s3",6.31982537983959,2,300,0.2
"s4","s3",5.9163664793454,2,300,0.2
"s4","s3",5.76767692722813,2,300,0.2
"s4","s3",6.22462534254389,2,300,0.2
"s4","s3",5.96195199548929,2,300,0.2
"s4","s3",5.72129344703014,2,300,0.2
"s4","s3",5.74882090616266,2,300,0.2
"s4","s3",6.21272346750479,2,300,0.2
"s4","s3",5.93395089480295,2,300,0.2
"s4","s5",7.03046459201596,2,300,0.2
"s4","s5",6.9294650608609,2,300,0.2
"s4","s5",6.88891848350689,2,300,0.2
"s4","s5",6.6792680283595,2,300,0.2
"s4","s5",7.17028690625215,2,300,0.2
"s4","s5",7.24596420581452,2,300,0.2
"s4","s5",6.64877901183379,2,300,0.2
"s4","s5",7.41592160813811,2,300,0.2
"s4","s5",7.36556781500472,2,300,0.2
"s4","s5",7.32730655616593,2,300,0.2
"s4","s5",6.72565855127282,2,300,0.2
"s4","s5",8.06103471049926,2,300,0.2
"s4","s5",6.91076899748896,2,300,0.2
"s4","s5",7.21646267520651,2,300,0.2
"s4","s5",6.70984536769726,2,300,0.2
"s4","s5",6.92439989875405,2,300,0.2
"s4","s5",7.11048099161636,2,300,0.2
"s4","s5",7.26412883514186,2,300,0.2
"s4","s5",7.90215320213704,2,300,0.2
"s4","s5",6.8506635664713,2,300,0.2
"s4","s5",7.40557900816373,2,300,0.2
"s4","s5",6.79296193921395,2,300,0.2
"s4","s5",7.34403065946688,2,300,0.2
"s4","s5",7.45127551626507,2,300,0.2
"s4","s5",6.98016635452947,2,300,0.2
"s4","s5",7.07412631503911,2,300,0.2
"s4","s5",7.03950060756682,2,300,0.2
"s4","s5",7.24067369088624,2,300,0.2
"s4","s5",7.49437765476949,2,300,0.2
"s4","s5",7.23805544527087,2,300,0.2
"s4","s5",6.87648154038517,2,300,0.2
"s4","s5",7.32664776028161,2,300,0.2
"s4","s5",7.32297327202031,2,300,0.2
"s4","s5",7.65551495542138,2,300,0.2
"s4","s5",6.30086652324378,2,300,0.2
"s4","s5",7.09071111295228,2,300,0.2
"s4","s5",6.66314627928708,2,300,0.2
"s4","s5",7.26029332420745,2,300,0.2
"s4","s5",7.31967563022568,2,300,0.2
"s4","s5",7.35634038900952,2,300,0.2
"s4","s5",7.94345935661507,2,300,0.2
"s4","s5",7.68113638767009,2,300,0.2
"s4","s5",7.02062887714406,2,300,0.2
"s4","s5",7.05968959615043,2,300,0.2
"s4","s5",7.10924788500652,2,300,0.2
"s4","s5",7.08160545749713,2,300,0.2
"s4","s5",6.85876099172256,2,300,0.2
"s4","s5",7.3810933967743,2,300,0.2
"s4","s5",7.04068195264706,2,300,0.2
"s4","s5",7.4789989463645,2,300,0.2
"s4","s5",7.66962705998124,2,300,0.2
"s4","s5",7.65304814107782,2,300,0.2
"s4","s5",7.06704423120866,2,300,0.2
"s4","s5",6.63245607033503,2,300,0.2
"s4","s5",7.23878784641465,2,300,0.2
"s4","s5",6.93073651667393,2,300,0.2
"s4","s5",6.97739829549081,2,300,0.2
"s4","s5",7.00621299330359,2,300,0.2
"s4","s5",7.08145348899967,2,300,0.2
"s4","s5",7.04151599213667,2,300,0.2
"s4","s5",7.07540492742925,2,300,0.2
"s4","s5",6.91347947361611,2,300,0.2
"s4","s5",6.64146146420391,2,300,0.2
"s4","s5",7.15193384992136,2,300,0.2
"s4","s5",6.98778774422817,2,300,0.2
"s4","s5",7.64770275213903,2,300,0.2
"s4","s5",7.2455036138942,2,300,0.2
"s4","s5",6.70778022732406,2,300,0.2
"s4","s5",6.34104773326783,2,300,0.2
"s4","s5",7.47040864690836,2,300,0.2
"s4","s5",7.71627853535213,2,300,0.2
"s4","s5",7.7776434800287,2,300,0.2
"s4","s5",7.1931566629294,2,300,0.2
"s4","s5",7.39423004230333,2,300,0.2
"s4","s5",7.06772195734837,2,300,0.2
"s4","s5",7.82485688612412,2,300,0.2
"s4","s5",7.04327629205708,2,300,0.2
"s4","s5",7.09935249266813,2,300,0.2
"s4","s5",7.1931566629294,2,300,0.2
"s4","s5",7.85614878705654,2,300,0.2
"s4","s5",7.27629694782743,2,300,0.2
"s4","s5",7.33107374593744,2,300,0.2
"s4","s5",7.3988832243827,2,300,0.2
"s4","s5",6.92640325566294,2,300,0.2
"s4","s5",7.43548206052955,2,300,0.2
"s4","s5",6.57622885929264,2,300,0.2
"s4","s5",6.97971545080561,2,300,0.2
"s4","s5",6.89296552013037,2,300,0.2
"s4","s5",6.57248599804275,2,300,0.2
"s4","s5",7.10698999953084,2,300,0.2
"s4","s5",6.81867032602395,2,300,0.2
"s4","s5",7.37001904891199,2,300,0.2
"s4","s5",7.02736946003706,2,300,0.2
"s4","s5",6.66067641545155,2,300,0.2
"s4","s5",7.4074024162604,2,300,0.2
"s4","s5",7.43629864862198,2,300,0.2
"s4","s5",6.56161978558039,2,300,0.2
"s4","s5",6.9300669450226,2,300,0.2
"s4","s5",7.42790558758212,2,300,0.2
"s4","s5",7.04636970647481,2,300,0.2
"s4","s5",7.21051782460618,2,300,0.2
"s4","s5",6.66708941463696,2,300,0.2
"s4","s5",7.83900547071184,2,300,0.2
"s4","s5",6.63512942235716,2,300,0.2
"s4","s5",6.86154030952525,2,300,0.2
"s4","s5",7.10148508003553,2,300,0.2
"s4","s5",7.17838399917878,2,300,0.2
"s4","s5",6.88301654967701,2,300,0.2
"s4","s5",7.38990095780016,2,300,0.2
"s4","s5",6.96790442034944,2,300,0.2
"s4","s5",6.92742744095779,2,300,0.2
"s4","s5",7.22481074685008,2,300,0.2
"s4","s5",7.09886942503349,2,300,0.2
"s4","s5",6.88208085440286,2,300,0.2
"s4","s5",7.36617716136857,2,300,0.2
"s4","s5",7.47040864690836,2,300,0.2
"s4","s5",7.39561016155355,2,300,0.2
"s4","s5",6.52414725626278,2,300,0.2
"s4","s5",6.98221311074897,2,300,0.2
"s4","s5",7.1611585336001,2,300,0.2
"s4","s5",7.22904669198556,2,300,0.2
"s4","s5",6.96198489083821,2,300,0.2
"s4","s5",6.85927116484008,2,300,0.2
"s4","s5",7.52066898081506,2,300,0.2
"s4","s5",7.60526866082371,2,300,0.2
"s4","s5",8.13443957855741,2,300,0.2
"s4","s5",7.0315333976534,2,300,0.2
"s4","s5",6.93944234325578,2,300,0.2
"s4","s5",6.67797033711311,2,300,0.2
"s4","s5",7.19200297364611,2,300,0.2
"s4","s5",7.04948566723525,2,300,0.2
"s4","s5",6.83159644683427,2,300,0.2
"s4","s5",7.10265596442304,2,300,0.2
"s4","s5",7.12855582214357,2,300,0.2
"s4","s5",7.14206176539756,2,300,0.2
"s4","s5",6.69180234507442,2,300,0.2
"s4","s5",6.54844867605905,2,300,0.2
"s4","s5",6.99090772528164,2,300,0.2
"s4","s5",6.90170483737305,2,300,0.2
"s4","s5",6.84100569627408,2,300,0.2
"s4","s5",6.84150396168276,2,300,0.2
"s4","s5",7.35787135039905,2,300,0.2
"s4","s5",7.37086688810103,2,300,0.2
"s4","s5",6.69521397158673,2,300,0.2
"s4","s5",6.71610821382414,2,300,0.2
"s4","s5",7.4789989463645,2,300,0.2
"s4","s5",7.54954607660862,2,300,0.2
"s4","s5",7.00763386138553,2,300,0.2
"s4","s5",7.49666377666104,2,300,0.2
"s4","s5",7.79857636834112,2,300,0.2
"s4","s5",7.31335605858541,2,300,0.2
"s4","s5",7.26155724807984,2,300,0.2
"s4","s5",7.48967375225837,2,300,0.2
"s4","s5",7.37037718365778,2,300,0.2
"s4","s5",7.25910505792443,2,300,0.2
"s4","s5",7.44462484625967,2,300,0.2
"s4","s5",6.74506743016696,2,300,0.2
"s4","s5",7.39066806787356,2,300,0.2
"s4","s5",6.58038904950252,2,300,0.2
"s4","s5",7.60724127120213,2,300,0.2
"s4","s5",7.17569421835,2,300,0.2
"s4","s5",6.54775341597764,2,300,0.2
"s4","s5",7.65974911246428,2,300,0.2
"s4","s5",7.03548537458093,2,300,0.2
"s4","s5",7.20721535946401,2,300,0.2
"s4","s5",7.2967728420463,2,300,0.2
"s4","s5",7.20928651103472,2,300,0.2
"s4","s5",7.10607385955358,2,300,0.2
"s4","s5",7.85586787555451,2,300,0.2
"s4","s5",7.18954350713542,2,300,0.2
"s4","s5",6.46967416880648,2,300,0.2
"s4","s5",7.14084194028073,2,300,0.2
"s4","s5",7.21331074901887,2,300,0.2
"s4","s5",7.47153497249583,2,300,0.2
"s4","s5",6.57950444405003,2,300,0.2
"s4","s5",7.16140280529229,2,300,0.2
"s4","s5",7.44741364883473,2,300,0.2
"s4","s5",7.37420686472153,2,300,0.2
"s4","s5",7.12940654670579,2,300,0.2
"s4","s5",6.6604442549544,2,300,0.2
"s4","s5",7.05904722872793,2,300,0.2
"s4","s5",6.96756408540509,2,300,0.2
"s4","s5",7.16931260548739,2,300,0.2
"s4","s5",6.91597756726911,2,300,0.2
"s4","s5",7.00292807739356,2,300,0.2
"s4","s5",7.58355967652986,2,300,0.2
"s4","s5",7.07583549327475,2,300,0.2
"s4","s5",7.21249906348385,2,300,0.2
"s4","s5",6.59688962203205,2,300,0.2
"s4","s5",7.3403349910147,2,300,0.2
"s4","s5",7.09605403531103,2,300,0.2
"s4","s5",7.08539066937492,2,300,0.2
"s4","s5",6.70105482487406,2,300,0.2
"s4","s5",6.87822419221652,2,300,0.2
"s4","s5",7.28443131679134,2,300,0.2
"s4","s5",7.51966820572335,2,300,0.2
"s4","s5",6.66822029255678,2,300,0.2
"s4","s5",7.33205444425099,2,300,0.2
"s4","s5",6.87085864569929,2,300,0.2
"s4","s5",7.11772186183239,2,300,0.2
"s4","s5",6.51442848322297,2,300,0.2
"s4","s5",7.09052059185666,2,300,0.2
"s4","s5",7.1492336610743,2,300,0.2
"s4","s5",7.08834660426857,2,300,0.2
"s4","s5",6.83222975161137,2,300,0.2
"s4","s5",6.93004404695873,2,300,0.2
"s4","s5",7.03524042085863,2,300,0.2
"s4","s5",7.87959123166928,2,300,0.2
"s4","s5",7.34997589101786,2,300,0.2
"s4","s5",6.66087220650707,2,300,0.2
"s4","s5",7.21489619946334,2,300,0.2
"s4","s5",7.30714428029326,2,300,0.2
"s4","s5",6.78584221879461,2,300,0.2
"s4","s5",7.12968872549507,2,300,0.2
"s4","s5",7.3645310332856,2,300,0.2
"s4","s5",7.49923361945574,2,300,0.2
"s4","s5",7.16286468791831,2,300,0.2
"s4","s5",7.0105588595776,2,300,0.2
"s4","s5",7.15671860505996,2,300,0.2
"s4","s5",7.18847097716386,2,300,0.2
"s4","s5",7.12013631042694,2,300,0.2
"s4","s5",7.4634720675987,2,300,0.2
"s4","s5",7.55180309408338,2,300,0.2
"s4","s5",7.34271876804881,2,300,0.2
"s4","s5",7.42444132959798,2,300,0.2
"s4","s5",7.19862696409195,2,300,0.2
"s4","s5",7.31317906733456,2,300,0.2
"s4","s5",7.60953167264651,2,300,0.2
"s4","s5",7.1597066142715,2,300,0.2
"s4","s5",7.85180368190039,2,300,0.2
"s4","s5",6.8771689835739,2,300,0.2
"s4","s5",6.47900945645684,2,300,0.2
"s4","s5",6.73059016138373,2,300,0.2
"s4","s5",7.06078335752329,2,300,0.2
"s4","s5",7.34271876804881,2,300,0.2
"s4","s5",7.1288740138115,2,300,0.2
"s4","s5",7.46304709917035,2,300,0.2
"s4","s5",6.99380038376125,2,300,0.2
"s4","s5",6.83072669185582,2,300,0.2
"s4","s5",7.16621537185598,2,300,0.2
"s4","s5",7.25933058774486,2,300,0.2
"s4","s5",7.16860168862516,2,300,0.2
"s4","s5",7.04650467378963,2,300,0.2
"s4","s5",7.03509600243629,2,300,0.2
"s4","s5",7.24523620220979,2,300,0.2
"s4","s5",7.15138133954093,2,300,0.2
"s4","s5",6.97275695296959,2,300,0.2
"s4","s5",7.47454435519906,2,300,0.2
"s4","s5",7.39430074864412,2,300,0.2
"s4","s5",6.89315565299967,2,300,0.2
"s4","s5",6.9121915078677,2,300,0.2
"s4","s5",7.67481605362775,2,300,0.2
"s4","s5",7.13430609441376,2,300,0.2
"s4","s5",7.24932104265947,2,300,0.2
"s4","s5",7.24805364669469,2,300,0.2
"s4","s5",7.06795594897331,2,300,0.2
"s4","s5",7.72378864873058,2,300,0.2
"s4","s5",7.15018797032084,2,300,0.2
"s4","s5",6.99424720931485,2,300,0.2
"s4","s5",7.06432566710049,2,300,0.2
"s4","s5",7.14505550331313,2,300,0.2
"s4","s5",7.16803350723981,2,300,0.2
"s4","s5",7.20884769550897,2,300,0.2
"s4","s5",7.54254736656378,2,300,0.2
"s4","s5",7.46972711385965,2,300,0.2
"s4","s5",7.02847666075675,2,300,0.2
"s4","s5",7.20980083250967,2,300,0.2
"s4","s5",6.92605069970671,2,300,0.2
"s4","s5",6.87241221799232,2,300,0.2
"s4","s5",6.87518702309406,2,300,0.2
"s4","s5",7.57143779346683,2,300,0.2
"s4","s5",7.27862627857678,2,300,0.2
"s4","s5",7.62072892346991,2,300,0.2
"s4","s5",6.85772100167185,2,300,0.2
"s4","s5",6.9134008658106,2,300,0.2
"s4","s5",7.12232963654788,2,300,0.2
"s4","s5",7.27570578928066,2,300,0.2
"s4","s5",6.98789756519835,2,300,0.2
"s4","s5",6.78619282249768,2,300,0.2
"s4","s5",7.24250680823991,2,300,0.2
"s4","s5",7.01422521146247,2,300,0.2
"s4","s5",7.12521736579684,2,300,0.2
"s4","s5",7.53722213051691,2,300,0.2
"s4","s5",7.13722211682298,2,300,0.2
"s4","s5",7.06948213103987,2,300,0.2
"s4","s5",6.69534285618832,2,300,0.2
"s4","s5",7.10607385955358,2,300,0.2
"s4","s5",6.61039186954437,2,300,0.2
"s4","s5",6.7111131016997,2,300,0.2
"s4","s5",7.42556750978406,2,300,0.2
"s4","s5",7.27862627857678,2,300,0.2
"s4","s5",7.07248941444485,2,300,0.2
"s4","s5",7.13223380092591,2,300,0.2
"s4","s5",6.93350702802082,2,300,0.2
"s4","s5",7.13193744350801,2,300,0.2
"s4","s5",7.40557900816373,2,300,0.2
"s4","s5",6.98013919343312,2,300,0.2
"s4","s5",6.99424720931485,2,300,0.2
"s4","s5",7.18179978378583,2,300,0.2
"s4","s5",7.16058282110851,2,300,0.2
"s4","s5",7.00760137317289,2,300,0.2
"s4","s5",7.11489410678465,2,300,0.2
"s4","s5",6.80300132656222,2,300,0.2
"s4","s5",7.40469810808415,2,300,0.2
"s4","s5",7.064785028477,2,300,0.2
"s4","s5",7.55485871892973,2,300,0.2
"s4","s5",7.05968959615043,2,300,0.2
"s4","s5",7.28501426166621,2,300,0.2
"s4","s5",6.83169188954163,2,300,0.2
"s4","s5",7.32239550123186,2,300,0.2
"s4","s5",8.02623688487418,2,300,0.2
"s4","s5",6.99424720931485,2,300,0.2
"s4","s5",7.33821750643745,2,300,0.2
"s4","s5",7.0897497129894,2,300,0.2
"s4","s5",7.17665680476484,2,300,0.2
"s4","s5",7.61467522173588,2,300,0.2
"s4","s5",7.48618815590581,2,300,0.2
"s4","s5",7.29865291913729,2,300,0.2
"s4","s5",7.43530978113904,2,300,0.2
"s4","s5",6.88583407163507,2,300,0.2
"s4","s5",7.05904722872793,2,300,0.2
"s4","s5",7.54732500371732,2,300,0.2
"s4","s5",7.083096394888,2,300,0.2
"s4","s5",7.35266968163293,2,300,0.2
"s4","s5",7.47097392725357,2,300,0.2
"s4","s5",7.30242746598637,2,300,0.2
"s4","s5",7.35193715281385,2,300,0.2
"s4","s5",6.99268369128701,2,300,0.2
"s4","s5",7.4680936527492,2,300,0.2
"s4","s5",7.41164235572274,2,300,0.2
"s4","s5",7.35274397853103,2,300,0.2
"s4","s5",7.1035447213311,2,300,0.2
"s4","s5",7.03740178596379,2,300,0.2
"s4","s5",7.29473202069516,2,300,0.2
"s4","s5",6.99079847763166,2,300,0.2
"s4","s5",6.90669330934447,2,300,0.2
"s4","s5",7.27201078848179,2,300,0.2
"s4","s5",7.01649953310327,2,300,0.2
"s4","s5",6.61038563143772,2,300,0.2
"s4","s5",7.37074229608604,2,300,0.2
"s4","s5",6.96335638105379,2,300,0.2
"s4","s5",7.87369800454357,2,300,0.2
"s4","s5",6.79793181014585,2,300,0.2
"s4","s5",7.03521051316725,2,300,0.2
"s4","s5",7.25420098046429,2,300,0.2
"s4","s5",7.83636748548207,2,300,0.2
"s4","s5",7.05968959615043,2,300,0.2
"s4","s5",6.49262215136687,2,300,0.2
"s4","s5",7.48787609813722,2,300,0.2
"s4","s5",7.02482166745427,2,300,0.2
"s4","s5",7.57344824399314,2,300,0.2
"s4","s5",7.58327948962889,2,300,0.2
"s4","s5",7.40126147921319,2,300,0.2
"s4","s5",6.91758375088306,2,300,0.2
"s4","s5",7.40949566115141,2,300,0.2
"s4","s5",7.47466814190929,2,300,0.2
"s4","s5",6.97049761640558,2,300,0.2
"s4","s5",7.00225188850013,2,300,0.2
"s4","s5",7.32755851293086,2,300,0.2
"s4","s5",7.01895904736525,2,300,0.2
"s4","s5",7.03398372824107,2,300,0.2
"s4","s5",7.23691470930969,2,300,0.2
"s4","s5",6.95706854643507,2,300,0.2
"s4","s5",7.03832252717623,2,300,0.2
"s4","s5",6.67937346307359,2,300,0.2
"s4","s5",7.46926352428895,2,300,0.2
"s4","s5",7.4340068214228,2,300,0.2
"s4","s5",7.44143583793025,2,300,0.2
"s4","s5",7.63920883698043,2,300,0.2
"s4","s5",6.91691557297868,2,300,0.2
"s4","s5",7.62381971701423,2,300,0.2
"s4","s5",6.86258169625999,2,300,0.2
"s4","s5",6.62883610917055,2,300,0.2
"s4","s5",7.22915032303616,2,300,0.2
"s4","s5",6.77937518085935,2,300,0.2
"s4","s5",6.93100080915274,2,300,0.2
"s4","s5",7.32014134987475,2,300,0.2
"s4","s5",6.45741649003809,2,300,0.2
"s4","s5",6.68979163631928,2,300,0.2
"s4","s5",7.79113641381292,2,300,0.2
"s4","s5",7.37224147795176,2,300,0.2
"s4","s5",7.69259770832056,2,300,0.2
"s4","s5",7.0189436494564,2,300,0.2
"s4","s5",7.28152429263348,2,300,0.2
"s4","s5",7.47483228708226,2,300,0.2
"s4","s5",6.82205237945081,2,300,0.2
"s4","s5",7.42367726871402,2,300,0.2
"s4","s5",6.96456486024334,2,300,0.2
"s4","s5",6.96192570912288,2,300,0.2
"s4","s5",7.64847429698082,2,300,0.2
"s4","s5",7.40526611866571,2,300,0.2
"s4","s5",7.44047658561136,2,300,0.2
"s4","s5",7.78865956086184,2,300,0.2
"s4","s5",7.14086008254134,2,300,0.2
"s4","s5",7.31260117071906,2,300,0.2
"s4","s5",7.33522212564773,2,300,0.2
"s4","s5",6.53230241510482,2,300,0.2
"s4","s5",7.26501809602343,2,300,0.2
"s4","s5",7.14517737019824,2,300,0.2
"s4","s5",7.45428511918028,2,300,0.2
"s4","s5",7.22704217362958,2,300,0.2
"s4","s5",6.88696371631787,2,300,0.2
"s4","s5",6.81133359900717,2,300,0.2
"s4","s5",6.67597871701727,2,300,0.2
"s4","s5",7.01063608543126,2,300,0.2
"s4","s5",7.38299978063463,2,300,0.2
"s4","s5",7.21829384112701,2,300,0.2
"s4","s5",7.62553444720587,2,300,0.2
"s4","s5",7.19500781325902,2,300,0.2
"s4","s5",7.2180119864739,2,300,0.2
"s4","s5",6.70095339990999,2,300,0.2
"s4","s5",6.59229579670935,2,300,0.2
"s4","s5",7.79347581940203,2,300,0.2
"s4","s5",7.00678208141241,2,300,0.2
"s4","s5",6.85815350831071,2,300,0.2
"s4","s5",7.06886966330272,2,300,0.2
"s4","s5",7.02665414217484,2,300,0.2
"s4","s5",6.74747036591512,2,300,0.2
"s4","s5",7.25006091306718,2,300,0.2
"s4","s5",6.73484670549777,2,300,0.2
"s4","s5",7.19743541846626,2,300,0.2
"s4","s5",6.89945267301061,2,300,0.2
"s4","s5",7.42596364717264,2,300,0.2
"s4","s5",7.01503841489912,2,300,0.2
"s4","s5",6.93269800349321,2,300,0.2
"s4","s5",7.11501561704057,2,300,0.2
"s4","s5",7.31967563022568,2,300,0.2
"s4","s5",6.46687852399049,2,300,0.2
"s4","s5",6.80912178674981,2,300,0.2
"s4","s5",7.42121534376679,2,300,0.2
"s4","s5",7.04354425161111,2,300,0.2
"s4","s5",6.94564513354639,2,300,0.2
"s4","s5",6.69149479559994,2,300,0.2
"s4","s5",6.82115973284055,2,300,0.2
"s4","s5",6.7578941129366,2,300,0.2
"s4","s5",6.70702231322716,2,300,0.2
"s4","s5",6.90558607934048,2,300,0.2
"s4","s5",7.44828049273274,2,300,0.2
"s4","s5",7.00370210020989,2,300,0.2
"s4","s5",6.95259523823587,2,300,0.2
"s4","s5",7.66797776538954,2,300,0.2
"s4","s5",7.14899460110075,2,300,0.2
"s4","s5",6.82951316365819,2,300,0.2
"s4","s5",7.64400517325849,2,300,0.2
"s4","s5",7.13163548870992,2,300,0.2
"s4","s5",6.7922139111021,2,300,0.2
"s4","s5",7.26753918933406,2,300,0.2
"s4","s5",7.33476223713734,2,300,0.2
"s4","s5",7.82197384010769,2,300,0.2
"s4","s5",7.20513503900536,2,300,0.2
"s4","s5",7.20585544821211,2,300,0.2
"s4","s5",7.62013217589895,2,300,0.2
"s4","s5",7.18326613064797,2,300,0.2
"s4","s5",7.13130193895879,2,300,0.2
"s4","s5",6.90440934156103,2,300,0.2
"s4","s5",6.83283025763934,2,300,0.2
"s4","s5",6.86033340332321,2,300,0.2
"s4","s5",6.81672034580037,2,300,0.2
"s4","s5",6.8720974624351,2,300,0.2
"s4","s5",7.14765267860389,2,300,0.2
"s4","s5",7.5782033915545,2,300,0.2
"s4","s5",6.96133233675212,2,300,0.2
"s4","s5",7.12181205313112,2,300,0.2
"s4","s5",7.06480152055517,2,300,0.2
"s4","s5",6.97382595685994,2,300,0.2
"s4","s5",7.26155724807984,2,300,0.2
"s4","s5",6.97058189404004,2,300,0.2
"s4","s5",6.94561130698048,2,300,0.2
"s4","s5",7.48010768997464,2,300,0.2
"s4","s5",6.70826682642216,2,300,0.2
"s4","s5",6.74148660714494,2,300,0.2
"s4","s5",7.39094157441788,2,300,0.2
"s4","s5",6.43430205263761,2,300,0.2
"s4","s5",7.22594989944778,2,300,0.2
"s4","s5",7.06706849117061,2,300,0.2
"s4","s5",6.74654481161238,2,300,0.2
"s4","s5",6.70373751642877,2,300,0.2
"s4","s5",6.82051076515621,2,300,0.2
"s4","s5",6.76429398189798,2,300,0.2
"s4","s5",7.43152255385661,2,300,0.2
"s4","s5",6.76585487302445,2,300,0.2
"s4","s5",6.50345773825686,2,300,0.2
"s4","s5",6.54704921131575,2,300,0.2
"s4","s5",6.84934036324751,2,300,0.2
"s4","s5",7.23441411830315,2,300,0.2
"s4","s5",6.87716518649356,2,300,0.2
"s4","s5",7.58638192570964,2,300,0.2
"s4","s5",7.17514613188638,2,300,0.2
"s4","s5",7.01022802664937,2,300,0.2
"s4","s5",7.5620897104436,2,300,0.2
"s4","s5",6.91618994974326,2,300,0.2
"s4","s5",7.18507952287727,2,300,0.2
"s4","s5",7.40903923365182,2,300,0.2
"s4","s5",7.13546923739635,2,300,0.2
"s4","s5",7.06014072722844,2,300,0.2
"s4","s5",7.87369800454357,2,300,0.2
"s4","s5",6.72162521386824,2,300,0.2
"s4","s5",7.58324059289382,2,300,0.2
"s4","s5",7.24313321780071,2,300,0.2
"s4","s5",7.17199126486773,2,300,0.2
"s4","s5",7.95439154867584,2,300,0.2
"s4","s5",7.31962809127128,2,300,0.2
"s4","s5",7.91758834226718,2,300,0.2
"s4","s5",6.56472880520366,2,300,0.2
"s4","s5",7.45699872115406,2,300,0.2
"s4","s5",7.617357494449,2,300,0.2
"s4","s5",7.10790893116552,2,300,0.2
"s4","s5",6.98221311074897,2,300,0.2
"s4","s5",7.21968929994406,2,300,0.2
"s4","s5",7.23416898662259,2,300,0.2
"s4","s5",7.30751431835272,2,300,0.2
"s4","s5",6.77961278648384,2,300,0.2
"s4","s5",7.32258080393026,2,300,0.2
"s4","s5",7.62471800088757,2,300,0.2
"s4","s5",7.58790468831911,2,300,0.2
"s4","s5",6.98862221193869,2,300,0.2
"s4","s5",7.0806391732261,2,300,0.2
"s4","s5",6.97971545080561,2,300,0.2
"s4","s5",7.15419898819633,2,300,0.2
"s4","s5",7.10698999953084,2,300,0.2
"s4","s5",7.26155724807984,2,300,0.2
"s4","s5",7.12883977148007,2,300,0.2
"s4","s5",6.9574760037161,2,300,0.2
"s4","s5",7.65167693601606,2,300,0.2
"s4","s5",7.62048336730134,2,300,0.2
"s4","s5",7.15307636975692,2,300,0.2
"s4","s5",7.36378464840021,2,300,0.2
"s4","s5",6.68685989971652,2,300,0.2
"s4","s5",7.07080350115642,2,300,0.2
"s4","s5",6.78765086389748,2,300,0.2
"s4","s5",7.00292807739356,2,300,0.2
"s4","s5",6.85166990169676,2,300,0.2
"s4","s5",6.79684785441142,2,300,0.2
"s4","s5",6.98812545428124,2,300,0.2
"s4","s5",6.66078849319003,2,300,0.2
"s4","s5",7.08403468068454,2,300,0.2
"s4","s5",7.14047797415822,2,300,0.2
"s4","s5",7.06478854176216,2,300,0.2
"s4","s5",6.78456430476662,2,300,0.2
"s4","s5",7.16709597349364,2,300,0.2
"s4","s5",6.65399977986293,2,300,0.2
"s4","s5",6.73646272329771,2,300,0.2
"s4","s5",7.08377091654887,2,300,0.2
"s4","s5",7.31235735550067,2,300,0.2
"s4","s5",7.2565376045944,2,300,0.2
"s4","s5",6.78564109608485,2,300,0.2
"s4","s5",7.44779200204062,2,300,0.2
"s4","s5",7.08562303231592,2,300,0.2
"s4","s5",7.12855582214357,2,300,0.2
"s4","s5",6.67280869081222,2,300,0.2
"s4","s5",7.47806883261826,2,300,0.2
"s4","s5",7.50054997482205,2,300,0.2
"s4","s5",7.87959123166928,2,300,0.2
"s4","s5",6.45528718217527,2,300,0.2
"s4","s5",6.65166630523419,2,300,0.2
"s4","s5",7.10940741124246,2,300,0.2
"s4","s5",7.23403019587715,2,300,0.2
"s4","s5",7.02622010043146,2,300,0.2
"s4","s5",7.37354124061468,2,300,0.2
"s4","s5",7.16058282110851,2,300,0.2
"s4","s5",7.11490528638726,2,300,0.2
"s4","s5",6.80946806467917,2,300,0.2
"s4","s5",7.36639262165038,2,300,0.2
"s4","s5",7.11294253462862,2,300,0.2
"s4","s5",6.96417105723975,2,300,0.2
"s4","s5",7.12201355081119,2,300,0.2
"s4","s5",6.77424699904265,2,300,0.2
"s4","s5",7.19417264318589,2,300,0.2
"s4","s5",7.15255951264495,2,300,0.2
"s4","s5",6.81766705366153,2,300,0.2
"s4","s5",7.08333615031105,2,300,0.2
"s4","s5",7.48920496181503,2,300,0.2
"s4","s5",6.74193979980271,2,300,0.2
"s4","s5",6.93506977768493,2,300,0.2
"s4","s5",7.00648656028047,2,300,0.2
"s4","s5",7.13665678784756,2,300,0.2
"s4","s5",7.42657794449451,2,300,0.2
"s4","s5",6.72469837387644,2,300,0.2
"s4","s5",6.80956309951654,2,300,0.2
"s4","s5",6.94604719116012,2,300,0.2
"s4","s5",6.97382595685994,2,300,0.2
"s4","s5",7.1938208023463,2,300,0.2
"s4","s5",7.0215535531643,2,300,0.2
"s4","s5",6.93349859122907,2,300,0.2
"s4","s5",7.02394828822594,2,300,0.2
"s4","s5",7.06014072722844,2,300,0.2
"s4","s5",6.49262215136687,2,300,0.2
"s4","s5",6.99532544921964,2,300,0.2
"s4","s5",6.62450034940136,2,300,0.2
"s4","s5",6.80558839794531,2,300,0.2
"s4","s5",6.63093337759102,2,300,0.2
"s4","s5",7.20597854833217,2,300,0.2
"s4","s5",7.27201078848179,2,300,0.2
"s4","s5",6.95072440937294,2,300,0.2
"s4","s5",7.16217812526071,2,300,0.2
"s4","s5",6.8778588470075,2,300,0.2
"s4","s5",6.75789068246516,2,300,0.2
"s4","s5",7.12595600265654,2,300,0.2
"s4","s5",7.03079162275645,2,300,0.2
"s4","s5",7.05171744424476,2,300,0.2
"s4","s5",7.11986590578187,2,300,0.2
"s4","s5",7.17233972585188,2,300,0.2
"s4","s5",7.31859126758968,2,300,0.2
"s4","s5",7.07572529925579,2,300,0.2
"s4","s5",7.50434594737119,2,300,0.2
"s4","s5",7.06995646485379,2,300,0.2
"s4","s5",6.52616348167248,2,300,0.2
"s4","s5",7.30039283571696,2,300,0.2
"s4","s5",7.37110958162228,2,300,0.2
"s4","s5",7.29164807615621,2,300,0.2
"s4","s5",7.4766166594834,2,300,0.2
"s4","s5",7.16709597349364,2,300,0.2
"s4","s5",7.1780961917086,2,300,0.2
"s4","s5",8.14262182726512,2,300,0.2
"s4","s5",7.10041878635183,2,300,0.2
"s4","s5",7.13350112517833,2,300,0.2
"s4","s5",7.24668166159333,2,300,0.2
"s4","s5",7.21365251668186,2,300,0.2
"s4","s5",7.1202450095739,2,300,0.2
"s4","s5",6.83656201357048,2,300,0.2
"s4","s5",6.84891195608736,2,300,0.2
"s4","s5",7.40050231656381,2,300,0.2
"s4","s5",7.46554053415243,2,300,0.2
"s4","s5",7.11841383508585,2,300,0.2
"s4","s5",6.802753779998,2,300,0.2
"s4","s5",7.05904722872793,2,300,0.2
"s4","s5",7.09617900332047,2,300,0.2
"s4","s5",7.28039071105781,2,300,0.2
"s4","s5",7.12028168816616,2,300,0.2
"s4","s5",7.44472086618602,2,300,0.2
"s4","s5",6.5074715114892,2,300,0.2
"s4","s5",7.39760274120377,2,300,0.2
"s4","s5",6.99505188224276,2,300,0.2
"s4","s5",7.14008395685633,2,300,0.2
"s4","s5",6.82573165574426,2,300,0.2
"s4","s5",7.09752015976535,2,300,0.2
"s4","s5",7.12828274081005,2,300,0.2
"s4","s5",6.77937518085935,2,300,0.2
"s4","s5",6.99401845644664,2,300,0.2
"s4","s5",7.39713653884802,2,300,0.2
"s4","s5",7.03826955584951,2,300,0.2
"s4","s5",7.07412631503911,2,300,0.2
"s4","s5",7.07833343008571,2,300,0.2
"s4","s5",6.96635166818507,2,300,0.2
"s4","s5",7.17880545306967,2,300,0.2
"s4","s5",7.06098754084005,2,300,0.2
"s4","s5",6.82573165574426,2,300,0.2
"s4","s5",6.9672118385226,2,300,0.2
"s4","s5",7.42121534376679,2,300,0.2
"s4","s5",7.00642195300355,2,300,0.2
"s4","s5",6.92654197653786,2,300,0.2
"s4","s5",7.52071922707906,2,300,0.2
"s4","s5",7.02337376645613,2,300,0.2
"s4","s5",7.34211807984084,2,300,0.2
"s4","s5",6.97754192408981,2,300,0.2
"s4","s5",7.18641056766817,2,300,0.2
"s4","s5",6.96185012034475,2,300,0.2
"s4","s5",6.93762639106666,2,300,0.2
"s4","s5",7.33476223713734,2,300,0.2
"s4","s5",7.61219711182056,2,300,0.2
"s4","s5",7.56735977088243,2,300,0.2
"s4","s5",7.37303008044097,2,300,0.2
"s4","s5",7.36801772852766,2,300,0.2
"s4","s5",7.05614289265153,2,300,0.2
"s4","s5",6.85985130366007,2,300,0.2
"s4","s5",6.81525676001601,2,300,0.2
"s4","s5",7.33039560521598,2,300,0.2
"s4","s5",6.25733111006749,2,300,0.2
"s4","s5",6.65891630577382,2,300,0.2
"s4","s5",7.41974111243788,2,300,0.2
"s4","s5",7.01714531402745,2,300,0.2
"s4","s5",7.04289020773386,2,300,0.2
"s4","s5",7.04835151184508,2,300,0.2
"s4","s5",6.77155147505115,2,300,0.2
"s4","s5",6.74770083176155,2,300,0.2
"s4","s5",7.57326436841721,2,300,0.2
"s4","s5",7.74669074733154,2,300,0.2
"s4","s5",6.73646272329771,2,300,0.2
"s4","s5",7.36480344471173,2,300,0.2
"s4","s5",6.73021216064285,2,300,0.2
"s4","s5",6.59524336673007,2,300,0.2
"s4","s5",6.90982052719716,2,300,0.2
"s4","s5",7.22191396405185,2,300,0.2
"s4","s5",7.52071922707906,2,300,0.2
"s4","s5",6.53495170380606,2,300,0.2
"s4","s5",7.2970937344066,2,300,0.2
"s4","s5",7.25883094472339,2,300,0.2
"s4","s5",7.03356906531101,2,300,0.2
"s4","s5",7.32090457892627,2,300,0.2
"s4","s5",7.30289546660678,2,300,0.2
"s4","s5",7.58680293291089,2,300,0.2
"s4","s5",7.3950193478972,2,300,0.2
"s4","s5",7.05434684110806,2,300,0.2
"s4","s5",7.64832410707459,2,300,0.2
"s4","s5",6.66928917711431,2,300,0.2
"s4","s5",7.07691391865574,2,300,0.2
"s4","s5",6.80858405223222,2,300,0.2
"s4","s5",8.12322526610689,2,300,0.2
"s4","s5",8.11776980753365,2,300,0.2
"s4","s5",6.60596542314701,2,300,0.2
"s4","s5",7.30011022157842,2,300,0.2
"s4","s5",7.42083785114212,2,300,0.2
"s4","s5",7.21327180711538,2,300,0.2
"s4","s5",7.29427567539653,2,300,0.2
"s4","s5",7.09067737697605,2,300,0.2
"s4","s5",7.15255951264495,2,300,0.2
"s4","s5",7.14206176539756,2,300,0.2
"s4","s5",7.01375499741445,2,300,0.2
"s4","s5",7.07212815774142,2,300,0.2
"s4","s5",7.32676132021922,2,300,0.2
"s4","s5",7.3988832243827,2,300,0.2
"s4","s5",6.58568036597079,2,300,0.2
"s4","s5",7.27125657252813,2,300,0.2
"s4","s5",6.91822227365374,2,300,0.2
"s4","s5",7.21577913988054,2,300,0.2
"s4","s5",7.42931556665972,2,300,0.2
"s4","s5",7.00909636048156,2,300,0.2
"s4","s5",6.94644052511015,2,300,0.2
"s4","s5",7.40302676906222,2,300,0.2
"s4","s5",6.74585218501897,2,300,0.2
"s4","s5",7.12201355081119,2,300,0.2
"s4","s5",7.06417154811042,2,300,0.2
"s4","s5",7.2036109494564,2,300,0.2
"s4","s5",7.23563947407763,2,300,0.2
"s4","s5",7.41920573134006,2,300,0.2
"s4","s5",7.02300903210214,2,300,0.2
"s4","s5",6.99740926447318,2,300,0.2
"s4","s5",6.86086734857527,2,300,0.2
"s4","s5",7.40205595583503,2,300,0.2
"s4","s5",7.55761330514844,2,300,0.2
"s4","s5",7.48967375225837,2,300,0.2
"s4","s5",6.96187540320814,2,300,0.2
"s4","s5",7.40891322245919,2,300,0.2
"s4","s5",7.06014072722844,2,300,0.2
"s4","s5",7.38421856373304,2,300,0.2
"s4","s5",6.95830566457906,2,300,0.2
"s4","s5",7.18670145427138,2,300,0.2
"s4","s5",7.01986854256985,2,300,0.2
"s4","s5",7.01894606280943,2,300,0.2
"s4","s5",7.22303722088122,2,300,0.2
"s4","s5",6.92131116266389,2,300,0.2
"s4","s5",6.80858405223222,2,300,0.2
"s4","s5",7.707604228175,2,300,0.2
"s4","s5",7.15677460116491,2,300,0.2
"s4","s5",6.74507135866926,2,300,0.2
"s4","s5",7.33264442772591,2,300,0.2
"s4","s5",7.35681559486,2,300,0.2
"s4","s5",7.38474257735131,2,300,0.2
"s4","s5",6.77023803048715,2,300,0.2
"s4","s5",7.15255951264495,2,300,0.2
"s4","s5",6.7948816104906,2,300,0.2
"s4","s5",6.9106718404594,2,300,0.2
"s4","s5",7.92792456948806,2,300,0.2
"s4","s5",7.58575332611974,2,300,0.2
"s4","s5",7.62877888325676,2,300,0.2
"s4","s5",7.67035632726875,2,300,0.2
"s4","s5",7.06778286175165,2,300,0.2
"s4","s5",7.22915032303616,2,300,0.2
"s4","s5",6.84678698348132,2,300,0.2
"s4","s5",7.69668239392748,2,300,0.2
"s4","s5",7.23901092373603,2,300,0.2
"s4","s5",7.6539314918089,2,300,0.2
"s4","s5",7.32481854160066,2,300,0.2
"s4","s5",6.61083150986371,2,300,0.2
"s4","s5",6.92230912089252,2,300,0.2
"s4","s5",6.91597756726911,2,300,0.2
"s4","s5",6.91057468342984,2,300,0.2
"s4","s5",7.21084235815721,2,300,0.2
"s4","s5",7.05867531280816,2,300,0.2
"s4","s5",7.01898109135991,2,300,0.2
"s4","s5",6.73337039346755,2,300,0.2
"s4","s5",6.63598363198706,2,300,0.2
"s4","s5",6.73692555341799,2,300,0.2
"s4","s5",6.8441968176496,2,300,0.2
"s4","s5",6.88606713940672,2,300,0.2
"s4","s5",7.09545796420139,2,300,0.2
"s4","s5",6.75616703458265,2,300,0.2
"s4","s5",6.84883816172561,2,300,0.2
"s4","s5",6.82697900775985,2,300,0.2
"s4","s5",7.42263303656199,2,300,0.2
"s4","s5",7.38407659718721,2,300,0.2
"s4","s5",7.42136875271419,2,300,0.2
"s4","s5",7.29634667511947,2,300,0.2
"s4","s5",6.94258733393374,2,300,0.2
"s4","s5",7.38123608869998,2,300,0.2
"s4","s5",7.1657692912564,2,300,0.2
"s4","s5",6.73141131594707,2,300,0.2
"s4","s5",7.65179314424857,2,300,0.2
"s4","s5",6.91076899748896,2,300,0.2
"s4","s5",7.50375867249241,2,300,0.2
"s4","s5",6.85876099172256,2,300,0.2
"s4","s5",6.69562264338239,2,300,0.2
"s4","s5",6.74837141564365,2,300,0.2
"s4","s5",7.32466904065147,2,300,0.2
"s4","s5",7.61399227376725,2,300,0.2
"s4","s5",7.06849809694887,2,300,0.2
"s4","s5",7.08225891408959,2,300,0.2
"s4","s5",7.24238237339443,2,300,0.2
"s4","s5",7.48972582351337,2,300,0.2
"s4","s5",6.99547515797319,2,300,0.2
"s4","s5",7.55728617075562,2,300,0.2
"s4","s5",7.3221428306263,2,300,0.2
"s4","s5",7.41583613510691,2,300,0.2
"s4","s5",6.83071120654478,2,300,0.2
"s4","s5",7.11075038045263,2,300,0.2
"s4","s5",7.46879355829664,2,300,0.2
"s4","s5",6.91409264477772,2,300,0.2
"s4","s5",7.48478465939935,2,300,0.2
"s4","s5",7.03712550897904,2,300,0.2
"s4","s5",6.74747036591512,2,300,0.2
"s4","s5",6.48781893637565,2,300,0.2
"s4","s5",7.11487766441635,2,300,0.2
"s4","s5",6.96833303680803,2,300,0.2
"s4","s5",7.10698999953084,2,300,0.2
"s4","s5",7.9284320420786,2,300,0.2
"s4","s5",6.7745956639107,2,300,0.2
"s4","s5",6.98545401876256,2,300,0.2
"s4","s5",7.57592686698177,2,300,0.2
"s4","s5",7.62553444720587,2,300,0.2
"s4","s5",7.23175234344124,2,300,0.2
"s4","s5",7.35634307564875,2,300,0.2
"s4","s5",6.93969284146863,2,300,0.2
"s4","s5",6.84127382235822,2,300,0.2
"s4","s5",6.81875175876695,2,300,0.2
"s4","s5",7.0315333976534,2,300,0.2
"s4","s5",7.31967563022568,2,300,0.2
"s4","s5",6.31244458375886,2,300,0.2
"s4","s5",6.82006989267929,2,300,0.2
"s4","s5",7.26020090577364,2,300,0.2
"s4","s5",7.04948566723525,2,300,0.2
"s4","s5",7.10212385610376,2,300,0.2
"s4","s5",6.76140546929487,2,300,0.2
"s4","s5",6.90440934156103,2,300,0.2
"s4","s5",6.73073300827514,2,300,0.2
"s4","s5",6.93141028920893,2,300,0.2
"s4","s5",7.12232963654788,2,300,0.2
"s4","s5",7.47483228708226,2,300,0.2
"s4","s5",7.28073601359356,2,300,0.2
"s4","s5",7.39082253091547,2,300,0.2
"s4","s5",7.39522152796434,2,300,0.2
"s4","s5",6.58703736518668,2,300,0.2
"s4","s5",7.37627232643504,2,300,0.2
"s4","s5",7.24545885277469,2,300,0.2
"s4","s5",7.14282271348478,2,300,0.2
"s4","s5",7.34899345428039,2,300,0.2
"s4","s5",6.89661643163412,2,300,0.2
"s4","s5",6.68979163631928,2,300,0.2
"s4","s5",6.88412929550901,2,300,0.2
"s4","s5",6.84891195608736,2,300,0.2
"s4","s5",7.17342994783741,2,300,0.2
"s4","s5",6.42992659531691,2,300,0.2
"s4","s5",6.96607527345444,2,300,0.2
"s4","s5",7.18307853175456,2,300,0.2
"s4","s5",7.00909774877039,2,300,0.2
"s4","s5",7.11033494965819,2,300,0.2
"s4","s5",7.01848535823166,2,300,0.2
"s4","s5",6.94191025486352,2,300,0.2
"s4","s5",7.65486477694458,2,300,0.2
"s4","s5",7.14765267860389,2,300,0.2
"s4","s5",7.00412154111135,2,300,0.2
"s4","s5",7.08187654859448,2,300,0.2
"s4","s5",6.8216993547029,2,300,0.2
"s4","s5",6.84407990630163,2,300,0.2
"s4","s5",7.57250596580047,2,300,0.2
"s4","s5",6.85036779333308,2,300,0.2
"s4","s5",6.86548999168417,2,300,0.2
"s4","s5",6.68284040744975,2,300,0.2
"s4","s5",7.65497775774328,2,300,0.2
"s4","s5",6.82968808282085,2,300,0.2
"s4","s5",7.33821750643745,2,300,0.2
"s4","s5",6.74859807390574,2,300,0.2
"s4","s5",6.52601667777395,2,300,0.2
"s4","s5",7.1597066142715,2,300,0.2
"s4","s5",6.84831547473907,2,300,0.2
"s4","s5",7.03502558778072,2,300,0.2
"s4","s5",7.40824976060881,2,300,0.2
"s4","s5",7.0943321459761,2,300,0.2
"s4","s5",7.13472459417426,2,300,0.2
"s4","s5",7.00444223677962,2,300,0.2
"s4","s5",6.85105328281703,2,300,0.2
"s4","s5",7.21769884263957,2,300,0.2
"s4","s5",7.53938128274082,2,300,0.2
"s4","s5",7.28716397643085,2,300,0.2
"s4","s5",7.08311392396286,2,300,0.2
"s4","s5",7.07691391865574,2,300,0.2
"s4","s5",6.86127453175737,2,300,0.2
"s4","s5",7.56735977088243,2,300,0.2
"s4","s5",7.21244154242243,2,300,0.2
"s4","s5",7.55027360594116,2,300,0.2
"s4","s5",6.85601180902446,2,300,0.2
"s4","s5",6.61564047000778,2,300,0.2
"s4","s5",7.47385420175794,2,300,0.2
"s4","s5",6.90606769824576,2,300,0.2
"s4","s5",6.41095139686274,2,300,0.2
"s4","s5",7.30057189566472,2,300,0.2
"s4","s5",6.60675747134663,2,300,0.2
"s4","s5",7.29326628151724,2,300,0.2
"s4","s5",6.82637723663294,2,300,0.2
"s4","s5",7.38598535659327,2,300,0.2
"s4","s5",6.96781304044339,2,300,0.2
"s4","s5",7.55447998971334,2,300,0.2
"s4","s5",7.07259386362476,2,300,0.2
"s4","s5",7.09584174327979,2,300,0.2
"s4","s5",7.57850764698432,2,300,0.2
"s4","s5",6.96522694665885,2,300,0.2
"s4","s5",7.94550184985033,2,300,0.2
"s4","s5",6.94673303407356,2,300,0.2
"s4","s5",6.91057468342984,2,300,0.2
"s4","s5",7.78803881314238,2,300,0.2
"s4","s5",6.83476273179431,2,300,0.2
"s4","s5",7.14772621350123,2,300,0.2
"s4","s5",6.83581792073976,2,300,0.2
"s4","s5",7.33248373806521,2,300,0.2
"s4","s5",7.15307636975692,2,300,0.2
"s4","s5",7.28222189337012,2,300,0.2
"s4","s5",6.91509512737504,2,300,0.2
"s4","s5",7.51548242993742,2,300,0.2
"s4","s5",7.69516381060086,2,300,0.2
"s4","s5",7.13973817501603,2,300,0.2
"s4","s5",6.60192665743665,2,300,0.2
"s4","s5",7.06244220628279,2,300,0.2
"s4","s5",7.21767497481002,2,300,0.2
"s4","s5",6.8221185339425,2,300,0.2
"s4","s5",7.16866580358014,2,300,0.2
"s4","s5",7.07691391865574,2,300,0.2
"s4","s5",7.06432566710049,2,300,0.2
"s4","s5",6.59620969334503,2,300,0.2
"s4","s5",6.83000351794806,2,300,0.2
"s4","s5",7.12375086044435,2,300,0.2
"s4","s5",7.28951307646156,2,300,0.2
"s4","s5",7.07688787995741,2,300,0.2
"s4","s5",6.90879512220033,2,300,0.2
"s4","s5",6.67471940149295,2,300,0.2
"s4","s5",7.40302676906222,2,300,0.2
"s4","s5",6.95597826094296,2,300,0.2
"s4","s5",6.96077788210707,2,300,0.2
"s4","s5",7.07983951294517,2,300,0.2
"s4","s5",7.0942393660057,2,300,0.2
"s4","s5",6.91164350995166,2,300,0.2
"s4","s5",7.48972582351337,2,300,0.2
"s4","s5",7.27604148074482,2,300,0.2
"s4","s5",7.11091756983054,2,300,0.2
"s4","s5",7.12478377392474,2,300,0.2
"s4","s5",6.77125584206399,2,300,0.2
"s4","s5",7.03271433258091,2,300,0.2
"s4","s5",6.79369074121638,2,300,0.2
"s4","s5",6.80979301074799,2,300,0.2
"s4","s5",6.79501778521641,2,300,0.2
"s4","s5",6.68015210735379,2,300,0.2
"s4","s5",6.79671670192175,2,300,0.2
"s4","s5",6.61951924979383,2,300,0.2
"s4","s5",6.60716549926705,2,300,0.2
"s4","s5",8.15186047459466,2,300,0.2
"s4","s5",6.46347679366026,2,300,0.2
"s4","s5",7.09776268987497,2,300,0.2
"s4","s5",7.37494069073335,2,300,0.2
"s4","s5",6.8283857621007,2,300,0.2
"s4","s5",7.14236715899978,2,300,0.2
"s4","s5",7.15138133954093,2,300,0.2
"s4","s5",7.00675380343332,2,300,0.2
"s4","s5",7.01221956889826,2,300,0.2
"s4","s5",7.13856040202722,2,300,0.2
"s4","s5",7.19417264318589,2,300,0.2
"s4","s5",6.62353480379997,2,300,0.2
"s4","s5",6.35109594634329,2,300,0.2
"s4","s5",6.55758230020862,2,300,0.2
"s4","s5",7.01894606280943,2,300,0.2
"s4","s5",7.32907947976197,2,300,0.2
"s4","s5",6.88152153877303,2,300,0.2
"s4","s5",6.76635918223873,2,300,0.2
"s4","s5",7.11097978286998,2,300,0.2
"s4","s5",7.21950767246524,2,300,0.2
"s4","s5",7.39121056396381,2,300,0.2
"s4","s5",7.1963795601091,2,300,0.2
"s4","s5",6.93996955816961,2,300,0.2
"s4","s5",8.36975158670759,2,300,0.2
"s4","s5",7.05779480377629,2,300,0.2
"s4","s5",7.23197102173576,2,300,0.2
"s4","s5",6.98930467187252,2,300,0.2
"s4","s5",7.18137753827524,2,300,0.2
"s4","s5",6.88292112086494,2,300,0.2
"s4","s5",6.54383940464119,2,300,0.2
"s4","s5",7.64121520485382,2,300,0.2
"s4","s5",6.97692457929877,2,300,0.2
"s4","s5",6.85036779333308,2,300,0.2
"s4","s5",6.76507473275341,2,300,0.2
"s4","s5",7.14648648212442,2,300,0.2
"s4","s5",7.34209523000835,2,300,0.2
"s4","s5",7.71471173862955,2,300,0.2
"s4","s5",7.05434684110806,2,300,0.2
"s4","s5",7.16444260901916,2,300,0.2
"s4","s5",7.08311392396286,2,300,0.2
"s4","s5",7.03698090907722,2,300,0.2
"s4","s5",7.51966820572335,2,300,0.2
"s4","s5",6.87889362811836,2,300,0.2
"s4","s5",7.11910463049111,2,300,0.2
"s4","s5",6.67614955189441,2,300,0.2
"s4","s5",7.09471404314641,2,300,0.2
"s4","s5",7.20881057045592,2,300,0.2
"s5","s1",7.4907470961605,2,300,0.2
"s5","s1",6.1035720656232,2,300,0.2
"s5","s1",6.73033311447779,2,300,0.2
"s5","s1",6.60989250442893,2,300,0.2
"s5","s1",7.24310728603916,2,300,0.2
"s5","s1",6.78013564687071,2,300,0.2
"s5","s1",7.49473900273718,2,300,0.2
"s5","s1",7.37206706007743,2,300,0.2
"s5","s1",6.77460766444845,2,300,0.2
"s5","s1",7.09086201249045,2,300,0.2
"s5","s1",6.91308142289219,2,300,0.2
"s5","s1",7.39852843788496,2,300,0.2
"s5","s1",6.42436002875757,2,300,0.2
"s5","s1",6.83247564983168,2,300,0.2
"s5","s1",7.01404203139685,2,300,0.2
"s5","s1",6.79643841179716,2,300,0.2
"s5","s1",6.58665820381253,2,300,0.2
"s5","s1",7.00352029452122,2,300,0.2
"s5","s1",7.44726890153643,2,300,0.2
"s5","s1",7.48979851604606,2,300,0.2
"s5","s1",7.01693357553691,2,300,0.2
"s5","s1",6.96849568166052,2,300,0.2
"s5","s1",6.89560405162206,2,300,0.2
"s5","s1",7.06668091250964,2,300,0.2
"s5","s1",6.77106004533089,2,300,0.2
"s5","s1",7.40335490710478,2,300,0.2
"s5","s1",6.83756407359933,2,300,0.2
"s5","s1",6.82720559020516,2,300,0.2
"s5","s1",6.44707846459963,2,300,0.2
"s5","s1",6.84002605396609,2,300,0.2
"s5","s1",6.91634518087255,2,300,0.2
"s5","s1",6.77610486322605,2,300,0.2
"s5","s1",6.985582755743,2,300,0.2
"s5","s1",6.9346413683781,2,300,0.2
"s5","s1",7.2185424312826,2,300,0.2
"s5","s1",6.59518541765449,2,300,0.2
"s5","s1",6.58886023778609,2,300,0.2
"s5","s1",6.7067596216079,2,300,0.2
"s5","s1",7.27117108758112,2,300,0.2
"s5","s1",7.01568475969926,2,300,0.2
"s5","s1",6.84292235342957,2,300,0.2
"s5","s1",6.59486805804249,2,300,0.2
"s5","s1",7.10261977965595,2,300,0.2
"s5","s1",7.02778046292758,2,300,0.2
"s5","s1",6.98829506219948,2,300,0.2
"s5","s1",6.70392872354944,2,300,0.2
"s5","s1",6.98829506219948,2,300,0.2
"s5","s1",7.31718585765238,2,300,0.2
"s5","s1",7.50124840115707,2,300,0.2
"s5","s1",6.60077692687534,2,300,0.2
"s5","s1",7.1915070224474,2,300,0.2
"s5","s1",6.59601611482394,2,300,0.2
"s5","s1",7.07823779363663,2,300,0.2
"s5","s1",7.03700041790286,2,300,0.2
"s5","s1",6.50674028904402,2,300,0.2
"s5","s1",7.00568840553694,2,300,0.2
"s5","s1",6.71089865380111,2,300,0.2
"s5","s1",6.56465665247768,2,300,0.2
"s5","s1",7.00572398032544,2,300,0.2
"s5","s1",7.16183631023875,2,300,0.2
"s5","s1",7.01503327440359,2,300,0.2
"s5","s1",7.41624951653615,2,300,0.2
"s5","s1",6.62295091445535,2,300,0.2
"s5","s1",7.34698694232407,2,300,0.2
"s5","s1",7.43715094568691,2,300,0.2
"s5","s1",6.40091368161614,2,300,0.2
"s5","s1",6.78727163465685,2,300,0.2
"s5","s1",7.46494416787502,2,300,0.2
"s5","s1",7.23636382326089,2,300,0.2
"s5","s1",6.93335833237202,2,300,0.2
"s5","s1",6.6545531457769,2,300,0.2
"s5","s1",7.55288604538415,2,300,0.2
"s5","s1",7.63361356506294,2,300,0.2
"s5","s1",6.00830272820437,2,300,0.2
"s5","s1",6.45688414982321,2,300,0.2
"s5","s1",6.66116809721466,2,300,0.2
"s5","s1",7.02419697510362,2,300,0.2
"s5","s1",6.66735853484295,2,300,0.2
"s5","s1",6.48785666376978,2,300,0.2
"s5","s1",6.88318938069654,2,300,0.2
"s5","s1",6.84714357240117,2,300,0.2
"s5","s1",6.80570663592351,2,300,0.2
"s5","s1",7.10175813866018,2,300,0.2
"s5","s1",6.78777145318517,2,300,0.2
"s5","s1",7.19899954611258,2,300,0.2
"s5","s1",6.9760582348838,2,300,0.2
"s5","s1",6.71412884250219,2,300,0.2
"s5","s1",6.72268243995148,2,300,0.2
"s5","s1",6.09486537823829,2,300,0.2
"s5","s1",7.10540747150758,2,300,0.2
"s5","s1",7.204595061307,2,300,0.2
"s5","s1",7.30659061437706,2,300,0.2
"s5","s1",7.51571449328122,2,300,0.2
"s5","s1",6.62156776275039,2,300,0.2
"s5","s1",6.59126879734801,2,300,0.2
"s5","s1",6.83980067600102,2,300,0.2
"s5","s1",6.81415274118683,2,300,0.2
"s5","s1",6.68301113661168,2,300,0.2
"s5","s1",7.39022190745229,2,300,0.2
"s5","s1",6.75906680208188,2,300,0.2
"s5","s1",7.12022669409642,2,300,0.2
"s5","s1",6.71617981640495,2,300,0.2
"s5","s1",6.4577364099917,2,300,0.2
"s5","s1",7.17348355546338,2,300,0.2
"s5","s1",6.5015184560765,2,300,0.2
"s5","s1",7.10646482794726,2,300,0.2
"s5","s1",6.66716654328944,2,300,0.2
"s5","s1",6.80004904244843,2,300,0.2
"s5","s1",6.92319421429558,2,300,0.2
"s5","s1",6.76127638581369,2,300,0.2
"s5","s1",7.54870920996837,2,300,0.2
"s5","s1",7.10982324686012,2,300,0.2
"s5","s1",6.59424209238301,2,300,0.2
"s5","s1",6.82022288793128,2,300,0.2
"s5","s1",6.54447526633925,2,300,0.2
"s5","s1",6.88697676666347,2,300,0.2
"s5","s1",6.84259464125817,2,300,0.2
"s5","s1",6.76989200337067,2,300,0.2
"s5","s1",6.65082578956841,2,300,0.2
"s5","s1",7.0547411492649,2,300,0.2
"s5","s1",6.56857846250377,2,300,0.2
"s5","s1",7.16547660612994,2,300,0.2
"s5","s1",6.52035415719786,2,300,0.2
"s5","s1",6.97586325965472,2,300,0.2
"s5","s1",7.20581566604825,2,300,0.2
"s5","s1",7.00009067156752,2,300,0.2
"s5","s1",6.93538085183955,2,300,0.2
"s5","s1",7.06529852079439,2,300,0.2
"s5","s1",6.53363833669394,2,300,0.2
"s5","s1",7.03209968873486,2,300,0.2
"s5","s1",6.76389775922928,2,300,0.2
"s5","s1",7.02010258213739,2,300,0.2
"s5","s1",7.38690906049162,2,300,0.2
"s5","s1",6.62007470646488,2,300,0.2
"s5","s1",6.93763076120099,2,300,0.2
"s5","s1",6.94490037594761,2,300,0.2
"s5","s1",7.4917948477124,2,300,0.2
"s5","s1",6.41475123105273,2,300,0.2
"s5","s1",6.80266295140476,2,300,0.2
"s5","s1",6.55583149582757,2,300,0.2
"s5","s1",7.29892878640496,2,300,0.2
"s5","s1",6.06214996295992,2,300,0.2
"s5","s1",6.50439626817824,2,300,0.2
"s5","s1",6.94330543389215,2,300,0.2
"s5","s1",6.95349089416763,2,300,0.2
"s5","s1",7.62928629515739,2,300,0.2
"s5","s1",6.73224168520052,2,300,0.2
"s5","s1",6.84000347557894,2,300,0.2
"s5","s1",6.42585092729209,2,300,0.2
"s5","s1",6.710958221501,2,300,0.2
"s5","s1",6.99546359404495,2,300,0.2
"s5","s1",7.11567049937588,2,300,0.2
"s5","s1",7.56458322577726,2,300,0.2
"s5","s1",6.5059909582731,2,300,0.2
"s5","s1",6.88468023924307,2,300,0.2
"s5","s1",6.83207267807527,2,300,0.2
"s5","s1",7.08970466099905,2,300,0.2
"s5","s1",6.26613596783454,2,300,0.2
"s5","s1",6.66213232721958,2,300,0.2
"s5","s1",7.12681855990405,2,300,0.2
"s5","s1",7.13086525665852,2,300,0.2
"s5","s1",6.75967556938787,2,300,0.2
"s5","s1",6.94490037594761,2,300,0.2
"s5","s1",6.6681566727421,2,300,0.2
"s5","s1",6.96187230735002,2,300,0.2
"s5","s1",6.80700601414379,2,300,0.2
"s5","s1",6.15057114754805,2,300,0.2
"s5","s1",6.93415496296495,2,300,0.2
"s5","s1",6.512985321065,2,300,0.2
"s5","s1",6.95269151606747,2,300,0.2
"s5","s1",6.98517215894897,2,300,0.2
"s5","s1",6.90210959820314,2,300,0.2
"s5","s1",6.78133819377793,2,300,0.2
"s5","s1",6.99617508166739,2,300,0.2
"s5","s1",6.95349089416763,2,300,0.2
"s5","s1",6.70771006633738,2,300,0.2
"s5","s1",6.92444683349964,2,300,0.2
"s5","s1",6.90210959820314,2,300,0.2
"s5","s1",6.80550532138395,2,300,0.2
"s5","s1",6.83327476018903,2,300,0.2
"s5","s1",7.03213531320831,2,300,0.2
"s5","s1",6.62662656525403,2,300,0.2
"s5","s1",6.92066616082999,2,300,0.2
"s5","s1",7.6355007839424,2,300,0.2
"s5","s1",6.64455367988995,2,300,0.2
"s5","s1",7.50918639376894,2,300,0.2
"s5","s1",6.80921539346168,2,300,0.2
"s5","s1",6.53430015886521,2,300,0.2
"s5","s1",6.82546353924832,2,300,0.2
"s5","s1",6.61335992154532,2,300,0.2
"s5","s1",6.87989677808487,2,300,0.2
"s5","s1",6.53719419716145,2,300,0.2
"s5","s1",7.28135501831557,2,300,0.2
"s5","s1",7.47110135730259,2,300,0.2
"s5","s1",7.40722283534058,2,300,0.2
"s5","s1",6.95290539762569,2,300,0.2
"s5","s1",6.62111963910809,2,300,0.2
"s5","s1",7.01259862030432,2,300,0.2
"s5","s1",6.84714357240117,2,300,0.2
"s5","s1",6.6230744404061,2,300,0.2
"s5","s1",6.60195800734196,2,300,0.2
"s5","s1",6.55879430227412,2,300,0.2
"s5","s1",7.01020627770427,2,300,0.2
"s5","s1",7.14004826489843,2,300,0.2
"s5","s1",6.35394418488295,2,300,0.2
"s5","s1",7.13686919152981,2,300,0.2
"s5","s1",6.51201522997243,2,300,0.2
"s5","s1",6.69199091933143,2,300,0.2
"s5","s1",6.29737840754383,2,300,0.2
"s5","s1",7.12095010811984,2,300,0.2
"s5","s1",6.61754994340428,2,300,0.2
"s5","s1",6.31364884194061,2,300,0.2
"s5","s1",7.11105019184893,2,300,0.2
"s5","s1",7.23021726739785,2,300,0.2
"s5","s1",7.67923782132985,2,300,0.2
"s5","s1",6.54316843659149,2,300,0.2
"s5","s1",6.53719419716145,2,300,0.2
"s5","s1",6.83574413888215,2,300,0.2
"s5","s1",6.93009690784664,2,300,0.2
"s5","s1",7.22008991857412,2,300,0.2
"s5","s1",6.96381031745317,2,300,0.2
"s5","s1",7.12681855990405,2,300,0.2
"s5","s1",6.56477470185828,2,300,0.2
"s5","s1",7.26282704074777,2,300,0.2
"s5","s1",6.59247338432348,2,300,0.2
"s5","s1",7.38587221624726,2,300,0.2
"s5","s1",6.82754963429031,2,300,0.2
"s5","s1",7.05292961485731,2,300,0.2
"s5","s1",7.30958007765904,2,300,0.2
"s5","s1",7.41387914519371,2,300,0.2
"s5","s1",6.70406782226141,2,300,0.2
"s5","s1",7.31754219898626,2,300,0.2
"s5","s1",7.17362721640272,2,300,0.2
"s5","s1",7.05478361302016,2,300,0.2
"s5","s1",6.77466874116648,2,300,0.2
"s5","s1",7.4907470961605,2,300,0.2
"s5","s1",7.49475514840535,2,300,0.2
"s5","s1",6.78107712472956,2,300,0.2
"s5","s1",7.07464241987365,2,300,0.2
"s5","s1",6.67157865454608,2,300,0.2
"s5","s1",6.45109925726502,2,300,0.2
"s5","s1",6.7222673936737,2,300,0.2
"s5","s1",6.99267488953348,2,300,0.2
"s5","s1",7.02314936707647,2,300,0.2
"s5","s1",6.41021174075189,2,300,0.2
"s5","s1",6.74100902289523,2,300,0.2
"s5","s1",6.8459731950814,2,300,0.2
"s5","s1",7.58618882706655,2,300,0.2
"s5","s1",7.86232873206986,2,300,0.2
"s5","s1",6.46611142566191,2,300,0.2
"s5","s1",6.90045210523482,2,300,0.2
"s5","s1",7.41703160587991,2,300,0.2
"s5","s1",6.89474712688022,2,300,0.2
"s5","s1",6.69812025696638,2,300,0.2
"s5","s1",7.10934696136353,2,300,0.2
"s5","s1",6.87564066538227,2,300,0.2
"s5","s1",7.68081034564135,2,300,0.2
"s5","s1",6.44012612340971,2,300,0.2
"s5","s1",6.82722021500449,2,300,0.2
"s5","s1",7.02997587723965,2,300,0.2
"s5","s1",6.78133819377793,2,300,0.2
"s5","s1",6.32021849623669,2,300,0.2
"s5","s1",7.18707490700125,2,300,0.2
"s5","s1",6.66625282939619,2,300,0.2
"s5","s1",7.09435358399443,2,300,0.2
"s5","s1",6.9411856036277,2,300,0.2
"s5","s1",6.68342838794289,2,300,0.2
"s5","s1",6.98088395664604,2,300,0.2
"s5","s1",6.85345525120578,2,300,0.2
"s5","s1",6.87656752818165,2,300,0.2
"s5","s1",6.6813737855731,2,300,0.2
"s5","s1",7.14060555617978,2,300,0.2
"s5","s1",6.96145155424382,2,300,0.2
"s5","s1",6.89560405162206,2,300,0.2
"s5","s1",7.08970466099905,2,300,0.2
"s5","s1",6.93432224525345,2,300,0.2
"s5","s1",7.06785744162272,2,300,0.2
"s5","s1",6.53949445518786,2,300,0.2
"s5","s1",6.70913504231773,2,300,0.2
"s5","s1",6.49686839012525,2,300,0.2
"s5","s1",6.97177374445065,2,300,0.2
"s5","s1",6.98981757590903,2,300,0.2
"s5","s1",7.38474865181389,2,300,0.2
"s5","s1",6.53715314527696,2,300,0.2
"s5","s1",7.00435873446604,2,300,0.2
"s5","s1",7.17210894741274,2,300,0.2
"s5","s1",6.57904365581519,2,300,0.2
"s5","s1",6.45941900748073,2,300,0.2
"s5","s1",6.93747823750142,2,300,0.2
"s5","s1",7.00374091450765,2,300,0.2
"s5","s1",6.46539909418561,2,300,0.2
"s5","s1",7.10363559182142,2,300,0.2
"s5","s1",6.46397842370322,2,300,0.2
"s5","s1",7.15950307898885,2,300,0.2
"s5","s1",7.47375521467148,2,300,0.2
"s5","s1",6.16339125256147,2,300,0.2
"s5","s1",6.38642887863834,2,300,0.2
"s5","s1",6.54910560157345,2,300,0.2
"s5","s1",7.0222091531343,2,300,0.2
"s5","s1",6.96799902631147,2,300,0.2
"s5","s1",6.91046664386786,2,300,0.2
"s5","s1",6.77437992188096,2,300,0.2
"s5","s1",6.87874348069469,2,300,0.2
"s5","s1",6.81352910114128,2,300,0.2
"s5","s1",6.57363900665484,2,300,0.2
"s5","s1",7.25091829547192,2,300,0.2
"s5","s1",6.84453406355217,2,300,0.2
"s5","s1",6.65462817468968,2,300,0.2
"s5","s1",7.03556604881756,2,300,0.2
"s5","s1",6.93564774568921,2,300,0.2
"s5","s1",6.74079440679483,2,300,0.2
"s5","s1",6.55487563661477,2,300,0.2
"s5","s1",6.94675799813682,2,300,0.2
"s5","s1",7.09086201249045,2,300,0.2
"s5","s1",7.13235029425775,2,300,0.2
"s5","s1",6.92817596310254,2,300,0.2
"s5","s1",6.76989200337067,2,300,0.2
"s5","s1",6.96824443137592,2,300,0.2
"s5","s1",6.94226102638933,2,300,0.2
"s5","s1",7.01248228366189,2,300,0.2
"s5","s1",7.14206173979348,2,300,0.2
"s5","s1",6.80550532138395,2,300,0.2
"s5","s1",6.68690009972707,2,300,0.2
"s5","s1",6.91807013470424,2,300,0.2
"s5","s1",6.46224072595647,2,300,0.2
"s5","s1",7.19837009938388,2,300,0.2
"s5","s1",6.71565029104491,2,300,0.2
"s5","s1",6.98431042783594,2,300,0.2
"s5","s1",6.68568478024842,2,300,0.2
"s5","s1",6.87210559544295,2,300,0.2
"s5","s1",7.48977485084563,2,300,0.2
"s5","s1",6.90492817512162,2,300,0.2
"s5","s1",6.70632354618279,2,300,0.2
"s5","s1",7.03877213262324,2,300,0.2
"s5","s1",6.51368991347046,2,300,0.2
"s5","s1",7.18148738252704,2,300,0.2
"s5","s1",7.09747372975359,2,300,0.2
"s5","s1",6.53270951593072,2,300,0.2
"s5","s1",7.31765809662713,2,300,0.2
"s5","s1",6.6230744404061,2,300,0.2
"s5","s1",6.61398079058041,2,300,0.2
"s5","s1",6.396676087582,2,300,0.2
"s5","s1",6.61411639109473,2,300,0.2
"s5","s1",6.82978191254708,2,300,0.2
"s5","s1",7.64889287358825,2,300,0.2
"s5","s1",7.10790357709394,2,300,0.2
"s5","s1",6.89991870908935,2,300,0.2
"s5","s1",7.62332641651807,2,300,0.2
"s5","s1",7.41339844716906,2,300,0.2
"s5","s1",6.93258163719033,2,300,0.2
"s5","s1",7.02880317866754,2,300,0.2
"s5","s1",6.60706746863173,2,300,0.2
"s5","s1",7.29922993141878,2,300,0.2
"s5","s1",7.23739794310947,2,300,0.2
"s5","s1",6.84394262556862,2,300,0.2
"s5","s1",7.29144901815442,2,300,0.2
"s5","s1",7.12908992019888,2,300,0.2
"s5","s1",6.1895481294106,2,300,0.2
"s5","s1",7.09873759466156,2,300,0.2
"s5","s1",6.54193470533607,2,300,0.2
"s5","s1",7.38339817429966,2,300,0.2
"s5","s1",7.43242028480338,2,300,0.2
"s5","s1",7.02471924298713,2,300,0.2
"s5","s1",6.77106004533089,2,300,0.2
"s5","s1",6.99482636465401,2,300,0.2
"s5","s1",6.9349569413425,2,300,0.2
"s5","s1",6.83814253654337,2,300,0.2
"s5","s1",6.52534196805182,2,300,0.2
"s5","s1",7.16547660612994,2,300,0.2
"s5","s1",6.60400602955912,2,300,0.2
"s5","s1",6.44707846459963,2,300,0.2
"s5","s1",6.36095892709716,2,300,0.2
"s5","s1",6.867189370502,2,300,0.2
"s5","s1",6.38436173520311,2,300,0.2
"s5","s1",6.69753610117708,2,300,0.2
"s5","s1",7.30864422965826,2,300,0.2
"s5","s1",7.27060976717687,2,300,0.2
"s5","s1",6.46992752360109,2,300,0.2
"s5","s1",7.17817935978156,2,300,0.2
"s5","s1",6.36035652421182,2,300,0.2
"s5","s1",6.88069511774768,2,300,0.2
"s5","s1",6.53715314527696,2,300,0.2
"s5","s1",7.17370606916862,2,300,0.2
"s5","s1",6.79475281488803,2,300,0.2
"s5","s1",7.00480847504542,2,300,0.2
"s5","s1",6.75746100418215,2,300,0.2
"s5","s1",7.61957823750905,2,300,0.2
"s5","s1",7.36005194910214,2,300,0.2
"s5","s1",6.81787147653373,2,300,0.2
"s5","s1",7.318439402555,2,300,0.2
"s5","s1",7.72248477938314,2,300,0.2
"s5","s1",7.1111143652036,2,300,0.2
"s5","s1",7.12244317915653,2,300,0.2
"s5","s1",6.54274905148838,2,300,0.2
"s5","s1",7.08641453329618,2,300,0.2
"s5","s1",7.33983129735151,2,300,0.2
"s5","s1",6.65189778587489,2,300,0.2
"s5","s1",7.39789489679306,2,300,0.2
"s5","s1",6.91446991171889,2,300,0.2
"s5","s1",6.95806957519868,2,300,0.2
"s5","s1",6.98378597197096,2,300,0.2
"s5","s1",6.96696042461517,2,300,0.2
"s5","s1",6.77106004533089,2,300,0.2
"s5","s1",7.26373798813611,2,300,0.2
"s5","s1",7.16119196147758,2,300,0.2
"s5","s1",6.78579166486551,2,300,0.2
"s5","s1",7.07495837751893,2,300,0.2
"s5","s1",7.68398925610688,2,300,0.2
"s5","s1",7.41778788774843,2,300,0.2
"s5","s1",6.43077360842591,2,300,0.2
"s5","s1",6.88921404779786,2,300,0.2
"s5","s1",6.64024211941003,2,300,0.2
"s5","s1",7.7112177530279,2,300,0.2
"s5","s1",7.02042872736665,2,300,0.2
"s5","s1",6.78133819377793,2,300,0.2
"s5","s1",6.64335972620547,2,300,0.2
"s5","s1",6.89995237951288,2,300,0.2
"s5","s1",6.9467805119003,2,300,0.2
"s5","s1",6.54192802790751,2,300,0.2
"s5","s1",6.97276116731618,2,300,0.2
"s5","s1",7.03683103341494,2,300,0.2
"s5","s1",6.75391955633727,2,300,0.2
"s5","s1",6.96488971593258,2,300,0.2
"s5","s1",6.91578383763524,2,300,0.2
"s5","s1",6.63363812040668,2,300,0.2
"s5","s1",6.7163781659349,2,300,0.2
"s5","s1",7.06753537245314,2,300,0.2
"s5","s1",6.52979374661038,2,300,0.2
"s5","s1",6.58370433152151,2,300,0.2
"s5","s1",6.6552591745437,2,300,0.2
"s5","s1",7.25627229427502,2,300,0.2
"s5","s1",7.14387763401392,2,300,0.2
"s5","s1",6.81469037467946,2,300,0.2
"s5","s1",6.31675767901647,2,300,0.2
"s5","s1",7.27227060454137,2,300,0.2
"s5","s1",6.84714357240117,2,300,0.2
"s5","s1",7.26175153299771,2,300,0.2
"s5","s1",6.40295434658412,2,300,0.2
"s5","s1",7.1985821601352,2,300,0.2
"s5","s1",6.81288963304455,2,300,0.2
"s5","s1",6.95722908808503,2,300,0.2
"s5","s1",6.51699554126247,2,300,0.2
"s5","s1",6.71166636457978,2,300,0.2
"s5","s1",7.01232442082035,2,300,0.2
"s5","s1",6.89995237951288,2,300,0.2
"s5","s1",7.08674122102869,2,300,0.2
"s5","s1",6.97108901766117,2,300,0.2
"s5","s1",6.71299948423861,2,300,0.2
"s5","s1",6.91327726651975,2,300,0.2
"s5","s1",7.15921614373757,2,300,0.2
"s5","s1",7.66569526714744,2,300,0.2
"s5","s1",7.35684347248272,2,300,0.2
"s5","s1",6.97905827571873,2,300,0.2
"s5","s1",7.285152689444,2,300,0.2
"s5","s1",7.20510924567139,2,300,0.2
"s5","s1",7.03213531320831,2,300,0.2
"s5","s1",7.22023343188452,2,300,0.2
"s5","s1",7.68979116291194,2,300,0.2
"s5","s1",7.25114682156116,2,300,0.2
"s5","s1",7.64238507462264,2,300,0.2
"s5","s1",7.22678817018397,2,300,0.2
"s5","s1",6.87127085659282,2,300,0.2
"s5","s1",7.10158301078667,2,300,0.2
"s5","s1",6.9467805119003,2,300,0.2
"s5","s1",7.20949660233876,2,300,0.2
"s5","s1",7.16619113065681,2,300,0.2
"s5","s1",7.08940131957614,2,300,0.2
"s5","s1",7.13943260863346,2,300,0.2
"s5","s1",7.41118422289092,2,300,0.2
"s5","s1",7.2357391705969,2,300,0.2
"s5","s1",7.12173873574517,2,300,0.2
"s5","s1",6.53766082871518,2,300,0.2
"s5","s1",6.81960746397881,2,300,0.2
"s5","s1",7.24056412369802,2,300,0.2
"s5","s1",5.93667206629657,2,300,0.2
"s5","s1",6.9467805119003,2,300,0.2
"s5","s1",7.01630407908847,2,300,0.2
"s5","s1",6.86831964613324,2,300,0.2
"s5","s1",7.41501055552547,2,300,0.2
"s5","s1",6.35565300457746,2,300,0.2
"s5","s1",6.89125325636819,2,300,0.2
"s5","s1",7.31001472803866,2,300,0.2
"s5","s1",7.28263313204083,2,300,0.2
"s5","s1",7.24286457287515,2,300,0.2
"s5","s1",7.27058156824129,2,300,0.2
"s5","s1",7.12244317915653,2,300,0.2
"s5","s1",7.1069379055773,2,300,0.2
"s5","s1",7.41178633881265,2,300,0.2
"s5","s1",6.89995237951288,2,300,0.2
"s5","s1",6.75926731831148,2,300,0.2
"s5","s1",7.11391088888668,2,300,0.2
"s5","s1",7.29231291044186,2,300,0.2
"s5","s1",7.08758383843398,2,300,0.2
"s5","s1",6.56777087839953,2,300,0.2
"s5","s1",6.50575789979611,2,300,0.2
"s5","s1",6.49600593062578,2,300,0.2
"s5","s1",6.85725332869921,2,300,0.2
"s5","s1",6.46666436139355,2,300,0.2
"s5","s1",6.72256766802165,2,300,0.2
"s5","s1",7.44310602983039,2,300,0.2
"s5","s1",7.00009067156752,2,300,0.2
"s5","s1",6.4992806096808,2,300,0.2
"s5","s1",7.43190417487926,2,300,0.2
"s5","s1",6.07536236540987,2,300,0.2
"s5","s1",6.7139707279328,2,300,0.2
"s5","s1",7.00352029452122,2,300,0.2
"s5","s1",6.87106309741667,2,300,0.2
"s5","s1",6.9103202275717,2,300,0.2
"s5","s1",6.93558110076233,2,300,0.2
"s5","s1",7.36314390327816,2,300,0.2
"s5","s1",6.77156634331347,2,300,0.2
"s5","s1",6.97814284537353,2,300,0.2
"s5","s1",7.05205129951696,2,300,0.2
"s5","s1",6.99267488953348,2,300,0.2
"s5","s1",7.40723877394595,2,300,0.2
"s5","s1",6.38515324884499,2,300,0.2
"s5","s1",6.63329892656774,2,300,0.2
"s5","s1",7.33790340828271,2,300,0.2
"s5","s1",7.06688509740238,2,300,0.2
"s5","s1",7.38891115490748,2,300,0.2
"s5","s1",7.46853386006918,2,300,0.2
"s5","s1",6.99267488953348,2,300,0.2
"s5","s1",6.2409758651268,2,300,0.2
"s5","s1",6.83814253654337,2,300,0.2
"s5","s1",6.61655166417504,2,300,0.2
"s5","s1",7.0750160278772,2,300,0.2
"s5","s1",7.29150679623336,2,300,0.2
"s5","s1",7.66588024454658,2,300,0.2
"s5","s1",6.85989507207128,2,300,0.2
"s5","s1",6.80754508582061,2,300,0.2
"s5","s1",7.54512829261328,2,300,0.2
"s5","s1",6.82620469657552,2,300,0.2
"s5","s1",6.08342244972041,2,300,0.2
"s5","s1",6.1866678205252,2,300,0.2
"s5","s1",7.00771526610379,2,300,0.2
"s5","s1",6.71557738625424,2,300,0.2
"s5","s1",6.78284770539634,2,300,0.2
"s5","s1",6.56942162151119,2,300,0.2
"s5","s1",6.75775794939694,2,300,0.2
"s5","s1",6.84554309898489,2,300,0.2
"s5","s1",6.92817596310254,2,300,0.2
"s5","s1",6.89941291487079,2,300,0.2
"s5","s1",7.51646545628532,2,300,0.2
"s5","s1",7.38500003908444,2,300,0.2
"s5","s1",7.09283400624017,2,300,0.2
"s5","s1",6.79039442362696,2,300,0.2
"s5","s1",7.23896442845027,2,300,0.2
"s5","s1",6.88906120977248,2,300,0.2
"s5","s1",6.64116757853466,2,300,0.2
"s5","s1",7.34882665067475,2,300,0.2
"s5","s1",7.08777287503705,2,300,0.2
"s5","s1",7.04346474063597,2,300,0.2
"s5","s1",7.19733634857546,2,300,0.2
"s5","s1",6.7976041088856,2,300,0.2
"s5","s1",7.0227056907674,2,300,0.2
"s5","s1",6.07401502688434,2,300,0.2
"s5","s1",7.15630833997493,2,300,0.2
"s5","s1",6.88717483922753,2,300,0.2
"s5","s1",6.83343574653455,2,300,0.2
"s5","s1",6.0998759345385,2,300,0.2
"s5","s1",6.74488275685974,2,300,0.2
"s5","s1",6.9346413683781,2,300,0.2
"s5","s1",7.28830436108501,2,300,0.2
"s5","s1",7.10503888613491,2,300,0.2
"s5","s1",7.25606796152613,2,300,0.2
"s5","s1",7.11721955443403,2,300,0.2
"s5","s1",7.13497708988376,2,300,0.2
"s5","s1",7.1291427180375,2,300,0.2
"s5","s1",6.77903951837504,2,300,0.2
"s5","s1",6.96825911241881,2,300,0.2
"s5","s1",6.85310442147936,2,300,0.2
"s5","s1",7.3675345386941,2,300,0.2
"s5","s1",6.94434841734774,2,300,0.2
"s5","s1",7.81353418967122,2,300,0.2
"s5","s1",6.60706746863173,2,300,0.2
"s5","s1",6.46252318805512,2,300,0.2
"s5","s1",6.96705632024912,2,300,0.2
"s5","s1",6.7191449083803,2,300,0.2
"s5","s1",7.681673847978,2,300,0.2
"s5","s1",7.08262042956693,2,300,0.2
"s5","s1",7.26387181185044,2,300,0.2
"s5","s1",6.95311915926359,2,300,0.2
"s5","s1",6.58321237800142,2,300,0.2
"s5","s1",6.91484682091242,2,300,0.2
"s5","s1",7.68979116291194,2,300,0.2
"s5","s1",6.68550596240922,2,300,0.2
"s5","s1",6.72244909763136,2,300,0.2
"s5","s1",7.09342756535209,2,300,0.2
"s5","s1",6.41889326126754,2,300,0.2
"s5","s1",6.61058510919688,2,300,0.2
"s5","s1",6.97118400739785,2,300,0.2
"s5","s1",6.78526454478768,2,300,0.2
"s5","s1",6.91711565720971,2,300,0.2
"s5","s1",7.57413474271178,2,300,0.2
"s5","s1",6.53715992012545,2,300,0.2
"s5","s1",7.29633140567724,2,300,0.2
"s5","s1",6.90624289151628,2,300,0.2
"s5","s1",6.74151042090426,2,300,0.2
"s5","s1",7.4742537112416,2,300,0.2
"s5","s1",7.02968099981861,2,300,0.2
"s5","s1",6.92660215352663,2,300,0.2
"s5","s1",7.02759013599862,2,300,0.2
"s5","s1",6.90648899306162,2,300,0.2
"s5","s1",6.53287483165809,2,300,0.2
"s5","s1",6.8841219090023,2,300,0.2
"s5","s1",7.70619100801295,2,300,0.2
"s5","s1",6.9764064056113,2,300,0.2
"s5","s1",6.46577709470213,2,300,0.2
"s5","s1",7.01670134362493,2,300,0.2
"s5","s1",6.3973290100802,2,300,0.2
"s5","s1",7.1270025694058,2,300,0.2
"s5","s1",6.66382344274177,2,300,0.2
"s5","s1",6.89867536934867,2,300,0.2
"s5","s1",7.48979851604606,2,300,0.2
"s5","s1",6.89702601148086,2,300,0.2
"s5","s1",6.74394135344525,2,300,0.2
"s5","s1",7.08932274922387,2,300,0.2
"s5","s1",7.2143838394687,2,300,0.2
"s5","s1",7.4249624008462,2,300,0.2
"s5","s1",6.37909500072276,2,300,0.2
"s5","s1",6.38149959519955,2,300,0.2
"s5","s1",6.74394135344525,2,300,0.2
"s5","s1",6.23215534659249,2,300,0.2
"s5","s1",6.84453406355217,2,300,0.2
"s5","s1",7.37567792431739,2,300,0.2
"s5","s1",6.66521762909865,2,300,0.2
"s5","s1",6.65081377516026,2,300,0.2
"s5","s1",6.67778720856241,2,300,0.2
"s5","s1",7.41013406291494,2,300,0.2
"s5","s1",7.01516801296492,2,300,0.2
"s5","s1",6.92423262900029,2,300,0.2
"s5","s1",7.51571449328122,2,300,0.2
"s5","s1",7.43724132912649,2,300,0.2
"s5","s1",7.23222809895724,2,300,0.2
"s5","s1",7.17168166540387,2,300,0.2
"s5","s1",6.80700601414379,2,300,0.2
"s5","s1",6.60717353178453,2,300,0.2
"s5","s1",6.89450679464268,2,300,0.2
"s5","s1",7.10503888613491,2,300,0.2
"s5","s1",7.4002350062909,2,300,0.2
"s5","s1",6.93600740769894,2,300,0.2
"s5","s1",6.93606285331657,2,300,0.2
"s5","s1",7.37555415709204,2,300,0.2
"s5","s1",7.02997587723965,2,300,0.2
"s5","s1",7.00426640625943,2,300,0.2
"s5","s1",6.89029740779351,2,300,0.2
"s5","s1",6.512985321065,2,300,0.2
"s5","s1",6.94749701900264,2,300,0.2
"s5","s1",6.76874350785592,2,300,0.2
"s5","s1",7.22686702654846,2,300,0.2
"s5","s1",7.28679356991207,2,300,0.2
"s5","s1",7.69698971330739,2,300,0.2
"s5","s1",6.60777388815028,2,300,0.2
"s5","s1",6.69181685056488,2,300,0.2
"s5","s1",7.42277069406232,2,300,0.2
"s5","s1",7.10193326653369,2,300,0.2
"s5","s1",7.01282738296255,2,300,0.2
"s5","s1",6.68769059241721,2,300,0.2
"s5","s1",6.95187737391302,2,300,0.2
"s5","s1",6.57143794981982,2,300,0.2
"s5","s1",6.95884636438495,2,300,0.2
"s5","s1",6.46604576248316,2,300,0.2
"s5","s1",7.04426796472519,2,300,0.2
"s5","s1",7.30659044890131,2,300,0.2
"s5","s1",7.0682343026622,2,300,0.2
"s5","s1",7.66945547043906,2,300,0.2
"s5","s1",7.34182974468848,2,300,0.2
"s5","s1",6.54998538371164,2,300,0.2
"s5","s1",6.66423084029267,2,300,0.2
"s5","s1",6.50839691170289,2,300,0.2
"s5","s1",7.33499379830965,2,300,0.2
"s5","s1",6.83274376770547,2,300,0.2
"s5","s1",6.92807674383363,2,300,0.2
"s5","s1",7.70679503194721,2,300,0.2
"s5","s1",6.89932921574144,2,300,0.2
"s5","s1",6.63078091033775,2,300,0.2
"s5","s1",6.88742588830034,2,300,0.2
"s5","s1",7.34091525520625,2,300,0.2
"s5","s1",6.63670120360374,2,300,0.2
"s5","s1",6.73739272221799,2,300,0.2
"s5","s1",7.13567672194188,2,300,0.2
"s5","s1",7.10685057705394,2,300,0.2
"s5","s1",6.92235285882666,2,300,0.2
"s5","s1",6.47730516016988,2,300,0.2
"s5","s1",6.87002059939039,2,300,0.2
"s5","s1",6.71057169619624,2,300,0.2
"s5","s1",6.80239561877198,2,300,0.2
"s5","s1",6.24493639678807,2,300,0.2
"s5","s1",7.18723393369322,2,300,0.2
"s5","s1",6.48243830947403,2,300,0.2
"s5","s1",6.72564210637494,2,300,0.2
"s5","s1",6.67285744664011,2,300,0.2
"s5","s1",6.97304825562894,2,300,0.2
"s5","s1",7.02633330488877,2,300,0.2
"s5","s1",6.65503034400524,2,300,0.2
"s5","s1",6.97725718835456,2,300,0.2
"s5","s1",7.12349308523786,2,300,0.2
"s5","s1",6.99398722651196,2,300,0.2
"s5","s1",7.09869993038507,2,300,0.2
"s5","s1",6.6728299375219,2,300,0.2
"s5","s1",7.10193326653369,2,300,0.2
"s5","s1",7.18265019726972,2,300,0.2
"s5","s1",7.18787396698355,2,300,0.2
"s5","s1",6.83250457788608,2,300,0.2
"s5","s1",7.14301833896864,2,300,0.2
"s5","s1",6.7084436097222,2,300,0.2
"s5","s1",6.48260173043155,2,300,0.2
"s5","s1",6.62531177112686,2,300,0.2
"s5","s1",6.50049525702305,2,300,0.2
"s5","s1",6.54381909531309,2,300,0.2
"s5","s1",7.21647951112197,2,300,0.2
"s5","s1",7.15368535032822,2,300,0.2
"s5","s1",6.80424763436727,2,300,0.2
"s5","s1",7.4582714292539,2,300,0.2
"s5","s1",7.34251104378885,2,300,0.2
"s5","s1",6.85909543360811,2,300,0.2
"s5","s1",7.08949960909852,2,300,0.2
"s5","s1",6.69793089674536,2,300,0.2
"s5","s1",7.03883867347833,2,300,0.2
"s5","s1",6.50222728254273,2,300,0.2
"s5","s1",6.79039442362696,2,300,0.2
"s5","s1",6.92528221675869,2,300,0.2
"s5","s1",6.95088230646542,2,300,0.2
"s5","s1",7.1459634191991,2,300,0.2
"s5","s1",6.5337946154706,2,300,0.2
"s5","s1",6.86316044305329,2,300,0.2
"s5","s1",7.03687929863197,2,300,0.2
"s5","s1",7.02997587723965,2,300,0.2
"s5","s1",7.15221357283594,2,300,0.2
"s5","s1",6.84394262556862,2,300,0.2
"s5","s1",7.67869040544494,2,300,0.2
"s5","s1",6.74828441716892,2,300,0.2
"s5","s1",7.08698053046294,2,300,0.2
"s5","s1",6.82818139996293,2,300,0.2
"s5","s1",6.66172215919724,2,300,0.2
"s5","s1",6.52416989453944,2,300,0.2
"s5","s1",7.01020627770427,2,300,0.2
"s5","s1",7.22059414056559,2,300,0.2
"s5","s1",6.90949241634195,2,300,0.2
"s5","s1",6.89447204039826,2,300,0.2
"s5","s1",7.36428339465325,2,300,0.2
"s5","s1",7.5642132339939,2,300,0.2
"s5","s1",6.71269316647616,2,300,0.2
"s5","s1",6.92640324842468,2,300,0.2
"s5","s1",6.70807683802979,2,300,0.2
"s5","s1",7.23010663086772,2,300,0.2
"s5","s1",6.76127638581369,2,300,0.2
"s5","s1",7.55950133912106,2,300,0.2
"s5","s1",7.24056412369802,2,300,0.2
"s5","s1",6.80200430116798,2,300,0.2
"s5","s1",6.42720380222939,2,300,0.2
"s5","s1",6.95209175792018,2,300,0.2
"s5","s1",6.91924246381074,2,300,0.2
"s5","s1",7.31417500192811,2,300,0.2
"s5","s1",6.64810269903549,2,300,0.2
"s5","s1",6.84077508588577,2,300,0.2
"s5","s1",6.75251638322587,2,300,0.2
"s5","s1",6.92008771316541,2,300,0.2
"s5","s1",6.92682394182748,2,300,0.2
"s5","s1",7.04864197209855,2,300,0.2
"s5","s1",6.49664630460185,2,300,0.2
"s5","s1",6.75967556938787,2,300,0.2
"s5","s1",6.54381909531309,2,300,0.2
"s5","s1",6.80245692767716,2,300,0.2
"s5","s1",7.21688264704611,2,300,0.2
"s5","s1",6.75591070744729,2,300,0.2
"s5","s1",7.261806337916,2,300,0.2
"s5","s1",7.41063751980272,2,300,0.2
"s5","s1",6.52221495906475,2,300,0.2
"s5","s1",7.72684453345276,2,300,0.2
"s5","s1",6.99187429083182,2,300,0.2
"s5","s1",7.88932712973213,2,300,0.2
"s5","s1",7.02973679889477,2,300,0.2
"s5","s1",7.27195829547468,2,300,0.2
"s5","s1",6.72251549030194,2,300,0.2
"s5","s1",6.79171110916235,2,300,0.2
"s5","s1",7.07528043070263,2,300,0.2
"s5","s1",7.20864608719955,2,300,0.2
"s5","s1",7.40728661523315,2,300,0.2
"s5","s1",7.000003406625,2,300,0.2
"s5","s1",7.49292110198699,2,300,0.2
"s5","s1",6.85404561756357,2,300,0.2
"s5","s1",6.13145177434191,2,300,0.2
"s5","s1",7.44672120928555,2,300,0.2
"s5","s1",7.1097613939002,2,300,0.2
"s5","s1",7.17678732973491,2,300,0.2
"s5","s1",7.35915845199926,2,300,0.2
"s5","s1",6.83486397857814,2,300,0.2
"s5","s1",7.33461211925802,2,300,0.2
"s5","s1",6.90287339923094,2,300,0.2
"s5","s1",6.69582646290919,2,300,0.2
"s5","s1",7.38572693229992,2,300,0.2
"s5","s1",7.15082308213042,2,300,0.2
"s5","s1",7.01693357553691,2,300,0.2
"s5","s1",6.42585092729209,2,300,0.2
"s5","s1",7.33461211925802,2,300,0.2
"s5","s1",7.08090618948833,2,300,0.2
"s5","s1",6.73400085156736,2,300,0.2
"s5","s1",6.7850887736216,2,300,0.2
"s5","s1",7.06689347735445,2,300,0.2
"s5","s1",7.14743738974401,2,300,0.2
"s5","s1",6.65191609758419,2,300,0.2
"s5","s1",7.06521433380462,2,300,0.2
"s5","s1",6.89188417368158,2,300,0.2
"s5","s1",7.38987007756575,2,300,0.2
"s5","s1",6.78291266833594,2,300,0.2
"s5","s1",6.98454589280102,2,300,0.2
"s5","s1",6.56593111018013,2,300,0.2
"s5","s1",6.47150633286759,2,300,0.2
"s5","s1",6.8606914902704,2,300,0.2
"s5","s1",6.91080720878935,2,300,0.2
"s5","s1",6.7084436097222,2,300,0.2
"s5","s1",6.73817408171402,2,300,0.2
"s5","s1",6.67134288848712,2,300,0.2
"s5","s1",7.08928667153648,2,300,0.2
"s5","s1",7.34844677708836,2,300,0.2
"s5","s1",6.63802720475483,2,300,0.2
"s5","s1",7.08427780076863,2,300,0.2
"s5","s1",7.05316964490964,2,300,0.2
"s5","s1",7.25888733522243,2,300,0.2
"s5","s1",6.90768969042139,2,300,0.2
"s5","s1",6.91595270324865,2,300,0.2
"s5","s1",7.49556447748822,2,300,0.2
"s5","s1",6.93042653959813,2,300,0.2
"s5","s1",6.81693834137892,2,300,0.2
"s5","s1",7.40686994905073,2,300,0.2
"s5","s1",6.84467649558432,2,300,0.2
"s5","s1",6.92247844714376,2,300,0.2
"s5","s1",6.91696058982626,2,300,0.2
"s5","s1",6.88214508055201,2,300,0.2
"s5","s1",6.63192348518814,2,300,0.2
"s5","s1",6.22744595256062,2,300,0.2
"s5","s1",6.94480016756467,2,300,0.2
"s5","s1",7.14040064208891,2,300,0.2
"s5","s1",6.65832464947869,2,300,0.2
"s5","s1",7.21326123271261,2,300,0.2
"s5","s1",6.70816767391328,2,300,0.2
"s5","s1",7.02347140348721,2,300,0.2
"s5","s1",6.69327045856124,2,300,0.2
"s5","s1",6.23690638669684,2,300,0.2
"s5","s1",7.01404203139685,2,300,0.2
"s5","s1",7.24014611145405,2,300,0.2
"s5","s1",7.40263311077264,2,300,0.2
"s5","s1",7.39962544981819,2,300,0.2
"s5","s1",7.60336024326007,2,300,0.2
"s5","s1",7.19675854525446,2,300,0.2
"s5","s1",7.37505586487023,2,300,0.2
"s5","s1",6.3962694317903,2,300,0.2
"s5","s1",7.16116598258148,2,300,0.2
"s5","s1",6.9467805119003,2,300,0.2
"s5","s1",7.16692875870909,2,300,0.2
"s5","s1",6.71415874944412,2,300,0.2
"s5","s1",7.00771526610379,2,300,0.2
"s5","s1",6.45139290463758,2,300,0.2
"s5","s1",6.86761022689717,2,300,0.2
"s5","s1",6.54360438682752,2,300,0.2
"s5","s1",7.13417203856,2,300,0.2
"s5","s1",6.83907076826873,2,300,0.2
"s5","s1",7.23954802293282,2,300,0.2
"s5","s1",7.11711091194039,2,300,0.2
"s5","s1",6.43857601504712,2,300,0.2
"s5","s1",6.54588375887419,2,300,0.2
"s5","s1",7.51295303960411,2,300,0.2
"s5","s1",6.54998348907265,2,300,0.2
"s5","s1",6.77564731963484,2,300,0.2
"s5","s1",6.81807424057894,2,300,0.2
"s5","s1",7.11960488636477,2,300,0.2
"s5","s1",6.29216302288057,2,300,0.2
"s5","s1",6.85345525120578,2,300,0.2
"s5","s1",7.31500272155409,2,300,0.2
"s5","s1",7.29023720656053,2,300,0.2
"s5","s1",6.44104821827432,2,300,0.2
"s5","s1",7.04029212983551,2,300,0.2
"s5","s1",6.97067918042754,2,300,0.2
"s5","s1",6.51706089209329,2,300,0.2
"s5","s1",7.40167959122294,2,300,0.2
"s5","s1",7.1107543721466,2,300,0.2
"s5","s1",7.16349044513801,2,300,0.2
"s5","s1",6.26019479826845,2,300,0.2
"s5","s1",6.84136965299948,2,300,0.2
"s5","s1",7.16692875870909,2,300,0.2
"s5","s1",6.512985321065,2,300,0.2
"s5","s1",6.80959637102731,2,300,0.2
"s5","s1",7.03222627948514,2,300,0.2
"s5","s1",6.79457108995336,2,300,0.2
"s5","s1",6.741040776658,2,300,0.2
"s5","s1",7.31575566332701,2,300,0.2
"s5","s1",6.81331711795538,2,300,0.2
"s5","s1",7.0750160278772,2,300,0.2
"s5","s1",6.84292235342957,2,300,0.2
"s5","s1",6.3173226894664,2,300,0.2
"s5","s1",7.50323972917643,2,300,0.2
"s5","s1",6.77879468756141,2,300,0.2
"s5","s1",6.58548723834994,2,300,0.2
"s5","s1",6.512985321065,2,300,0.2
"s5","s1",7.36842327694993,2,300,0.2
"s5","s1",6.96052623034547,2,300,0.2
"s5","s1",6.512985321065,2,300,0.2
"s5","s1",7.44919657707527,2,300,0.2
"s5","s1",6.68112443579989,2,300,0.2
"s5","s1",6.67098096331284,2,300,0.2
"s5","s1",7.75257120489483,2,300,0.2
"s5","s1",7.73323105972935,2,300,0.2
"s5","s1",7.17388132565549,2,300,0.2
"s5","s1",7.12681855990405,2,300,0.2
"s5","s1",6.98611871304447,2,300,0.2
"s5","s1",6.23105892376795,2,300,0.2
"s5","s1",6.76282457991299,2,300,0.2
"s5","s1",6.66427092922027,2,300,0.2
"s5","s1",6.97052364097021,2,300,0.2
"s5","s1",6.53782411679456,2,300,0.2
"s5","s1",7.23651506391016,2,300,0.2
"s5","s1",7.63052660897247,2,300,0.2
"s5","s1",6.73901282274852,2,300,0.2
"s5","s1",7.29764327318473,2,300,0.2
"s5","s1",6.1620102235223,2,300,0.2
"s5","s1",7.15901299797125,2,300,0.2
"s5","s1",6.61564841065927,2,300,0.2
"s5","s1",6.52921154320762,2,300,0.2
"s5","s1",7.00800373777534,2,300,0.2
"s5","s1",6.95269826570782,2,300,0.2
"s5","s1",6.96954402198632,2,300,0.2
"s5","s1",6.63301549767728,2,300,0.2
"s5","s1",7.2826546834124,2,300,0.2
"s5","s1",7.03222627948514,2,300,0.2
"s5","s1",7.33763949415161,2,300,0.2
"s5","s1",7.3299448911281,2,300,0.2
"s5","s1",6.95884636438495,2,300,0.2
"s5","s1",6.512985321065,2,300,0.2
"s5","s1",6.80953825649195,2,300,0.2
"s5","s1",6.90869337572524,2,300,0.2
"s5","s1",6.97437922301282,2,300,0.2
"s5","s1",6.41963146699928,2,300,0.2
"s5","s1",6.67403178517576,2,300,0.2
"s5","s1",6.95404464956744,2,300,0.2
"s5","s1",7.17616066176955,2,300,0.2
"s5","s1",6.8861977668893,2,300,0.2
"s5","s1",7.2295271735122,2,300,0.2
"s5","s1",6.90768969042139,2,300,0.2
"s5","s1",6.52780957531466,2,300,0.2
"s5","s1",6.39833351494065,2,300,0.2
"s5","s1",7.77345551822078,2,300,0.2
"s5","s1",7.47242828598703,2,300,0.2
"s5","s1",6.76165978605782,2,300,0.2
"s5","s1",6.19279323587554,2,300,0.2
"s5","s1",6.41259408536396,2,300,0.2
"s5","s1",6.73513821813042,2,300,0.2
"s5","s1",7.08949960909852,2,300,0.2
"s5","s1",6.46940007221394,2,300,0.2
"s5","s1",6.16972668597879,2,300,0.2
"s5","s1",6.81808213457583,2,300,0.2
"s5","s1",6.77221380411896,2,300,0.2
"s5","s1",7.25477064393118,2,300,0.2
"s5","s1",6.88069511774768,2,300,0.2
"s5","s1",7.53731376508944,2,300,0.2
"s5","s1",7.30892545271827,2,300,0.2
"s5","s1",7.24286457287515,2,300,0.2
"s5","s1",6.60408146891734,2,300,0.2
"s5","s1",6.83253350594048,2,300,0.2
"s5","s1",6.71617981640495,2,300,0.2
"s5","s1",6.85061631082013,2,300,0.2
"s5","s1",7.81353418967122,2,300,0.2
"s5","s1",6.81562119952554,2,300,0.2
"s5","s1",7.06753537245314,2,300,0.2
"s5","s1",6.77156634331347,2,300,0.2
"s5","s1",6.84371185333416,2,300,0.2
"s5","s1",6.86692857490442,2,300,0.2
"s5","s1",6.65878970149612,2,300,0.2
"s5","s1",7.09283400624017,2,300,0.2
"s5","s1",6.73792769289641,2,300,0.2
"s5","s1",6.35014326642458,2,300,0.2
"s5","s1",6.66097873301078,2,300,0.2
"s5","s1",7.03005978544373,2,300,0.2
"s5","s1",6.62870433169455,2,300,0.2
"s5","s1",6.35594341390099,2,300,0.2
"s5","s1",7.2283412578773,2,300,0.2
"s5","s1",7.00124168294661,2,300,0.2
"s5","s1",7.32928047472856,2,300,0.2
"s5","s1",7.23769122779106,2,300,0.2
"s5","s1",6.57074379038687,2,300,0.2
"s5","s1",6.72463266140413,2,300,0.2
"s5","s1",7.02633330488877,2,300,0.2
"s5","s1",7.28964891993991,2,300,0.2
"s5","s1",6.77839602267503,2,300,0.2
"s5","s1",7.00997049444973,2,300,0.2
"s5","s1",7.10982324686012,2,300,0.2
"s5","s1",6.5636878034387,2,300,0.2
"s5","s1",6.75275142677484,2,300,0.2
"s5","s1",6.60367557470535,2,300,0.2
"s5","s1",6.98099458067715,2,300,0.2
"s5","s1",6.85355153431095,2,300,0.2
"s5","s1",6.97351655019543,2,300,0.2
"s5","s1",6.85204978875217,2,300,0.2
"s5","s1",6.91293535312878,2,300,0.2
"s5","s1",6.51689879484138,2,300,0.2
"s5","s1",7.1945834842503,2,300,0.2
"s5","s1",6.4366624525433,2,300,0.2
"s5","s1",6.77625118134489,2,300,0.2
"s5","s1",6.87563685336774,2,300,0.2
"s5","s2",7.06605908546381,2,300,0.2
"s5","s2",6.66912185777738,2,300,0.2
"s5","s2",6.65265128261404,2,300,0.2
"s5","s2",6.67959061571879,2,300,0.2
"s5","s2",6.93426597572577,2,300,0.2
"s5","s2",7.46703900856082,2,300,0.2
"s5","s2",7.05459013875608,2,300,0.2
"s5","s2",6.91502703891541,2,300,0.2
"s5","s2",7.0712093999675,2,300,0.2
"s5","s2",6.79883419721641,2,300,0.2
"s5","s2",6.63229332248947,2,300,0.2
"s5","s2",6.96041529186175,2,300,0.2
"s5","s2",7.08427814209908,2,300,0.2
"s5","s2",6.83641867064753,2,300,0.2
"s5","s2",7.18997889707884,2,300,0.2
"s5","s2",7.00257624297058,2,300,0.2
"s5","s2",7.33276832085513,2,300,0.2
"s5","s2",7.06099639265275,2,300,0.2
"s5","s2",6.89229030181122,2,300,0.2
"s5","s2",6.82502482253822,2,300,0.2
"s5","s2",7.33585013729512,2,300,0.2
"s5","s2",6.77454877306214,2,300,0.2
"s5","s2",7.03162948230116,2,300,0.2
"s5","s2",7.00553474204324,2,300,0.2
"s5","s2",7.20049167735138,2,300,0.2
"s5","s2",6.89050321474159,2,300,0.2
"s5","s2",6.65206074765433,2,300,0.2
"s5","s2",7.16287535598897,2,300,0.2
"s5","s2",6.76188542733401,2,300,0.2
"s5","s2",6.86534009138393,2,300,0.2
"s5","s2",7.30136023350792,2,300,0.2
"s5","s2",6.80677686541406,2,300,0.2
"s5","s2",6.86324436286248,2,300,0.2
"s5","s2",7.0764561553494,2,300,0.2
"s5","s2",6.89227362415974,2,300,0.2
"s5","s2",7.13106805448889,2,300,0.2
"s5","s2",6.91186953829616,2,300,0.2
"s5","s2",6.76871632424951,2,300,0.2
"s5","s2",7.04911069893382,2,300,0.2
"s5","s2",7.36688249668322,2,300,0.2
"s5","s2",6.50459860288872,2,300,0.2
"s5","s2",7.20522522370771,2,300,0.2
"s5","s2",6.92420998998444,2,300,0.2
"s5","s2",7.04861490443656,2,300,0.2
"s5","s2",6.85054717383018,2,300,0.2
"s5","s2",7.13247977942013,2,300,0.2
"s5","s2",7.16274870042446,2,300,0.2
"s5","s2",6.83053765689863,2,300,0.2
"s5","s2",6.85324811314752,2,300,0.2
"s5","s2",7.2355843406159,2,300,0.2
"s5","s2",6.90838316904474,2,300,0.2
"s5","s2",6.71584746489336,2,300,0.2
"s5","s2",6.46627372022516,2,300,0.2
"s5","s2",7.61104745784641,2,300,0.2
"s5","s2",6.78306363103059,2,300,0.2
"s5","s2",6.25488235599647,2,300,0.2
"s5","s2",7.35714722338892,2,300,0.2
"s5","s2",7.01484074112356,2,300,0.2
"s5","s2",7.07742890917021,2,300,0.2
"s5","s2",7.19196888004203,2,300,0.2
"s5","s2",7.18097375187808,2,300,0.2
"s5","s2",7.06267104803342,2,300,0.2
"s5","s2",7.07071493546175,2,300,0.2
"s5","s2",7.21075257400362,2,300,0.2
"s5","s2",6.73008852386882,2,300,0.2
"s5","s2",7.25146283186982,2,300,0.2
"s5","s2",6.94143792592411,2,300,0.2
"s5","s2",6.83444516098558,2,300,0.2
"s5","s2",6.95150642732599,2,300,0.2
"s5","s2",7.05557609022944,2,300,0.2
"s5","s2",6.45880548203184,2,300,0.2
"s5","s2",6.94844281363078,2,300,0.2
"s5","s2",6.90704472151486,2,300,0.2
"s5","s2",7.35857153412104,2,300,0.2
"s5","s2",6.91758572644558,2,300,0.2
"s5","s2",6.67140473293355,2,300,0.2
"s5","s2",7.45220558652153,2,300,0.2
"s5","s2",7.09456697767375,2,300,0.2
"s5","s2",7.27350666826248,2,300,0.2
"s5","s2",6.92586952173782,2,300,0.2
"s5","s2",7.53637901838106,2,300,0.2
"s5","s2",6.474611672107,2,300,0.2
"s5","s2",7.16805669782701,2,300,0.2
"s5","s2",6.87986354484696,2,300,0.2
"s5","s2",7.0740370968101,2,300,0.2
"s5","s2",6.97967261601815,2,300,0.2
"s5","s2",6.86397768809857,2,300,0.2
"s5","s2",7.43705174124085,2,300,0.2
"s5","s2",6.99382812182222,2,300,0.2
"s5","s2",6.97853745063924,2,300,0.2
"s5","s2",6.88012429002403,2,300,0.2
"s5","s2",7.07858237462631,2,300,0.2
"s5","s2",7.5420720643657,2,300,0.2
"s5","s2",6.97083167243105,2,300,0.2
"s5","s2",6.98200792670644,2,300,0.2
"s5","s2",7.53302692371935,2,300,0.2
"s5","s2",7.13106805448889,2,300,0.2
"s5","s2",7.20339295066483,2,300,0.2
"s5","s2",6.76684896881012,2,300,0.2
"s5","s2",6.75350146845452,2,300,0.2
"s5","s2",7.70512674658218,2,300,0.2
"s5","s2",7.02565182030313,2,300,0.2
"s5","s2",6.94071353294039,2,300,0.2
"s5","s2",6.57207526154963,2,300,0.2
"s5","s2",6.86337426858142,2,300,0.2
"s5","s2",7.20279912235026,2,300,0.2
"s5","s2",6.92380392382088,2,300,0.2
"s5","s2",7.03845218280529,2,300,0.2
"s5","s2",7.40057602122178,2,300,0.2
"s5","s2",6.85296707251479,2,300,0.2
"s5","s2",7.12579167255002,2,300,0.2
"s5","s2",7.10935614925577,2,300,0.2
"s5","s2",7.3011016920569,2,300,0.2
"s5","s2",7.3597604535596,2,300,0.2
"s5","s2",7.13753630015158,2,300,0.2
"s5","s2",7.55010504276824,2,300,0.2
"s5","s2",6.59064015655442,2,300,0.2
"s5","s2",6.96440620949807,2,300,0.2
"s5","s2",7.23900492824597,2,300,0.2
"s5","s2",7.13314422907801,2,300,0.2
"s5","s2",7.2975876157316,2,300,0.2
"s5","s2",6.80204999437706,2,300,0.2
"s5","s2",6.80263549922721,2,300,0.2
"s5","s2",7.18109466055714,2,300,0.2
"s5","s2",7.71353707561974,2,300,0.2
"s5","s2",7.17162842378042,2,300,0.2
"s5","s2",7.13134454055154,2,300,0.2
"s5","s2",6.84429854480413,2,300,0.2
"s5","s2",6.70749203537426,2,300,0.2
"s5","s2",6.19922267261839,2,300,0.2
"s5","s2",6.61577062837199,2,300,0.2
"s5","s2",6.92069378117583,2,300,0.2
"s5","s2",7.97364100485891,2,300,0.2
"s5","s2",6.95355747485558,2,300,0.2
"s5","s2",7.09010241383805,2,300,0.2
"s5","s2",6.79224539888432,2,300,0.2
"s5","s2",6.64215286283903,2,300,0.2
"s5","s2",7.03412347066676,2,300,0.2
"s5","s2",6.7889918282566,2,300,0.2
"s5","s2",7.20759707653438,2,300,0.2
"s5","s2",7.00717133180711,2,300,0.2
"s5","s2",7.04730479684972,2,300,0.2
"s5","s2",6.97768186543108,2,300,0.2
"s5","s2",7.00940752439958,2,300,0.2
"s5","s2",7.3869984345518,2,300,0.2
"s5","s2",7.81501778105336,2,300,0.2
"s5","s2",6.86642126009986,2,300,0.2
"s5","s2",7.50248365341284,2,300,0.2
"s5","s2",6.4739676165849,2,300,0.2
"s5","s2",6.97859946579909,2,300,0.2
"s5","s2",7.22690201567791,2,300,0.2
"s5","s2",7.24010866913616,2,300,0.2
"s5","s2",7.11879039810611,2,300,0.2
"s5","s2",7.08644403104327,2,300,0.2
"s5","s2",7.10795671686041,2,300,0.2
"s5","s2",7.40678282185289,2,300,0.2
"s5","s2",7.15701793384292,2,300,0.2
"s5","s2",7.01069606476958,2,300,0.2
"s5","s2",7.51674598378355,2,300,0.2
"s5","s2",6.80182114119965,2,300,0.2
"s5","s2",7.06079723231138,2,300,0.2
"s5","s2",7.0943907639189,2,300,0.2
"s5","s2",6.65755622201739,2,300,0.2
"s5","s2",6.68017163494274,2,300,0.2
"s5","s2",6.88287139028226,2,300,0.2
"s5","s2",6.79336231403602,2,300,0.2
"s5","s2",7.12397839375137,2,300,0.2
"s5","s2",6.99977448178868,2,300,0.2
"s5","s2",6.90701246657133,2,300,0.2
"s5","s2",6.72042031855163,2,300,0.2
"s5","s2",7.53273006587472,2,300,0.2
"s5","s2",7.137764561211,2,300,0.2
"s5","s2",6.8457602769565,2,300,0.2
"s5","s2",7.36688249668322,2,300,0.2
"s5","s2",7.20591411019581,2,300,0.2
"s5","s2",6.84574009904378,2,300,0.2
"s5","s2",7.14657135963434,2,300,0.2
"s5","s2",7.36155784584824,2,300,0.2
"s5","s2",7.11226137147943,2,300,0.2
"s5","s2",6.80972919527611,2,300,0.2
"s5","s2",6.72524009093104,2,300,0.2
"s5","s2",7.02316791731799,2,300,0.2
"s5","s2",6.79750658894463,2,300,0.2
"s5","s2",7.3252836889112,2,300,0.2
"s5","s2",6.49094768675992,2,300,0.2
"s5","s2",6.33947815442625,2,300,0.2
"s5","s2",6.5515366307085,2,300,0.2
"s5","s2",7.14054604769075,2,300,0.2
"s5","s2",7.34707016792016,2,300,0.2
"s5","s2",6.86701141776666,2,300,0.2
"s5","s2",7.20522522370771,2,300,0.2
"s5","s2",6.77236990971234,2,300,0.2
"s5","s2",7.20351166108815,2,300,0.2
"s5","s2",7.07175694406398,2,300,0.2
"s5","s2",6.99948306818445,2,300,0.2
"s5","s2",7.10347553344974,2,300,0.2
"s5","s2",6.52303739154867,2,300,0.2
"s5","s2",6.93133344727059,2,300,0.2
"s5","s2",6.8374486579974,2,300,0.2
"s5","s2",7.07789890396856,2,300,0.2
"s5","s2",6.95717200373315,2,300,0.2
"s5","s2",6.88323839598079,2,300,0.2
"s5","s2",7.49196352335925,2,300,0.2
"s5","s2",7.34201044590984,2,300,0.2
"s5","s2",7.24508358244032,2,300,0.2
"s5","s2",6.28258786592536,2,300,0.2
"s5","s2",6.78689653903655,2,300,0.2
"s5","s2",6.81823024118162,2,300,0.2
"s5","s2",7.70417563185748,2,300,0.2
"s5","s2",6.81728756246521,2,300,0.2
"s5","s2",6.44540035523278,2,300,0.2
"s5","s2",6.90392899334283,2,300,0.2
"s5","s2",6.55505249966036,2,300,0.2
"s5","s2",7.29604369265741,2,300,0.2
"s5","s2",7.3869984345518,2,300,0.2
"s5","s2",6.28508755768043,2,300,0.2
"s5","s2",7.01644660297193,2,300,0.2
"s5","s2",7.5348982496895,2,300,0.2
"s5","s2",7.0073748420904,2,300,0.2
"s5","s2",6.83992676323652,2,300,0.2
"s5","s2",6.7832353361074,2,300,0.2
"s5","s2",7.39487854979474,2,300,0.2
"s5","s2",7.08939798181859,2,300,0.2
"s5","s2",7.23372391915242,2,300,0.2
"s5","s2",6.92543995832015,2,300,0.2
"s5","s2",7.20595164271992,2,300,0.2
"s5","s2",6.41765598648253,2,300,0.2
"s5","s2",6.74003522410558,2,300,0.2
"s5","s2",6.89292616088434,2,300,0.2
"s5","s2",7.27175465108389,2,300,0.2
"s5","s2",6.67950608196925,2,300,0.2
"s5","s2",6.67961519853737,2,300,0.2
"s5","s2",7.0076135139637,2,300,0.2
"s5","s2",7.012440982103,2,300,0.2
"s5","s2",7.02669958590232,2,300,0.2
"s5","s2",6.70682341603822,2,300,0.2
"s5","s2",6.88836159771772,2,300,0.2
"s5","s2",7.11926290388077,2,300,0.2
"s5","s2",6.87653815189775,2,300,0.2
"s5","s2",7.27837586310477,2,300,0.2
"s5","s2",7.00108141937595,2,300,0.2
"s5","s2",6.37352883907452,2,300,0.2
"s5","s2",6.82434908689513,2,300,0.2
"s5","s2",7.1830298532456,2,300,0.2
"s5","s2",6.89988260457528,2,300,0.2
"s5","s2",6.71397433374426,2,300,0.2
"s5","s2",7.06099639265275,2,300,0.2
"s5","s2",6.70749203537426,2,300,0.2
"s5","s2",6.89780411642533,2,300,0.2
"s5","s2",7.00928069370012,2,300,0.2
"s5","s2",7.07947253362713,2,300,0.2
"s5","s2",7.32708720701712,2,300,0.2
"s5","s2",6.56142565784874,2,300,0.2
"s5","s2",6.70339882321042,2,300,0.2
"s5","s2",6.70486723794605,2,300,0.2
"s5","s2",6.6358912720367,2,300,0.2
"s5","s2",7.07215134904258,2,300,0.2
"s5","s2",6.87030667603973,2,300,0.2
"s5","s2",7.17162842378042,2,300,0.2
"s5","s2",7.54174951223712,2,300,0.2
"s5","s2",6.57778477639354,2,300,0.2
"s5","s2",7.18028145750948,2,300,0.2
"s5","s2",7.44383073783261,2,300,0.2
"s5","s2",7.07370107892779,2,300,0.2
"s5","s2",6.94984957303051,2,300,0.2
"s5","s2",6.94321294870123,2,300,0.2
"s5","s2",7.02661231561377,2,300,0.2
"s5","s2",7.44802332993032,2,300,0.2
"s5","s2",6.58909831138305,2,300,0.2
"s5","s2",7.15890656361623,2,300,0.2
"s5","s2",7.45922813895561,2,300,0.2
"s5","s2",7.05674586453269,2,300,0.2
"s5","s2",7.26722970853863,2,300,0.2
"s5","s2",7.07312729212608,2,300,0.2
"s5","s2",7.14192540859874,2,300,0.2
"s5","s2",7.24159618130002,2,300,0.2
"s5","s2",7.12496533775855,2,300,0.2
"s5","s2",6.30535745498385,2,300,0.2
"s5","s2",7.28470533170614,2,300,0.2
"s5","s2",7.59177607647135,2,300,0.2
"s5","s2",7.56975515938987,2,300,0.2
"s5","s2",7.21294023107035,2,300,0.2
"s5","s2",7.41195320729157,2,300,0.2
"s5","s2",6.98200792670644,2,300,0.2
"s5","s2",7.1344966882744,2,300,0.2
"s5","s2",6.89110891776981,2,300,0.2
"s5","s2",7.23049319365364,2,300,0.2
"s5","s2",7.18097375187808,2,300,0.2
"s5","s2",6.78890418518719,2,300,0.2
"s5","s2",7.30214720372615,2,300,0.2
"s5","s2",6.98561638154098,2,300,0.2
"s5","s2",7.19750294258472,2,300,0.2
"s5","s2",7.20923175799867,2,300,0.2
"s5","s2",7.16966213050653,2,300,0.2
"s5","s2",6.86978639161931,2,300,0.2
"s5","s2",7.0717246305891,2,300,0.2
"s5","s2",6.78942828494736,2,300,0.2
"s5","s2",7.06731057392702,2,300,0.2
"s5","s2",6.4070105611474,2,300,0.2
"s5","s2",7.14860155067589,2,300,0.2
"s5","s2",7.07237139127295,2,300,0.2
"s5","s2",6.72981216342089,2,300,0.2
"s5","s2",6.66969009898932,2,300,0.2
"s5","s2",7.32765295095842,2,300,0.2
"s5","s2",6.94082474485623,2,300,0.2
"s5","s2",7.35031029204067,2,300,0.2
"s5","s2",7.22237687657889,2,300,0.2
"s5","s2",7.81044721273889,2,300,0.2
"s5","s2",7.60526763265981,2,300,0.2
"s5","s2",7.41195320729157,2,300,0.2
"s5","s2",7.08211629710422,2,300,0.2
"s5","s2",6.68987822168866,2,300,0.2
"s5","s2",7.35501582519867,2,300,0.2
"s5","s2",7.11933762065529,2,300,0.2
"s5","s2",6.70317510853012,2,300,0.2
"s5","s2",6.95672188791084,2,300,0.2
"s5","s2",7.08827322244066,2,300,0.2
"s5","s2",6.86701141776666,2,300,0.2
"s5","s2",6.4995632653446,2,300,0.2
"s5","s2",7.5744755702989,2,300,0.2
"s5","s2",7.06484955872943,2,300,0.2
"s5","s2",6.43823473518569,2,300,0.2
"s5","s2",6.75518590903123,2,300,0.2
"s5","s2",7.00434867803884,2,300,0.2
"s5","s2",6.73197499665466,2,300,0.2
"s5","s2",6.77337621349929,2,300,0.2
"s5","s2",7.04216808682661,2,300,0.2
"s5","s2",7.10946975588752,2,300,0.2
"s5","s2",7.32540689794268,2,300,0.2
"s5","s2",7.21310044649544,2,300,0.2
"s5","s2",7.33517310515124,2,300,0.2
"s5","s2",6.8781329312732,2,300,0.2
"s5","s2",6.36957369360782,2,300,0.2
"s5","s2",7.16116422827859,2,300,0.2
"s5","s2",6.6674341093015,2,300,0.2
"s5","s2",6.55900428191288,2,300,0.2
"s5","s2",6.7889918282566,2,300,0.2
"s5","s2",7.08695367943148,2,300,0.2
"s5","s2",7.04568514810907,2,300,0.2
"s5","s2",7.13793366593109,2,300,0.2
"s5","s2",6.3952084357941,2,300,0.2
"s5","s2",7.15650061558182,2,300,0.2
"s5","s2",7.08910994835801,2,300,0.2
"s5","s2",6.99200015601554,2,300,0.2
"s5","s2",7.12244371789004,2,300,0.2
"s5","s2",7.21330684196573,2,300,0.2
"s5","s2",6.98305502917759,2,300,0.2
"s5","s2",6.74962908817458,2,300,0.2
"s5","s2",7.06912032612338,2,300,0.2
"s5","s2",6.77108304254527,2,300,0.2
"s5","s2",7.17305098094907,2,300,0.2
"s5","s2",6.35063356169837,2,300,0.2
"s5","s2",6.87321275894854,2,300,0.2
"s5","s2",6.93178708882323,2,300,0.2
"s5","s2",6.93652536382322,2,300,0.2
"s5","s2",6.82236699547252,2,300,0.2
"s5","s2",6.40577614061578,2,300,0.2
"s5","s2",7.22403535504572,2,300,0.2
"s5","s2",6.97028853276211,2,300,0.2
"s5","s2",6.99984557120593,2,300,0.2
"s5","s2",6.83240034361049,2,300,0.2
"s5","s2",7.32120478459649,2,300,0.2
"s5","s2",6.85542456573771,2,300,0.2
"s5","s2",6.9208994854521,2,300,0.2
"s5","s2",7.07230448816046,2,300,0.2
"s5","s2",6.87580650631079,2,300,0.2
"s5","s2",6.80953075461053,2,300,0.2
"s5","s2",7.64990875928052,2,300,0.2
"s5","s2",6.92591977488544,2,300,0.2
"s5","s2",7.11681385688301,2,300,0.2
"s5","s2",6.66610825486381,2,300,0.2
"s5","s2",7.05222454457419,2,300,0.2
"s5","s2",6.37210445896835,2,300,0.2
"s5","s2",7.01069606476958,2,300,0.2
"s5","s2",6.96083414509292,2,300,0.2
"s5","s2",6.75466918284431,2,300,0.2
"s5","s2",6.75232248818969,2,300,0.2
"s5","s2",7.16131393786863,2,300,0.2
"s5","s2",7.0437600537777,2,300,0.2
"s5","s2",6.80280116578996,2,300,0.2
"s5","s2",7.07991190620121,2,300,0.2
"s5","s2",7.37055139017937,2,300,0.2
"s5","s2",6.97781114688422,2,300,0.2
"s5","s2",7.17487720968103,2,300,0.2
"s5","s2",7.1978416448846,2,300,0.2
"s5","s2",6.88764343231865,2,300,0.2
"s5","s2",7.14924539014626,2,300,0.2
"s5","s2",7.05216156808409,2,300,0.2
"s5","s2",7.54270352082501,2,300,0.2
"s5","s2",6.72413219334842,2,300,0.2
"s5","s2",7.33228404911868,2,300,0.2
"s5","s2",7.5059998205226,2,300,0.2
"s5","s2",7.34042643233606,2,300,0.2
"s5","s2",7.39640852788546,2,300,0.2
"s5","s2",7.18873448428699,2,300,0.2
"s5","s2",6.73035530368111,2,300,0.2
"s5","s2",6.97396441540087,2,300,0.2
"s5","s2",7.11507768918646,2,300,0.2
"s5","s2",7.03070638205266,2,300,0.2
"s5","s2",7.10125543371613,2,300,0.2
"s5","s2",7.32401398496546,2,300,0.2
"s5","s2",6.62483657943059,2,300,0.2
"s5","s2",7.37694046561751,2,300,0.2
"s5","s2",7.05647530465293,2,300,0.2
"s5","s2",7.10130141738321,2,300,0.2
"s5","s2",7.71931149753706,2,300,0.2
"s5","s2",6.629584989237,2,300,0.2
"s5","s2",7.19890340897338,2,300,0.2
"s5","s2",7.42670792166078,2,300,0.2
"s5","s2",6.65508738096383,2,300,0.2
"s5","s2",7.57615525991531,2,300,0.2
"s5","s2",7.0151279741109,2,300,0.2
"s5","s2",7.31641963555554,2,300,0.2
"s5","s2",7.24370720334701,2,300,0.2
"s5","s2",7.44349535962254,2,300,0.2
"s5","s2",7.16706547928172,2,300,0.2
"s5","s2",6.84968767417365,2,300,0.2
"s5","s2",7.17881776018103,2,300,0.2
"s5","s2",7.02453757344332,2,300,0.2
"s5","s2",7.30457706507532,2,300,0.2
"s5","s2",7.17807794082617,2,300,0.2
"s5","s2",6.74151999910477,2,300,0.2
"s5","s2",6.80627641351839,2,300,0.2
"s5","s2",6.9051988834135,2,300,0.2
"s5","s2",6.90769410559551,2,300,0.2
"s5","s2",6.81764045797175,2,300,0.2
"s5","s2",6.84181355471378,2,300,0.2
"s5","s2",6.74723845403669,2,300,0.2
"s5","s2",7.25949335054484,2,300,0.2
"s5","s2",6.94819164917513,2,300,0.2
"s5","s2",7.00394645706541,2,300,0.2
"s5","s2",6.87656633587846,2,300,0.2
"s5","s2",6.96800182959224,2,300,0.2
"s5","s2",6.94443827194905,2,300,0.2
"s5","s2",6.80530559632587,2,300,0.2
"s5","s2",6.89084656320404,2,300,0.2
"s5","s2",7.10816371300692,2,300,0.2
"s5","s2",7.14354740507625,2,300,0.2
"s5","s2",6.99528857361489,2,300,0.2
"s5","s2",6.5976937443982,2,300,0.2
"s5","s2",6.83415549307142,2,300,0.2
"s5","s2",6.93501525943592,2,300,0.2
"s5","s2",7.20936753997303,2,300,0.2
"s5","s2",7.26408685124277,2,300,0.2
"s5","s2",6.79377813732546,2,300,0.2
"s5","s2",6.93978810360898,2,300,0.2
"s5","s2",7.01760276665681,2,300,0.2
"s5","s2",6.73660948360583,2,300,0.2
"s5","s2",7.36701173208985,2,300,0.2
"s5","s2",6.81142076318525,2,300,0.2
"s5","s2",6.90340254559472,2,300,0.2
"s5","s2",6.74389650231043,2,300,0.2
"s5","s2",7.04043492442986,2,300,0.2
"s5","s2",7.30889620878864,2,300,0.2
"s5","s2",7.26752106859243,2,300,0.2
"s5","s2",6.74413615624312,2,300,0.2
"s5","s2",6.97002378019127,2,300,0.2
"s5","s2",6.86693498417299,2,300,0.2
"s5","s2",7.13347236828918,2,300,0.2
"s5","s2",6.6688495868997,2,300,0.2
"s5","s2",6.92711708239293,2,300,0.2
"s5","s2",6.89868492078912,2,300,0.2
"s5","s2",7.04433046691381,2,300,0.2
"s5","s2",7.1875039456944,2,300,0.2
"s5","s2",7.10579707725489,2,300,0.2
"s5","s2",7.27705490234807,2,300,0.2
"s5","s2",7.75600072987183,2,300,0.2
"s5","s2",7.46051307563127,2,300,0.2
"s5","s2",7.73360529871408,2,300,0.2
"s5","s2",7.25552152578766,2,300,0.2
"s5","s2",6.23145938850348,2,300,0.2
"s5","s2",7.00120374769674,2,300,0.2
"s5","s2",6.90704472151486,2,300,0.2
"s5","s2",6.61720423700731,2,300,0.2
"s5","s2",7.49747145284967,2,300,0.2
"s5","s2",7.19640757320732,2,300,0.2
"s5","s2",7.06751925023957,2,300,0.2
"s5","s2",6.71400368643379,2,300,0.2
"s5","s2",7.31102814360179,2,300,0.2
"s5","s2",6.85371076749968,2,300,0.2
"s5","s2",7.17628945926914,2,300,0.2
"s5","s2",7.11302753614746,2,300,0.2
"s5","s2",6.41956089280017,2,300,0.2
"s5","s2",7.5233623148162,2,300,0.2
"s5","s2",6.73264133992603,2,300,0.2
"s5","s2",6.69016238515097,2,300,0.2
"s5","s2",6.93787042785826,2,300,0.2
"s5","s2",6.77502553566207,2,300,0.2
"s5","s2",7.01035796050687,2,300,0.2
"s5","s2",6.87019136616956,2,300,0.2
"s5","s2",7.51095176466259,2,300,0.2
"s5","s2",7.2246687360592,2,300,0.2
"s5","s2",7.04216808682661,2,300,0.2
"s5","s2",6.78259040153181,2,300,0.2
"s5","s2",6.76734880960549,2,300,0.2
"s5","s2",6.64288431286852,2,300,0.2
"s5","s2",7.07948918162376,2,300,0.2
"s5","s2",6.96440620949807,2,300,0.2
"s5","s2",6.81649252327993,2,300,0.2
"s5","s2",6.35277631849018,2,300,0.2
"s5","s2",6.95745756558098,2,300,0.2
"s5","s2",6.77615707704248,2,300,0.2
"s5","s2",7.1812155692362,2,300,0.2
"s5","s2",6.99163896458029,2,300,0.2
"s5","s2",7.22442781106708,2,300,0.2
"s5","s2",7.04436837333255,2,300,0.2
"s5","s2",6.81875362909303,2,300,0.2
"s5","s2",6.93371387921654,2,300,0.2
"s5","s2",7.24144296232843,2,300,0.2
"s5","s2",6.77632433584996,2,300,0.2
"s5","s2",7.18106645014871,2,300,0.2
"s5","s2",7.215182909741,2,300,0.2
"s5","s2",6.78878703398973,2,300,0.2
"s5","s2",6.80221813059582,2,300,0.2
"s5","s2",7.06024882527336,2,300,0.2
"s5","s2",7.00813892769741,2,300,0.2
"s5","s2",6.99227538429793,2,300,0.2
"s5","s2",7.14291540979927,2,300,0.2
"s5","s2",7.14441197120135,2,300,0.2
"s5","s2",6.84026811770212,2,300,0.2
"s5","s2",7.22582063898487,2,300,0.2
"s5","s2",6.86890496300654,2,300,0.2
"s5","s2",7.01228305399768,2,300,0.2
"s5","s2",6.5894481170063,2,300,0.2
"s5","s2",6.83468869468989,2,300,0.2
"s5","s2",7.0943907639189,2,300,0.2
"s5","s2",6.92748173712246,2,300,0.2
"s5","s2",6.92217341022537,2,300,0.2
"s5","s2",7.35725044083061,2,300,0.2
"s5","s2",7.15886384547968,2,300,0.2
"s5","s2",7.17487720968103,2,300,0.2
"s5","s2",6.74220827220033,2,300,0.2
"s5","s2",6.85139343834384,2,300,0.2
"s5","s2",7.43512234047364,2,300,0.2
"s5","s2",6.85557742409347,2,300,0.2
"s5","s2",7.03994145389916,2,300,0.2
"s5","s2",6.87986354484696,2,300,0.2
"s5","s2",7.03844891195628,2,300,0.2
"s5","s2",7.16994341649526,2,300,0.2
"s5","s2",7.0735333825784,2,300,0.2
"s5","s2",6.6674341093015,2,300,0.2
"s5","s2",7.43717489848981,2,300,0.2
"s5","s2",7.28189395793764,2,300,0.2
"s5","s2",6.53934249595679,2,300,0.2
"s5","s2",7.34201044590984,2,300,0.2
"s5","s2",6.66147530239625,2,300,0.2
"s5","s2",6.9455541373101,2,300,0.2
"s5","s2",6.27723184731579,2,300,0.2
"s5","s2",6.7869075944179,2,300,0.2
"s5","s2",7.55151660102254,2,300,0.2
"s5","s2",6.94953544446435,2,300,0.2
"s5","s2",7.14645945333521,2,300,0.2
"s5","s2",7.34790527188238,2,300,0.2
"s5","s2",6.70163976430541,2,300,0.2
"s5","s2",7.11926290388077,2,300,0.2
"s5","s2",7.32623094647752,2,300,0.2
"s5","s2",6.48167742575785,2,300,0.2
"s5","s2",6.76615330479422,2,300,0.2
"s5","s2",6.93898686898419,2,300,0.2
"s5","s2",6.74078186592007,2,300,0.2
"s5","s2",6.74692101034739,2,300,0.2
"s5","s2",6.9943922277232,2,300,0.2
"s5","s2",7.0114809563033,2,300,0.2
"s5","s2",6.81802230505328,2,300,0.2
"s5","s2",7.16805669782701,2,300,0.2
"s5","s2",6.85367208887519,2,300,0.2
"s5","s2",7.08538302102416,2,300,0.2
"s5","s2",7.11285245885398,2,300,0.2
"s5","s2",7.06645707253364,2,300,0.2
"s5","s2",6.68874245347115,2,300,0.2
"s5","s2",6.78784668809617,2,300,0.2
"s5","s2",7.04342176483158,2,300,0.2
"s5","s2",6.85151231820385,2,300,0.2
"s5","s2",6.6674341093015,2,300,0.2
"s5","s2",7.25667366283957,2,300,0.2
"s5","s2",6.48662948537435,2,300,0.2
"s5","s2",6.73575001469825,2,300,0.2
"s5","s2",6.90121224081255,2,300,0.2
"s5","s2",7.04122616269312,2,300,0.2
"s5","s2",6.83227311222839,2,300,0.2
"s5","s2",7.1818133769283,2,300,0.2
"s5","s2",7.52633024636938,2,300,0.2
"s5","s2",6.99367331887518,2,300,0.2
"s5","s2",6.90398292031384,2,300,0.2
"s5","s2",6.4913598520797,2,300,0.2
"s5","s2",7.1499185763586,2,300,0.2
"s5","s2",7.17162842378042,2,300,0.2
"s5","s2",6.57348717176613,2,300,0.2
"s5","s2",7.17487720968103,2,300,0.2
"s5","s2",7.09386368917058,2,300,0.2
"s5","s2",7.41043944117644,2,300,0.2
"s5","s2",7.12579167255002,2,300,0.2
"s5","s2",7.02151271464498,2,300,0.2
"s5","s2",7.57761248030278,2,300,0.2
"s5","s2",6.62646314167998,2,300,0.2
"s5","s2",6.65195650348795,2,300,0.2
"s5","s2",7.00182557870323,2,300,0.2
"s5","s2",7.52706512735477,2,300,0.2
"s5","s2",6.52727595311606,2,300,0.2
"s5","s2",6.86206475160347,2,300,0.2
"s5","s2",6.47314901679459,2,300,0.2
"s5","s2",6.82523203434511,2,300,0.2
"s5","s2",6.7764172735932,2,300,0.2
"s5","s2",7.09070269942237,2,300,0.2
"s5","s2",7.18578527723239,2,300,0.2
"s5","s2",6.7566123072709,2,300,0.2
"s5","s2",7.41783902818815,2,300,0.2
"s5","s2",6.7981500617269,2,300,0.2
"s5","s2",7.40599504342904,2,300,0.2
"s5","s2",7.10140145958209,2,300,0.2
"s5","s2",7.0196028471099,2,300,0.2
"s5","s2",6.85696717224391,2,300,0.2
"s5","s2",7.22632594173452,2,300,0.2
"s5","s2",6.90008319411831,2,300,0.2
"s5","s2",7.48888043277455,2,300,0.2
"s5","s2",7.22942698122472,2,300,0.2
"s5","s2",6.99589357550682,2,300,0.2
"s5","s2",6.89539026991198,2,300,0.2
"s5","s2",6.88099909313414,2,300,0.2
"s5","s2",6.91712485374642,2,300,0.2
"s5","s2",7.35714722338892,2,300,0.2
"s5","s2",7.00171018257058,2,300,0.2
"s5","s2",7.02589573575008,2,300,0.2
"s5","s2",6.79377813732546,2,300,0.2
"s5","s2",7.28932215080894,2,300,0.2
"s5","s2",7.36120960830367,2,300,0.2
"s5","s2",7.021102526121,2,300,0.2
"s5","s2",7.19287211086111,2,300,0.2
"s5","s2",7.14844772385266,2,300,0.2
"s5","s2",7.10838765850828,2,300,0.2
"s5","s2",6.80629437075825,2,300,0.2
"s5","s2",6.80332727895306,2,300,0.2
"s5","s2",7.32359636687812,2,300,0.2
"s5","s2",6.99699574583175,2,300,0.2
"s5","s2",7.54174951223712,2,300,0.2
"s5","s2",6.52629903008044,2,300,0.2
"s5","s2",6.71591685462497,2,300,0.2
"s5","s2",7.22142915951112,2,300,0.2
"s5","s2",6.62646314167998,2,300,0.2
"s5","s2",6.93513872189891,2,300,0.2
"s5","s2",6.9949200926971,2,300,0.2
"s5","s2",6.6624754019563,2,300,0.2
"s5","s2",6.65760280904636,2,300,0.2
"s5","s2",7.17869801010134,2,300,0.2
"s5","s2",7.08681371430484,2,300,0.2
"s5","s2",6.99163896458029,2,300,0.2
"s5","s2",7.20866015017005,2,300,0.2
"s5","s2",6.69027437916201,2,300,0.2
"s5","s2",6.77625824797303,2,300,0.2
"s5","s2",6.87215195573816,2,300,0.2
"s5","s2",7.18812111615433,2,300,0.2
"s5","s2",6.76719253331618,2,300,0.2
"s5","s2",6.54246065109255,2,300,0.2
"s5","s2",7.06294183583188,2,300,0.2
"s5","s2",7.00421785710816,2,300,0.2
"s5","s2",6.81721029820818,2,300,0.2
"s5","s2",7.11269359152103,2,300,0.2
"s5","s2",7.46798551315555,2,300,0.2
"s5","s2",6.74673258054463,2,300,0.2
"s5","s2",6.64863569783885,2,300,0.2
"s5","s2",6.64722974807003,2,300,0.2
"s5","s2",7.47127726272905,2,300,0.2
"s5","s2",6.33059849860449,2,300,0.2
"s5","s2",7.25216906971717,2,300,0.2
"s5","s2",7.01909483113487,2,300,0.2
"s5","s2",7.00186045955149,2,300,0.2
"s5","s2",7.02521590501517,2,300,0.2
"s5","s2",7.51564555864138,2,300,0.2
"s5","s2",6.32495067897733,2,300,0.2
"s5","s2",7.19121591593474,2,300,0.2
"s5","s2",6.30768842774345,2,300,0.2
"s5","s2",6.98754583115842,2,300,0.2
"s5","s2",7.0712093999675,2,300,0.2
"s5","s2",7.34750682970349,2,300,0.2
"s5","s2",6.79896109476422,2,300,0.2
"s5","s2",6.8599820811109,2,300,0.2
"s5","s2",7.4874956609175,2,300,0.2
"s5","s2",6.67327194311483,2,300,0.2
"s5","s2",7.19569254281566,2,300,0.2
"s5","s2",6.83211995519094,2,300,0.2
"s5","s2",7.10187345658734,2,300,0.2
"s5","s2",6.32197949340372,2,300,0.2
"s5","s2",7.33793713266962,2,300,0.2
"s5","s2",7.22561766309143,2,300,0.2
"s5","s2",6.78259040153181,2,300,0.2
"s5","s2",7.03262854391472,2,300,0.2
"s5","s2",7.01760276665681,2,300,0.2
"s5","s2",6.96836647202647,2,300,0.2
"s5","s2",7.09210927642872,2,300,0.2
"s5","s2",6.76540216822991,2,300,0.2
"s5","s2",6.72327962320866,2,300,0.2
"s5","s2",7.01142026532244,2,300,0.2
"s5","s2",7.46225501487403,2,300,0.2
"s5","s2",6.88062185519846,2,300,0.2
"s5","s2",7.27599130379102,2,300,0.2
"s5","s2",6.85871417063984,2,300,0.2
"s5","s2",6.31447338984947,2,300,0.2
"s5","s2",6.98859800493155,2,300,0.2
"s5","s2",7.17378695285457,2,300,0.2
"s5","s2",6.82578804368316,2,300,0.2
"s5","s2",7.01525670926023,2,300,0.2
"s5","s2",6.65195650348795,2,300,0.2
"s5","s2",6.99983125242289,2,300,0.2
"s5","s2",7.03379503078179,2,300,0.2
"s5","s2",6.8601202056863,2,300,0.2
"s5","s2",7.42730168777848,2,300,0.2
"s5","s2",7.68212618973251,2,300,0.2
"s5","s2",7.32970149663291,2,300,0.2
"s5","s2",6.96071553155008,2,300,0.2
"s5","s2",7.2507262111709,2,300,0.2
"s5","s2",6.8374486579974,2,300,0.2
"s5","s2",6.70317510853012,2,300,0.2
"s5","s2",7.01880671291183,2,300,0.2
"s5","s2",6.59433897973156,2,300,0.2
"s5","s2",6.91357888702544,2,300,0.2
"s5","s2",6.7169010205956,2,300,0.2
"s5","s2",6.79336231403602,2,300,0.2
"s5","s2",6.84378879702466,2,300,0.2
"s5","s2",6.61193835424023,2,300,0.2
"s5","s2",6.97396441540087,2,300,0.2
"s5","s2",7.01467539862207,2,300,0.2
"s5","s2",7.60492699138973,2,300,0.2
"s5","s2",7.46376004612966,2,300,0.2
"s5","s2",7.1254218772572,2,300,0.2
"s5","s2",7.87837740582484,2,300,0.2
"s5","s2",7.10615076548674,2,300,0.2
"s5","s2",7.26682090608765,2,300,0.2
"s5","s2",7.27766389160109,2,300,0.2
"s5","s2",7.02235445264679,2,300,0.2
"s5","s2",6.83308072535021,2,300,0.2
"s5","s2",6.66906344776143,2,300,0.2
"s5","s2",6.81337993448528,2,300,0.2
"s5","s2",7.06928413836857,2,300,0.2
"s5","s2",6.80745691608547,2,300,0.2
"s5","s2",7.15701793384292,2,300,0.2
"s5","s2",6.93348222827147,2,300,0.2
"s5","s2",7.47391919930133,2,300,0.2
"s5","s2",6.73287545263686,2,300,0.2
"s5","s2",7.57408366442223,2,300,0.2
"s5","s2",7.25547165323309,2,300,0.2
"s5","s2",7.35670092313001,2,300,0.2
"s5","s2",6.66526934288164,2,300,0.2
"s5","s2",7.43957138748899,2,300,0.2
"s5","s2",7.39963472094545,2,300,0.2
"s5","s2",7.17305098094907,2,300,0.2
"s5","s2",7.33610751135048,2,300,0.2
"s5","s2",7.30989404450507,2,300,0.2
"s5","s2",6.31491485267782,2,300,0.2
"s5","s2",6.98381215412371,2,300,0.2
"s5","s2",7.44060642883052,2,300,0.2
"s5","s2",7.09515154487292,2,300,0.2
"s5","s2",7.33238221590232,2,300,0.2
"s5","s2",7.25635647989299,2,300,0.2
"s5","s2",7.24258815185104,2,300,0.2
"s5","s2",6.3685109420469,2,300,0.2
"s5","s2",6.65847646285487,2,300,0.2
"s5","s2",6.49219630636687,2,300,0.2
"s5","s2",6.69792727964195,2,300,0.2
"s5","s2",6.48206156836409,2,300,0.2
"s5","s2",7.19667437271757,2,300,0.2
"s5","s2",7.21867036729317,2,300,0.2
"s5","s2",6.94108397545964,2,300,0.2
"s5","s2",7.20466391036663,2,300,0.2
"s5","s2",6.91292385106198,2,300,0.2
"s5","s2",7.1812155692362,2,300,0.2
"s5","s2",7.11211483511342,2,300,0.2
"s5","s2",7.0284828018579,2,300,0.2
"s5","s2",7.34755512667599,2,300,0.2
"s5","s2",6.87981860545364,2,300,0.2
"s5","s2",7.11535414979809,2,300,0.2
"s5","s2",6.9988812923034,2,300,0.2
"s5","s2",6.94443827194905,2,300,0.2
"s5","s2",6.59161287283699,2,300,0.2
"s5","s2",7.3854931509602,2,300,0.2
"s5","s2",7.06776231202501,2,300,0.2
"s5","s2",7.47646312249788,2,300,0.2
"s5","s2",6.87550860823836,2,300,0.2
"s5","s2",6.93178708882323,2,300,0.2
"s5","s2",7.31102814360179,2,300,0.2
"s5","s2",7.16805669782701,2,300,0.2
"s5","s2",7.06966758748928,2,300,0.2
"s5","s2",7.00058942914609,2,300,0.2
"s5","s2",7.13222931884152,2,300,0.2
"s5","s2",6.3685109420469,2,300,0.2
"s5","s2",6.9597440697797,2,300,0.2
"s5","s2",6.79732804964632,2,300,0.2
"s5","s2",7.31403363651256,2,300,0.2
"s5","s2",6.82008693552428,2,300,0.2
"s5","s2",6.20733542965468,2,300,0.2
"s5","s2",6.95279407427662,2,300,0.2
"s5","s2",6.78362971668344,2,300,0.2
"s5","s2",7.21843163859357,2,300,0.2
"s5","s2",7.02316791731799,2,300,0.2
"s5","s2",6.8326847974901,2,300,0.2
"s5","s2",6.84911478781249,2,300,0.2
"s5","s2",6.71486062910251,2,300,0.2
"s5","s2",7.33315829226167,2,300,0.2
"s5","s2",7.08398367827425,2,300,0.2
"s5","s2",7.34637638247452,2,300,0.2
"s5","s2",6.84831270613392,2,300,0.2
"s5","s2",7.15129177594634,2,300,0.2
"s5","s2",6.91305718608491,2,300,0.2
"s5","s2",7.16862009154488,2,300,0.2
"s5","s2",7.41200073578841,2,300,0.2
"s5","s2",7.28350708250676,2,300,0.2
"s5","s2",6.98037133697217,2,300,0.2
"s5","s2",6.77236990971234,2,300,0.2
"s5","s2",6.77179607360631,2,300,0.2
"s5","s2",6.95717200373315,2,300,0.2
"s5","s2",6.76588585508998,2,300,0.2
"s5","s2",7.17487720968103,2,300,0.2
"s5","s2",6.6484072257571,2,300,0.2
"s5","s2",6.68765272156234,2,300,0.2
"s5","s2",7.07316496883007,2,300,0.2
"s5","s2",6.89911098559392,2,300,0.2
"s5","s2",6.6580871293454,2,300,0.2
"s5","s2",7.16561171409581,2,300,0.2
"s5","s2",6.81142076318525,2,300,0.2
"s5","s2",7.55939806080363,2,300,0.2
"s5","s2",7.75932980998635,2,300,0.2
"s5","s2",6.98754583115842,2,300,0.2
"s5","s2",6.98200792670644,2,300,0.2
"s5","s2",6.95279407427662,2,300,0.2
"s5","s2",6.64419349839368,2,300,0.2
"s5","s2",7.40228659746725,2,300,0.2
"s5","s2",6.93178708882323,2,300,0.2
"s5","s2",7.01644660297193,2,300,0.2
"s5","s2",7.07218718439879,2,300,0.2
"s5","s2",7.17618045096648,2,300,0.2
"s5","s2",6.91502703891541,2,300,0.2
"s5","s2",7.1669336229189,2,300,0.2
"s5","s2",7.03649395213365,2,300,0.2
"s5","s2",6.65448280805671,2,300,0.2
"s5","s2",7.24567905984219,2,300,0.2
"s5","s2",7.31255233451787,2,300,0.2
"s5","s2",7.02316791731799,2,300,0.2
"s5","s2",6.17789317519137,2,300,0.2
"s5","s2",7.36959995399053,2,300,0.2
"s5","s2",6.72206053379983,2,300,0.2
"s5","s2",6.52291169702346,2,300,0.2
"s5","s2",7.19133555986379,2,300,0.2
"s5","s2",6.86948425829665,2,300,0.2
"s5","s2",7.75997022957975,2,300,0.2
"s5","s2",7.43474627483194,2,300,0.2
"s5","s2",6.95150642732599,2,300,0.2
"s5","s2",6.89289925516745,2,300,0.2
"s5","s2",7.1123203410118,2,300,0.2
"s5","s2",7.47344039311808,2,300,0.2
"s5","s2",7.31340457458073,2,300,0.2
"s5","s2",7.60526763265981,2,300,0.2
"s5","s2",6.87639642799262,2,300,0.2
"s5","s2",6.93128763210888,2,300,0.2
"s5","s2",6.87580650631079,2,300,0.2
"s5","s2",6.97781114688422,2,300,0.2
"s5","s2",6.72620385289702,2,300,0.2
"s5","s2",7.24200118667663,2,300,0.2
"s5","s2",7.30889620878864,2,300,0.2
"s5","s2",7.23500415804966,2,300,0.2
"s5","s2",7.11969342723754,2,300,0.2
"s5","s2",6.87955979551414,2,300,0.2
"s5","s2",7.11971891143077,2,300,0.2
"s5","s2",6.88067778962869,2,300,0.2
"s5","s2",7.79523259435659,2,300,0.2
"s5","s2",7.14274192303651,2,300,0.2
"s5","s2",6.80627641351839,2,300,0.2
"s5","s2",6.97918753441743,2,300,0.2
"s5","s2",6.97030470532731,2,300,0.2
"s5","s2",6.97070184094598,2,300,0.2
"s5","s2",6.63501935459834,2,300,0.2
"s5","s2",6.69455267917184,2,300,0.2
"s5","s2",7.0740370968101,2,300,0.2
"s5","s2",7.13909493028372,2,300,0.2
"s5","s2",7.01812507603154,2,300,0.2
"s5","s2",6.7889918282566,2,300,0.2
"s5","s2",6.5192402980457,2,300,0.2
"s5","s2",6.64624740053793,2,300,0.2
"s5","s2",6.98305502917759,2,300,0.2
"s5","s2",7.11598002542337,2,300,0.2
"s5","s2",6.86410284067607,2,300,0.2
"s5","s2",7.08212499069336,2,300,0.2
"s5","s2",7.13679724525622,2,300,0.2
"s5","s2",6.90464624877524,2,300,0.2
"s5","s2",7.25754028663198,2,300,0.2
"s5","s2",7.10371321440326,2,300,0.2
"s5","s2",6.90966717904371,2,300,0.2
"s5","s2",7.0712093999675,2,300,0.2
"s5","s2",6.58330889580128,2,300,0.2
"s5","s2",7.06789448258629,2,300,0.2
"s5","s2",6.74436649912166,2,300,0.2
"s5","s2",7.19997221403965,2,300,0.2
"s5","s2",7.21294265164615,2,300,0.2
"s5","s2",6.8964953348271,2,300,0.2
"s5","s2",6.84847548218998,2,300,0.2
"s5","s2",6.94557764492816,2,300,0.2
"s5","s2",6.2045115197935,2,300,0.2
"s5","s2",7.17040803928269,2,300,0.2
"s5","s2",6.77698550731139,2,300,0.2
"s5","s2",6.70682341603822,2,300,0.2
"s5","s2",7.22967725689212,2,300,0.2
"s5","s2",7.20358632137297,2,300,0.2
"s5","s2",7.14428742177444,2,300,0.2
"s5","s2",6.71464031162375,2,300,0.2
"s5","s2",6.96251810328715,2,300,0.2
"s5","s2",6.71290394323941,2,300,0.2
"s5","s2",7.41265090928488,2,300,0.2
"s5","s2",7.44442310187388,2,300,0.2
"s5","s2",7.21312353651804,2,300,0.2
"s5","s2",6.75365978763288,2,300,0.2
"s5","s2",6.88749410864267,2,300,0.2
"s5","s2",6.43485874124238,2,300,0.2
"s5","s2",7.25456630901164,2,300,0.2
"s5","s2",7.2026938205218,2,300,0.2
"s5","s2",7.28754998017563,2,300,0.2
"s5","s2",6.40866427543339,2,300,0.2
"s5","s2",6.9182487280311,2,300,0.2
"s5","s2",7.13041875334972,2,300,0.2
"s5","s2",7.84317246925568,2,300,0.2
"s5","s2",6.73403880804617,2,300,0.2
"s5","s2",6.47335961858371,2,300,0.2
"s5","s2",7.03836169176378,2,300,0.2
"s5","s2",6.93513872189891,2,300,0.2
"s5","s2",6.96820011867652,2,300,0.2
"s5","s2",7.20284020353721,2,300,0.2
"s5","s2",6.67109753564094,2,300,0.2
"s5","s2",6.75662146077616,2,300,0.2
"s5","s2",7.16070975711645,2,300,0.2
"s5","s2",7.51068610339876,2,300,0.2
"s5","s2",7.41783902818815,2,300,0.2
"s5","s2",7.66014108062006,2,300,0.2
"s5","s2",7.02703283306975,2,300,0.2
"s5","s2",6.95387952983145,2,300,0.2
"s5","s2",6.98804569101694,2,300,0.2
"s5","s2",7.63536750046913,2,300,0.2
"s5","s2",7.17478562780509,2,300,0.2
"s5","s2",7.61647348390143,2,300,0.2
"s5","s2",7.17162842378042,2,300,0.2
"s5","s2",7.10188522075808,2,300,0.2
"s5","s2",6.56772162872661,2,300,0.2
"s5","s2",6.57760025408066,2,300,0.2
"s5","s2",7.07401946383607,2,300,0.2
"s5","s2",7.28199397946878,2,300,0.2
"s5","s2",7.25135138212551,2,300,0.2
"s5","s2",6.791669324625,2,300,0.2
"s5","s2",6.88268651870105,2,300,0.2
"s5","s2",6.7975814281719,2,300,0.2
"s5","s2",7.04034642961838,2,300,0.2
"s5","s2",6.77459789323865,2,300,0.2
"s5","s2",7.31746923614855,2,300,0.2
"s5","s2",7.18674775725378,2,300,0.2
"s5","s2",7.24478417394894,2,300,0.2
"s5","s2",6.89619633521973,2,300,0.2
"s5","s2",7.18631442190624,2,300,0.2
"s5","s2",6.70749203537426,2,300,0.2
"s5","s2",6.66661983157154,2,300,0.2
"s5","s2",6.9656234821464,2,300,0.2
"s5","s2",7.00898506462278,2,300,0.2
"s5","s2",6.63193526891264,2,300,0.2
"s5","s2",7.26474520606473,2,300,0.2
"s5","s2",7.36392652707529,2,300,0.2
"s5","s2",6.88249735809242,2,300,0.2
"s5","s2",7.31618041451354,2,300,0.2
"s5","s2",7.33933886383821,2,300,0.2
"s5","s2",7.34000589433679,2,300,0.2
"s5","s2",6.90701246657133,2,300,0.2
"s5","s2",7.22007736453452,2,300,0.2
"s5","s2",7.06267104803342,2,300,0.2
"s5","s2",6.91526429929979,2,300,0.2
"s5","s2",6.89368723218124,2,300,0.2
"s5","s2",6.97781114688422,2,300,0.2
"s5","s2",7.42230193305892,2,300,0.2
"s5","s2",7.5267649013114,2,300,0.2
"s5","s2",6.88067778962869,2,300,0.2
"s5","s2",6.98431245622298,2,300,0.2
"s5","s2",7.20647473769781,2,300,0.2
"s5","s2",6.89868492078912,2,300,0.2
"s5","s2",7.02453628149453,2,300,0.2
"s5","s2",7.50544221261809,2,300,0.2
"s5","s2",6.65269045734263,2,300,0.2
"s5","s2",7.17268832976669,2,300,0.2
"s5","s2",7.54505343470353,2,300,0.2
"s5","s2",6.38563607466925,2,300,0.2
"s5","s2",6.67327194311483,2,300,0.2
"s5","s2",7.1760629664476,2,300,0.2
"s5","s2",6.71497809772192,2,300,0.2
"s5","s2",6.98060631824393,2,300,0.2
"s5","s2",7.35105250800933,2,300,0.2
"s5","s2",6.50873609698178,2,300,0.2
"s5","s2",6.89868492078912,2,300,0.2
"s5","s2",7.12448720120129,2,300,0.2
"s5","s2",6.79451900767427,2,300,0.2
"s5","s2",7.48069639765836,2,300,0.2
"s5","s2",7.0437600537777,2,300,0.2
"s5","s2",7.1015657225724,2,300,0.2
"s5","s2",6.85355331440815,2,300,0.2
"s5","s2",7.1839269136852,2,300,0.2
"s5","s2",6.86068565057167,2,300,0.2
"s5","s2",7.17281118276453,2,300,0.2
"s5","s2",6.68958169271622,2,300,0.2
"s5","s2",6.92503669489493,2,300,0.2
"s5","s3",6.97005152690403,2,300,0.2
"s5","s3",7.02276012001022,2,300,0.2
"s5","s3",6.89268876226541,2,300,0.2
"s5","s3",6.6989324761534,2,300,0.2
"s5","s3",6.8788840495294,2,300,0.2
"s5","s3",7.09339864390186,2,300,0.2
"s5","s3",7.33467191938769,2,300,0.2
"s5","s3",6.9863851982721,2,300,0.2
"s5","s3",7.55582774498318,2,300,0.2
"s5","s3",7.36561970687563,2,300,0.2
"s5","s3",7.78386283217051,2,300,0.2
"s5","s3",7.99798081231956,2,300,0.2
"s5","s3",6.31881954878949,2,300,0.2
"s5","s3",7.20496245461436,2,300,0.2
"s5","s3",7.07850347679877,2,300,0.2
"s5","s3",7.66554470687876,2,300,0.2
"s5","s3",7.21179886907227,2,300,0.2
"s5","s3",7.04241799006421,2,300,0.2
"s5","s3",7.13001187874019,2,300,0.2
"s5","s3",7.05653563012977,2,300,0.2
"s5","s3",7.10215254179351,2,300,0.2
"s5","s3",7.32110477520572,2,300,0.2
"s5","s3",7.27418746964602,2,300,0.2
"s5","s3",7.19343273970256,2,300,0.2
"s5","s3",6.8316292473122,2,300,0.2
"s5","s3",7.13461851241912,2,300,0.2
"s5","s3",7.24830689224058,2,300,0.2
"s5","s3",7.58583854186407,2,300,0.2
"s5","s3",7.06713701702679,2,300,0.2
"s5","s3",7.05571401228254,2,300,0.2
"s5","s3",7.55805208707821,2,300,0.2
"s5","s3",6.84989972967593,2,300,0.2
"s5","s3",6.7504893265145,2,300,0.2
"s5","s3",6.7494509095261,2,300,0.2
"s5","s3",6.77753980932425,2,300,0.2
"s5","s3",6.9118733120133,2,300,0.2
"s5","s3",7.23385501958811,2,300,0.2
"s5","s3",7.58127288366831,2,300,0.2
"s5","s3",7.41723353303356,2,300,0.2
"s5","s3",6.84222951473529,2,300,0.2
"s5","s3",7.33258864369772,2,300,0.2
"s5","s3",6.84657013015436,2,300,0.2
"s5","s3",7.16783653736947,2,300,0.2
"s5","s3",6.77982792097001,2,300,0.2
"s5","s3",7.64359494484727,2,300,0.2
"s5","s3",6.64371241487373,2,300,0.2
"s5","s3",7.6381177346302,2,300,0.2
"s5","s3",7.22543736411465,2,300,0.2
"s5","s3",6.79837357493589,2,300,0.2
"s5","s3",7.05268734909896,2,300,0.2
"s5","s3",7.30443651670265,2,300,0.2
"s5","s3",7.27004545124199,2,300,0.2
"s5","s3",7.09155695005106,2,300,0.2
"s5","s3",6.78879431282795,2,300,0.2
"s5","s3",7.13815047867516,2,300,0.2
"s5","s3",7.14600106777426,2,300,0.2
"s5","s3",6.80991056228707,2,300,0.2
"s5","s3",7.58555128673498,2,300,0.2
"s5","s3",7.18063639678809,2,300,0.2
"s5","s3",6.68250668670555,2,300,0.2
"s5","s3",6.98687110079953,2,300,0.2
"s5","s3",7.3018269540421,2,300,0.2
"s5","s3",6.94197461484001,2,300,0.2
"s5","s3",7.12794885868648,2,300,0.2
"s5","s3",7.13402992851266,2,300,0.2
"s5","s3",7.15879449126132,2,300,0.2
"s5","s3",7.25011125075164,2,300,0.2
"s5","s3",7.18314966817752,2,300,0.2
"s5","s3",7.3471329126577,2,300,0.2
"s5","s3",7.44816492742368,2,300,0.2
"s5","s3",7.6467806566281,2,300,0.2
"s5","s3",7.32838701249739,2,300,0.2
"s5","s3",7.11866298549319,2,300,0.2
"s5","s3",7.16393196368291,2,300,0.2
"s5","s3",6.82128453204691,2,300,0.2
"s5","s3",6.76304274272853,2,300,0.2
"s5","s3",7.53869059103033,2,300,0.2
"s5","s3",7.5987942787981,2,300,0.2
"s5","s3",7.17584958016304,2,300,0.2
"s5","s3",7.53347644535131,2,300,0.2
"s5","s3",7.04454687851685,2,300,0.2
"s5","s3",7.15348341810292,2,300,0.2
"s5","s3",6.59407296005926,2,300,0.2
"s5","s3",6.91575452859299,2,300,0.2
"s5","s3",6.94482946252778,2,300,0.2
"s5","s3",6.98692299318076,2,300,0.2
"s5","s3",7.17635193432685,2,300,0.2
"s5","s3",7.07583426457589,2,300,0.2
"s5","s3",6.97390485514205,2,300,0.2
"s5","s3",6.98306736704883,2,300,0.2
"s5","s3",7.09213862208613,2,300,0.2
"s5","s3",7.20941088336809,2,300,0.2
"s5","s3",7.29361702855534,2,300,0.2
"s5","s3",6.35479914137839,2,300,0.2
"s5","s3",6.95443979703177,2,300,0.2
"s5","s3",6.93723983028144,2,300,0.2
"s5","s3",7.89893258288222,2,300,0.2
"s5","s3",7.40952515088791,2,300,0.2
"s5","s3",7.61234690846661,2,300,0.2
"s5","s3",6.58139670285266,2,300,0.2
"s5","s3",6.77306806116025,2,300,0.2
"s5","s3",7.32216194528506,2,300,0.2
"s5","s3",7.19775120415353,2,300,0.2
"s5","s3",7.36422248129257,2,300,0.2
"s5","s3",6.91199753468121,2,300,0.2
"s5","s3",7.40761011963011,2,300,0.2
"s5","s3",7.23140409511689,2,300,0.2
"s5","s3",6.71629765928999,2,300,0.2
"s5","s3",7.23093641157081,2,300,0.2
"s5","s3",7.59009992679189,2,300,0.2
"s5","s3",7.03465251321363,2,300,0.2
"s5","s3",6.84583765975236,2,300,0.2
"s5","s3",7.31289589758342,2,300,0.2
"s5","s3",6.55076213357467,2,300,0.2
"s5","s3",6.9135490040172,2,300,0.2
"s5","s3",7.03067847178593,2,300,0.2
"s5","s3",7.49089370694705,2,300,0.2
"s5","s3",7.18631847597322,2,300,0.2
"s5","s3",6.69967450032846,2,300,0.2
"s5","s3",6.88979739726375,2,300,0.2
"s5","s3",7.13149413969511,2,300,0.2
"s5","s3",7.21691858139241,2,300,0.2
"s5","s3",7.0990527250315,2,300,0.2
"s5","s3",7.60431937489055,2,300,0.2
"s5","s3",7.37209512089692,2,300,0.2
"s5","s3",7.2061231713874,2,300,0.2
"s5","s3",6.48685571394884,2,300,0.2
"s5","s3",6.42592832439604,2,300,0.2
"s5","s3",7.22647482773316,2,300,0.2
"s5","s3",7.1751825330505,2,300,0.2
"s5","s3",6.88558267943951,2,300,0.2
"s5","s3",7.79657038494651,2,300,0.2
"s5","s3",7.01487027455364,2,300,0.2
"s5","s3",7.23258313192068,2,300,0.2
"s5","s3",7.41607515948347,2,300,0.2
"s5","s3",7.26114364271219,2,300,0.2
"s5","s3",7.39493038773075,2,300,0.2
"s5","s3",6.92395026109974,2,300,0.2
"s5","s3",5.98540353147801,2,300,0.2
"s5","s3",7.19775120415353,2,300,0.2
"s5","s3",6.92132975136411,2,300,0.2
"s5","s3",7.02569306236462,2,300,0.2
"s5","s3",6.63912619224487,2,300,0.2
"s5","s3",7.51861818758678,2,300,0.2
"s5","s3",7.0990527250315,2,300,0.2
"s5","s3",7.30341681675881,2,300,0.2
"s5","s3",6.87183568384322,2,300,0.2
"s5","s3",7.40428547719158,2,300,0.2
"s5","s3",6.85030078341817,2,300,0.2
"s5","s3",6.6133300342966,2,300,0.2
"s5","s3",7.52041386085048,2,300,0.2
"s5","s3",6.8322246627842,2,300,0.2
"s5","s3",6.50544023359443,2,300,0.2
"s5","s3",7.40180038516874,2,300,0.2
"s5","s3",7.56750118095817,2,300,0.2
"s5","s3",7.25512531621968,2,300,0.2
"s5","s3",6.87982775193868,2,300,0.2
"s5","s3",6.28249566902458,2,300,0.2
"s5","s3",6.49618412124765,2,300,0.2
"s5","s3",6.83565505461586,2,300,0.2
"s5","s3",6.84254579734483,2,300,0.2
"s5","s3",7.14341648934887,2,300,0.2
"s5","s3",6.79719154696755,2,300,0.2
"s5","s3",7.21305284084247,2,300,0.2
"s5","s3",8.03052197817067,2,300,0.2
"s5","s3",7.45289746748983,2,300,0.2
"s5","s3",6.6199093415573,2,300,0.2
"s5","s3",7.02181704756163,2,300,0.2
"s5","s3",7.36522702032778,2,300,0.2
"s5","s3",7.17104338634957,2,300,0.2
"s5","s3",6.41971881114111,2,300,0.2
"s5","s3",7.09011340724339,2,300,0.2
"s5","s3",7.32221093609495,2,300,0.2
"s5","s3",7.08770285600848,2,300,0.2
"s5","s3",7.18237746078054,2,300,0.2
"s5","s3",7.02403695044363,2,300,0.2
"s5","s3",6.8928109327328,2,300,0.2
"s5","s3",7.3209840797645,2,300,0.2
"s5","s3",7.56218933043333,2,300,0.2
"s5","s3",6.95007886085207,2,300,0.2
"s5","s3",6.92940018790853,2,300,0.2
"s5","s3",7.16199789802727,2,300,0.2
"s5","s3",7.0990527250315,2,300,0.2
"s5","s3",6.89385118308127,2,300,0.2
"s5","s3",6.96870771700412,2,300,0.2
"s5","s3",6.85413717447565,2,300,0.2
"s5","s3",7.027340600299,2,300,0.2
"s5","s3",6.71006347712969,2,300,0.2
"s5","s3",6.90882037025436,2,300,0.2
"s5","s3",6.79119527569706,2,300,0.2
"s5","s3",6.64679812266888,2,300,0.2
"s5","s3",7.27138296594426,2,300,0.2
"s5","s3",7.31014915355219,2,300,0.2
"s5","s3",7.48069771393356,2,300,0.2
"s5","s3",6.80704984348816,2,300,0.2
"s5","s3",7.10438844947094,2,300,0.2
"s5","s3",7.15730508618402,2,300,0.2
"s5","s3",7.35125247208501,2,300,0.2
"s5","s3",7.53911514838892,2,300,0.2
"s5","s3",7.48747648068303,2,300,0.2
"s5","s3",7.03093314572567,2,300,0.2
"s5","s3",7.43332394357981,2,300,0.2
"s5","s3",7.10158268250069,2,300,0.2
"s5","s3",6.81783472134803,2,300,0.2
"s5","s3",6.75537438970179,2,300,0.2
"s5","s3",7.74496525340476,2,300,0.2
"s5","s3",6.82521107722511,2,300,0.2
"s5","s3",7.35742537349988,2,300,0.2
"s5","s3",6.88777685534984,2,300,0.2
"s5","s3",6.76773710345905,2,300,0.2
"s5","s3",7.23388739123543,2,300,0.2
"s5","s3",7.31026206130922,2,300,0.2
"s5","s3",7.13264996597198,2,300,0.2
"s5","s3",6.76433973496373,2,300,0.2
"s5","s3",7.04740312875744,2,300,0.2
"s5","s3",7.32110477520572,2,300,0.2
"s5","s3",7.30347722448204,2,300,0.2
"s5","s3",7.28211011492462,2,300,0.2
"s5","s3",7.63200363435607,2,300,0.2
"s5","s3",6.73793300310052,2,300,0.2
"s5","s3",7.82460224243957,2,300,0.2
"s5","s3",6.96901709277515,2,300,0.2
"s5","s3",6.77753980932425,2,300,0.2
"s5","s3",7.1105885487469,2,300,0.2
"s5","s3",7.18314966817752,2,300,0.2
"s5","s3",7.38820181552967,2,300,0.2
"s5","s3",7.31254287706266,2,300,0.2
"s5","s3",7.26175847110093,2,300,0.2
"s5","s3",7.04671639830248,2,300,0.2
"s5","s3",7.35536926727486,2,300,0.2
"s5","s3",7.15085370625577,2,300,0.2
"s5","s3",7.36757975718962,2,300,0.2
"s5","s3",7.86042203291966,2,300,0.2
"s5","s3",7.70352504174555,2,300,0.2
"s5","s3",7.33620040021192,2,300,0.2
"s5","s3",6.72257326495051,2,300,0.2
"s5","s3",6.79977994440398,2,300,0.2
"s5","s3",6.89206656891581,2,300,0.2
"s5","s3",7.91209568952659,2,300,0.2
"s5","s3",7.52913572657252,2,300,0.2
"s5","s3",7.426760219785,2,300,0.2
"s5","s3",6.72348909015255,2,300,0.2
"s5","s3",7.48807447095894,2,300,0.2
"s5","s3",6.78974911087644,2,300,0.2
"s5","s3",7.17420133726841,2,300,0.2
"s5","s3",6.98287868727729,2,300,0.2
"s5","s3",6.75100901790404,2,300,0.2
"s5","s3",6.83943603154908,2,300,0.2
"s5","s3",6.79670731255442,2,300,0.2
"s5","s3",6.91969346245701,2,300,0.2
"s5","s3",7.63922035731789,2,300,0.2
"s5","s3",7.19982395629317,2,300,0.2
"s5","s3",7.25039718275974,2,300,0.2
"s5","s3",7.00482405342387,2,300,0.2
"s5","s3",7.00520596253793,2,300,0.2
"s5","s3",6.67793509724207,2,300,0.2
"s5","s3",7.29205519127063,2,300,0.2
"s5","s3",6.92196340423103,2,300,0.2
"s5","s3",7.53894695338166,2,300,0.2
"s5","s3",7.46258056952674,2,300,0.2
"s5","s3",7.59976789119968,2,300,0.2
"s5","s3",6.68161944483245,2,300,0.2
"s5","s3",6.95191275934042,2,300,0.2
"s5","s3",7.37139306475616,2,300,0.2
"s5","s3",7.14044694316372,2,300,0.2
"s5","s3",6.84174730174584,2,300,0.2
"s5","s3",6.68565914873958,2,300,0.2
"s5","s3",6.85341371761062,2,300,0.2
"s5","s3",7.52454439261297,2,300,0.2
"s5","s3",6.8064185930615,2,300,0.2
"s5","s3",7.16503940215586,2,300,0.2
"s5","s3",7.6215214771732,2,300,0.2
"s5","s3",6.93560077641655,2,300,0.2
"s5","s3",7.0774886033002,2,300,0.2
"s5","s3",6.69422547255903,2,300,0.2
"s5","s3",7.05072980262034,2,300,0.2
"s5","s3",7.22353636178028,2,300,0.2
"s5","s3",6.7300017466154,2,300,0.2
"s5","s3",7.25676487334798,2,300,0.2
"s5","s3",7.33975897799648,2,300,0.2
"s5","s3",6.86419214650122,2,300,0.2
"s5","s3",6.8557122031188,2,300,0.2
"s5","s3",6.98737850730819,2,300,0.2
"s5","s3",6.76372035251636,2,300,0.2
"s5","s3",7.19644229000828,2,300,0.2
"s5","s3",6.42211715566084,2,300,0.2
"s5","s3",7.30382514647245,2,300,0.2
"s5","s3",6.87910170990948,2,300,0.2
"s5","s3",6.94283524804667,2,300,0.2
"s5","s3",7.34590536762394,2,300,0.2
"s5","s3",7.15619959959464,2,300,0.2
"s5","s3",7.1561070745359,2,300,0.2
"s5","s3",7.50093678995476,2,300,0.2
"s5","s3",7.18818219105985,2,300,0.2
"s5","s3",7.5709107730333,2,300,0.2
"s5","s3",7.4864385909701,2,300,0.2
"s5","s3",7.13294637088146,2,300,0.2
"s5","s3",6.82335270129498,2,300,0.2
"s5","s3",7.167454216912,2,300,0.2
"s5","s3",7.14512957435534,2,300,0.2
"s5","s3",6.71311531258091,2,300,0.2
"s5","s3",6.93074180255768,2,300,0.2
"s5","s3",6.73375673079386,2,300,0.2
"s5","s3",6.93228197634014,2,300,0.2
"s5","s3",7.1386166144862,2,300,0.2
"s5","s3",6.5191157835331,2,300,0.2
"s5","s3",7.20205416203081,2,300,0.2
"s5","s3",7.4621295865916,2,300,0.2
"s5","s3",7.25593954121306,2,300,0.2
"s5","s3",7.13806765294414,2,300,0.2
"s5","s3",7.07252698715353,2,300,0.2
"s5","s3",6.89740056322272,2,300,0.2
"s5","s3",7.28061263313634,2,300,0.2
"s5","s3",7.07213893136071,2,300,0.2
"s5","s3",6.92004461737881,2,300,0.2
"s5","s3",7.29807701466295,2,300,0.2
"s5","s3",6.66282360321031,2,300,0.2
"s5","s3",7.37296837855762,2,300,0.2
"s5","s3",6.49203475199239,2,300,0.2
"s5","s3",7.23635064358986,2,300,0.2
"s5","s3",7.14494509451876,2,300,0.2
"s5","s3",6.99091527081271,2,300,0.2
"s5","s3",7.04693978652773,2,300,0.2
"s5","s3",7.33523998839871,2,300,0.2
"s5","s3",6.87005262876868,2,300,0.2
"s5","s3",6.94005656908271,2,300,0.2
"s5","s3",7.14412149735318,2,300,0.2
"s5","s3",7.03307857417015,2,300,0.2
"s5","s3",7.33335083825939,2,300,0.2
"s5","s3",7.48800741604255,2,300,0.2
"s5","s3",6.89881941756937,2,300,0.2
"s5","s3",7.40787670860021,2,300,0.2
"s5","s3",6.64461314957435,2,300,0.2
"s5","s3",7.63940982110187,2,300,0.2
"s5","s3",6.89645316447783,2,300,0.2
"s5","s3",6.89345389345372,2,300,0.2
"s5","s3",7.26291488007638,2,300,0.2
"s5","s3",7.43412907442905,2,300,0.2
"s5","s3",7.01874393264611,2,300,0.2
"s5","s3",7.52352309177643,2,300,0.2
"s5","s3",7.04126250385411,2,300,0.2
"s5","s3",6.91667228307801,2,300,0.2
"s5","s3",6.50410637067361,2,300,0.2
"s5","s3",7.38381248097496,2,300,0.2
"s5","s3",6.75967509396577,2,300,0.2
"s5","s3",6.95222029648085,2,300,0.2
"s5","s3",7.16966739788107,2,300,0.2
"s5","s3",7.21077641850384,2,300,0.2
"s5","s3",7.32086378967571,2,300,0.2
"s5","s3",7.30473985673046,2,300,0.2
"s5","s3",7.08495360198963,2,300,0.2
"s5","s3",6.73093704522174,2,300,0.2
"s5","s3",7.31322267209438,2,300,0.2
"s5","s3",7.37969524477927,2,300,0.2
"s5","s3",6.8431109490154,2,300,0.2
"s5","s3",7.02122813004848,2,300,0.2
"s5","s3",7.03350332320214,2,300,0.2
"s5","s3",7.03350332320214,2,300,0.2
"s5","s3",6.59759851609286,2,300,0.2
"s5","s3",6.76111027384512,2,300,0.2
"s5","s3",7.49050860195635,2,300,0.2
"s5","s3",6.67947609213432,2,300,0.2
"s5","s3",7.67646565755578,2,300,0.2
"s5","s3",7.4578437778748,2,300,0.2
"s5","s3",7.16347028122283,2,300,0.2
"s5","s3",8.15301229854023,2,300,0.2
"s5","s3",7.69208543878733,2,300,0.2
"s5","s3",7.41692761564792,2,300,0.2
"s5","s3",7.0323224031876,2,300,0.2
"s5","s3",6.63254066384765,2,300,0.2
"s5","s3",7.29449420418351,2,300,0.2
"s5","s3",6.68914677670968,2,300,0.2
"s5","s3",7.59130478124507,2,300,0.2
"s5","s3",7.46533352859715,2,300,0.2
"s5","s3",7.07159944526877,2,300,0.2
"s5","s3",7.65513864316762,2,300,0.2
"s5","s3",7.30443651670265,2,300,0.2
"s5","s3",7.39393591572157,2,300,0.2
"s5","s3",7.30184553375133,2,300,0.2
"s5","s3",7.1730293230988,2,300,0.2
"s5","s3",6.82531240417089,2,300,0.2
"s5","s3",7.10215254179351,2,300,0.2
"s5","s3",6.59531321410982,2,300,0.2
"s5","s3",6.79119527569706,2,300,0.2
"s5","s3",7.31802514065818,2,300,0.2
"s5","s3",6.90821966731511,2,300,0.2
"s5","s3",6.96552302252728,2,300,0.2
"s5","s3",6.56318170844774,2,300,0.2
"s5","s3",6.75617376436361,2,300,0.2
"s5","s3",6.97423570614586,2,300,0.2
"s5","s3",6.94870547141724,2,300,0.2
"s5","s3",7.26036855821762,2,300,0.2
"s5","s3",7.06000274488458,2,300,0.2
"s5","s3",7.17781353148149,2,300,0.2
"s5","s3",7.27976871480033,2,300,0.2
"s5","s3",7.15218438366183,2,300,0.2
"s5","s3",7.14743613937366,2,300,0.2
"s5","s3",6.82537184233267,2,300,0.2
"s5","s3",6.76207843935207,2,300,0.2
"s5","s3",7.57289603552778,2,300,0.2
"s5","s3",6.71837548177517,2,300,0.2
"s5","s3",6.93321565063675,2,300,0.2
"s5","s3",7.09922224898614,2,300,0.2
"s5","s3",6.65459704242141,2,300,0.2
"s5","s3",7.60431937489055,2,300,0.2
"s5","s3",6.75453269232444,2,300,0.2
"s5","s3",7.03967141272551,2,300,0.2
"s5","s3",6.8441587159501,2,300,0.2
"s5","s3",7.43329342083485,2,300,0.2
"s5","s3",7.13194548653814,2,300,0.2
"s5","s3",7.28464751995926,2,300,0.2
"s5","s3",6.76868453435849,2,300,0.2
"s5","s3",6.51144298109242,2,300,0.2
"s5","s3",7.18813929330673,2,300,0.2
"s5","s3",6.81101812739212,2,300,0.2
"s5","s3",6.59161990064604,2,300,0.2
"s5","s3",7.07824636391236,2,300,0.2
"s5","s3",7.02969332505904,2,300,0.2
"s5","s3",7.58971273112387,2,300,0.2
"s5","s3",7.32476751176176,2,300,0.2
"s5","s3",6.75201717540133,2,300,0.2
"s5","s3",6.73640726282543,2,300,0.2
"s5","s3",7.10089056286902,2,300,0.2
"s5","s3",6.9193964727957,2,300,0.2
"s5","s3",7.20010593073721,2,300,0.2
"s5","s3",6.83052334042995,2,300,0.2
"s5","s3",6.77590644811446,2,300,0.2
"s5","s3",6.48576373017479,2,300,0.2
"s5","s3",7.38873423987883,2,300,0.2
"s5","s3",6.87697976761315,2,300,0.2
"s5","s3",7.37051508680509,2,300,0.2
"s5","s3",7.26139946048392,2,300,0.2
"s5","s3",6.64962403994744,2,300,0.2
"s5","s3",6.71079917710658,2,300,0.2
"s5","s3",6.71138979910717,2,300,0.2
"s5","s3",6.9495667212199,2,300,0.2
"s5","s3",7.07405916308382,2,300,0.2
"s5","s3",7.21749682751729,2,300,0.2
"s5","s3",7.3097605381253,2,300,0.2
"s5","s3",7.32251271976742,2,300,0.2
"s5","s3",7.34586681441641,2,300,0.2
"s5","s3",7.01654067984131,2,300,0.2
"s5","s3",7.14277699645183,2,300,0.2
"s5","s3",7.53229665894795,2,300,0.2
"s5","s3",7.12655916522602,2,300,0.2
"s5","s3",7.41199286169608,2,300,0.2
"s5","s3",7.19796830115502,2,300,0.2
"s5","s3",7.23003909909526,2,300,0.2
"s5","s3",6.47476395863474,2,300,0.2
"s5","s3",7.07597939480692,2,300,0.2
"s5","s3",7.34039946658288,2,300,0.2
"s5","s3",7.54906402548556,2,300,0.2
"s5","s3",7.04391556724075,2,300,0.2
"s5","s3",7.63655366876699,2,300,0.2
"s5","s3",7.03180666850449,2,300,0.2
"s5","s3",7.31741184327801,2,300,0.2
"s5","s3",7.34189676564256,2,300,0.2
"s5","s3",6.59284232550478,2,300,0.2
"s5","s3",6.77930905429018,2,300,0.2
"s5","s3",7.04454687851685,2,300,0.2
"s5","s3",6.83797929982084,2,300,0.2
"s5","s3",7.17789214518763,2,300,0.2
"s5","s3",6.70828039616349,2,300,0.2
"s5","s3",6.9980995897526,2,300,0.2
"s5","s3",6.96785685464633,2,300,0.2
"s5","s3",6.58105372890799,2,300,0.2
"s5","s3",6.62100974520088,2,300,0.2
"s5","s3",7.64359494484727,2,300,0.2
"s5","s3",6.78649931209029,2,300,0.2
"s5","s3",6.81415533407136,2,300,0.2
"s5","s3",7.46307640642347,2,300,0.2
"s5","s3",6.72282576275057,2,300,0.2
"s5","s3",6.818666277268,2,300,0.2
"s5","s3",7.27418746964602,2,300,0.2
"s5","s3",7.34691875326638,2,300,0.2
"s5","s3",7.26270434777508,2,300,0.2
"s5","s3",7.22971782203547,2,300,0.2
"s5","s3",6.92586659212415,2,300,0.2
"s5","s3",6.68565914873958,2,300,0.2
"s5","s3",7.31614582888299,2,300,0.2
"s5","s3",6.82521107722511,2,300,0.2
"s5","s3",7.46093085323484,2,300,0.2
"s5","s3",7.2339583436187,2,300,0.2
"s5","s3",7.23951811367458,2,300,0.2
"s5","s3",7.16199789802727,2,300,0.2
"s5","s3",6.83782343837245,2,300,0.2
"s5","s3",7.17047867872508,2,300,0.2
"s5","s3",7.06076782049178,2,300,0.2
"s5","s3",6.87913519284999,2,300,0.2
"s5","s3",7.42269965445695,2,300,0.2
"s5","s3",6.88879563986913,2,300,0.2
"s5","s3",7.18516706120833,2,300,0.2
"s5","s3",6.68161944483245,2,300,0.2
"s5","s3",6.87179398562526,2,300,0.2
"s5","s3",7.60976973868662,2,300,0.2
"s5","s3",7.08777348192313,2,300,0.2
"s5","s3",7.51493859418031,2,300,0.2
"s5","s3",7.42320521195412,2,300,0.2
"s5","s3",6.70382929496938,2,300,0.2
"s5","s3",6.53636640871935,2,300,0.2
"s5","s3",6.61040862720538,2,300,0.2
"s5","s3",6.48328776604542,2,300,0.2
"s5","s3",7.05457396768173,2,300,0.2
"s5","s3",6.76713171256418,2,300,0.2
"s5","s3",7.35048699543967,2,300,0.2
"s5","s3",7.079637883705,2,300,0.2
"s5","s3",7.03180666850449,2,300,0.2
"s5","s3",7.14789940038727,2,300,0.2
"s5","s3",6.87913519284999,2,300,0.2
"s5","s3",6.65475694925019,2,300,0.2
"s5","s3",7.06521780101704,2,300,0.2
"s5","s3",7.34766135459851,2,300,0.2
"s5","s3",7.56394071588423,2,300,0.2
"s5","s3",7.37945551832179,2,300,0.2
"s5","s3",7.27730594447705,2,300,0.2
"s5","s3",7.3741738281845,2,300,0.2
"s5","s3",6.64033455249267,2,300,0.2
"s5","s3",7.20941088336809,2,300,0.2
"s5","s3",6.77564870703195,2,300,0.2
"s5","s3",7.00904966600694,2,300,0.2
"s5","s3",7.26951816890262,2,300,0.2
"s5","s3",6.64833981166425,2,300,0.2
"s5","s3",7.19468545797199,2,300,0.2
"s5","s3",7.25226573289198,2,300,0.2
"s5","s3",7.03340659409002,2,300,0.2
"s5","s3",6.98792735463387,2,300,0.2
"s5","s3",7.42072587637979,2,300,0.2
"s5","s3",6.85026283353163,2,300,0.2
"s5","s3",7.18237746078054,2,300,0.2
"s5","s3",7.47075895288168,2,300,0.2
"s5","s3",7.14359002499519,2,300,0.2
"s5","s3",6.89217277466302,2,300,0.2
"s5","s3",7.51079288872572,2,300,0.2
"s5","s3",7.15730008803913,2,300,0.2
"s5","s3",7.36757975718962,2,300,0.2
"s5","s3",6.80089932672048,2,300,0.2
"s5","s3",7.04693978652773,2,300,0.2
"s5","s3",6.66126859144433,2,300,0.2
"s5","s3",6.51079871760834,2,300,0.2
"s5","s3",6.51266183639692,2,300,0.2
"s5","s3",7.10215254179351,2,300,0.2
"s5","s3",6.8441294785829,2,300,0.2
"s5","s3",7.20941088336809,2,300,0.2
"s5","s3",7.18907049711292,2,300,0.2
"s5","s3",7.25039718275974,2,300,0.2
"s5","s3",6.82521107722511,2,300,0.2
"s5","s3",7.13678979668825,2,300,0.2
"s5","s3",7.07143434546921,2,300,0.2
"s5","s3",7.17569622682545,2,300,0.2
"s5","s3",6.87393017850675,2,300,0.2
"s5","s3",7.04454687851685,2,300,0.2
"s5","s3",7.66043057518954,2,300,0.2
"s5","s3",7.32919978772771,2,300,0.2
"s5","s3",6.76024561705623,2,300,0.2
"s5","s3",7.19842239826149,2,300,0.2
"s5","s3",6.96376057863906,2,300,0.2
"s5","s3",7.01609673474398,2,300,0.2
"s5","s3",7.36323445026302,2,300,0.2
"s5","s3",7.02713728665944,2,300,0.2
"s5","s3",7.18162178891607,2,300,0.2
"s5","s3",6.48034556206622,2,300,0.2
"s5","s3",7.24684923672164,2,300,0.2
"s5","s3",7.27480694636694,2,300,0.2
"s5","s3",6.93695557599543,2,300,0.2
"s5","s3",7.06076782049178,2,300,0.2
"s5","s3",7.11432335017577,2,300,0.2
"s5","s3",7.0498916113999,2,300,0.2
"s5","s3",7.97594630768728,2,300,0.2
"s5","s3",7.21439476470914,2,300,0.2
"s5","s3",6.80828458609609,2,300,0.2
"s5","s3",6.77564196578921,2,300,0.2
"s5","s3",6.80171697317103,2,300,0.2
"s5","s3",7.24864938033108,2,300,0.2
"s5","s3",7.09127492680767,2,300,0.2
"s5","s3",6.8441131132996,2,300,0.2
"s5","s3",7.27038602257799,2,300,0.2
"s5","s3",7.25533461158982,2,300,0.2
"s5","s3",6.32126864253982,2,300,0.2
"s5","s3",6.86076103415277,2,300,0.2
"s5","s3",7.36339298538519,2,300,0.2
"s5","s3",7.37194096978646,2,300,0.2
"s5","s3",6.62340962032416,2,300,0.2
"s5","s3",7.6467806566281,2,300,0.2
"s5","s3",7.15271903247746,2,300,0.2
"s5","s3",7.28662408129378,2,300,0.2
"s5","s3",7.12015936228352,2,300,0.2
"s5","s3",7.57808561516134,2,300,0.2
"s5","s3",6.80714679388619,2,300,0.2
"s5","s3",7.04895508594521,2,300,0.2
"s5","s3",7.24536476332807,2,300,0.2
"s5","s3",6.72371005908408,2,300,0.2
"s5","s3",6.68161944483245,2,300,0.2
"s5","s3",6.50414711181062,2,300,0.2
"s5","s3",6.96160031149219,2,300,0.2
"s5","s3",7.20024884903822,2,300,0.2
"s5","s3",7.41389389738842,2,300,0.2
"s5","s3",7.36641577015816,2,300,0.2
"s5","s3",7.1910354325674,2,300,0.2
"s5","s3",6.68747999973008,2,300,0.2
"s5","s3",7.388593620853,2,300,0.2
"s5","s3",6.8445498275692,2,300,0.2
"s5","s3",7.26270434777508,2,300,0.2
"s5","s3",7.15171826956049,2,300,0.2
"s5","s3",7.16761665739534,2,300,0.2
"s5","s3",7.16402518365197,2,300,0.2
"s5","s3",7.11850088934487,2,300,0.2
"s5","s3",6.66687629399649,2,300,0.2
"s5","s3",6.96399245631463,2,300,0.2
"s5","s3",7.15534932187526,2,300,0.2
"s5","s3",7.66867997845952,2,300,0.2
"s5","s3",6.66300716045036,2,300,0.2
"s5","s3",7.16274005791582,2,300,0.2
"s5","s3",6.96444877573102,2,300,0.2
"s5","s3",6.70212445970451,2,300,0.2
"s5","s3",6.98860560375975,2,300,0.2
"s5","s3",6.73840627185318,2,300,0.2
"s5","s3",6.7606684769825,2,300,0.2
"s5","s3",7.14494509451876,2,300,0.2
"s5","s3",6.84498494688205,2,300,0.2
"s5","s3",6.66452755748266,2,300,0.2
"s5","s3",7.44102280708975,2,300,0.2
"s5","s3",7.2339583436187,2,300,0.2
"s5","s3",6.75405776454257,2,300,0.2
"s5","s3",7.33467191938769,2,300,0.2
"s5","s3",6.87174479692705,2,300,0.2
"s5","s3",7.33109164451879,2,300,0.2
"s5","s3",6.64471644691749,2,300,0.2
"s5","s3",6.9624922645817,2,300,0.2
"s5","s3",7.42464486074319,2,300,0.2
"s5","s3",6.94400757820637,2,300,0.2
"s5","s3",6.63779845135366,2,300,0.2
"s5","s3",7.25226573289198,2,300,0.2
"s5","s3",6.87775298764612,2,300,0.2
"s5","s3",6.71442397291229,2,300,0.2
"s5","s3",7.53869059103033,2,300,0.2
"s5","s3",7.68834487054654,2,300,0.2
"s5","s3",7.04303450473701,2,300,0.2
"s5","s3",6.54878752572358,2,300,0.2
"s5","s3",7.05281662544439,2,300,0.2
"s5","s3",7.39019373886731,2,300,0.2
"s5","s3",7.15669028484479,2,300,0.2
"s5","s3",7.49559300884135,2,300,0.2
"s5","s3",7.39033367856698,2,300,0.2
"s5","s3",6.51003952827784,2,300,0.2
"s5","s3",6.83404327943099,2,300,0.2
"s5","s3",6.71629765928999,2,300,0.2
"s5","s3",6.86899784605382,2,300,0.2
"s5","s3",7.01957121630255,2,300,0.2
"s5","s3",7.1065128328124,2,300,0.2
"s5","s3",7.03543214453251,2,300,0.2
"s5","s3",7.11597767843416,2,300,0.2
"s5","s3",6.80353846518667,2,300,0.2
"s5","s3",7.4695112836259,2,300,0.2
"s5","s3",7.56662409782476,2,300,0.2
"s5","s3",6.55761475894852,2,300,0.2
"s5","s3",6.5858964320289,2,300,0.2
"s5","s3",7.30989096444539,2,300,0.2
"s5","s3",7.62740647953973,2,300,0.2
"s5","s3",6.87439907703934,2,300,0.2
"s5","s3",7.06814493910164,2,300,0.2
"s5","s3",7.59150015469014,2,300,0.2
"s5","s3",6.63912619224487,2,300,0.2
"s5","s3",7.48226161919871,2,300,0.2
"s5","s3",7.36422248129257,2,300,0.2
"s5","s3",7.36686170467721,2,300,0.2
"s5","s3",7.18800287910136,2,300,0.2
"s5","s3",6.89421902464204,2,300,0.2
"s5","s3",6.96397690686833,2,300,0.2
"s5","s3",6.99227286653581,2,300,0.2
"s5","s3",6.97186344856334,2,300,0.2
"s5","s3",7.24800308087831,2,300,0.2
"s5","s3",7.39043106206701,2,300,0.2
"s5","s3",7.02466513485123,2,300,0.2
"s5","s3",6.61332472490384,2,300,0.2
"s5","s3",6.74381943782503,2,300,0.2
"s5","s3",7.17420133726841,2,300,0.2
"s5","s3",7.60820801550314,2,300,0.2
"s5","s3",6.87697976761315,2,300,0.2
"s5","s3",6.65858961981721,2,300,0.2
"s5","s3",7.18601528127689,2,300,0.2
"s5","s3",7.20002214630979,2,300,0.2
"s5","s3",6.84612741486495,2,300,0.2
"s5","s3",6.81767287218543,2,300,0.2
"s5","s3",6.87449075885776,2,300,0.2
"s5","s3",7.25655076526741,2,300,0.2
"s5","s3",7.3994625777114,2,300,0.2
"s5","s3",7.38300174376339,2,300,0.2
"s5","s3",7.53955664220769,2,300,0.2
"s5","s3",7.05281662544439,2,300,0.2
"s5","s3",7.11400657217522,2,300,0.2
"s5","s3",6.96419401096469,2,300,0.2
"s5","s3",7.40044355638304,2,300,0.2
"s5","s3",7.37603032580337,2,300,0.2
"s5","s3",7.19343273970256,2,300,0.2
"s5","s3",6.87233102296493,2,300,0.2
"s5","s3",7.36436593801716,2,300,0.2
"s5","s3",7.25432799457474,2,300,0.2
"s5","s3",7.25039718275974,2,300,0.2
"s5","s3",6.99259036392121,2,300,0.2
"s5","s3",7.32769000560013,2,300,0.2
"s5","s3",7.3482427234033,2,300,0.2
"s5","s3",6.86190318974182,2,300,0.2
"s5","s3",7.42399540700099,2,300,0.2
"s5","s3",7.21887567224894,2,300,0.2
"s5","s3",7.30301273041977,2,300,0.2
"s5","s3",6.70208198720237,2,300,0.2
"s5","s3",6.72449234920711,2,300,0.2
"s5","s3",7.02676051514261,2,300,0.2
"s5","s3",7.84013220403709,2,300,0.2
"s5","s3",7.21794946372734,2,300,0.2
"s5","s3",7.11539718427068,2,300,0.2
"s5","s3",7.72131713221526,2,300,0.2
"s5","s3",7.61156091744905,2,300,0.2
"s5","s3",7.29156742315759,2,300,0.2
"s5","s3",6.66576514821585,2,300,0.2
"s5","s3",7.11432335017577,2,300,0.2
"s5","s3",7.13073402054977,2,300,0.2
"s5","s3",7.28464751995926,2,300,0.2
"s5","s3",7.55474043144193,2,300,0.2
"s5","s3",7.62283641312755,2,300,0.2
"s5","s3",7.36669630593137,2,300,0.2
"s5","s3",7.08827561581467,2,300,0.2
"s5","s3",7.03307857417015,2,300,0.2
"s5","s3",6.86799342256194,2,300,0.2
"s5","s3",7.39752327420658,2,300,0.2
"s5","s3",7.02512081575703,2,300,0.2
"s5","s3",6.51014727783247,2,300,0.2
"s5","s3",7.14277699645183,2,300,0.2
"s5","s3",7.51822759326689,2,300,0.2
"s5","s3",6.66999973098595,2,300,0.2
"s5","s3",6.69949041617951,2,300,0.2
"s5","s3",7.28061263313634,2,300,0.2
"s5","s3",7.59005531186824,2,300,0.2
"s5","s3",7.29148951478768,2,300,0.2
"s5","s3",6.87550116114178,2,300,0.2
"s5","s3",6.64380988856093,2,300,0.2
"s5","s3",7.16011939933152,2,300,0.2
"s5","s3",6.98638581236264,2,300,0.2
"s5","s3",6.82473434274578,2,300,0.2
"s5","s3",6.69816930436166,2,300,0.2
"s5","s3",7.38222149595521,2,300,0.2
"s5","s3",7.10707050165939,2,300,0.2
"s5","s3",7.33523998839871,2,300,0.2
"s5","s3",6.6621787125973,2,300,0.2
"s5","s3",6.34793896277097,2,300,0.2
"s5","s3",6.86982989526811,2,300,0.2
"s5","s3",6.89772318497208,2,300,0.2
"s5","s3",6.87508556460132,2,300,0.2
"s5","s3",6.87222101799486,2,300,0.2
"s5","s3",7.62982714814706,2,300,0.2
"s5","s3",7.72679723612919,2,300,0.2
"s5","s3",7.00690469942884,2,300,0.2
"s5","s3",6.64595213861698,2,300,0.2
"s5","s3",7.01520688185778,2,300,0.2
"s5","s3",7.51848397387993,2,300,0.2
"s5","s3",7.72619364211291,2,300,0.2
"s5","s3",7.27484648235293,2,300,0.2
"s5","s3",6.83818430830097,2,300,0.2
"s5","s3",7.97654036915793,2,300,0.2
"s5","s3",6.71864426201057,2,300,0.2
"s5","s3",6.93099991328125,2,300,0.2
"s5","s3",6.86494994826466,2,300,0.2
"s5","s3",6.4976728058808,2,300,0.2
"s5","s3",7.27909597405416,2,300,0.2
"s5","s3",6.63421229820469,2,300,0.2
"s5","s3",7.54773812684718,2,300,0.2
"s5","s3",6.95006292200028,2,300,0.2
"s5","s3",7.46251659604271,2,300,0.2
"s5","s3",7.24430818824092,2,300,0.2
"s5","s3",7.26324053329536,2,300,0.2
"s5","s3",6.86330138990112,2,300,0.2
"s5","s3",7.17346748516945,2,300,0.2
"s5","s3",6.70257618543292,2,300,0.2
"s5","s3",7.01957121630255,2,300,0.2
"s5","s3",7.23635064358986,2,300,0.2
"s5","s3",6.77564870703195,2,300,0.2
"s5","s3",7.10894261723967,2,300,0.2
"s5","s3",7.07692932071228,2,300,0.2
"s5","s3",7.85690325028011,2,300,0.2
"s5","s3",7.5160122427031,2,300,0.2
"s5","s3",7.30962278654818,2,300,0.2
"s5","s3",7.20738163709542,2,300,0.2
"s5","s3",6.6708113596057,2,300,0.2
"s5","s3",7.25116405332606,2,300,0.2
"s5","s3",6.79206858849216,2,300,0.2
"s5","s3",7.24012592234902,2,300,0.2
"s5","s3",6.63712073819671,2,300,0.2
"s5","s3",7.53894695338166,2,300,0.2
"s5","s3",7.03967141272551,2,300,0.2
"s5","s3",7.81393913796626,2,300,0.2
"s5","s3",7.58118814317232,2,300,0.2
"s5","s3",7.00496235253343,2,300,0.2
"s5","s3",7.73924892416626,2,300,0.2
"s5","s3",7.45246787604458,2,300,0.2
"s5","s3",6.64280285559799,2,300,0.2
"s5","s3",7.03127449940307,2,300,0.2
"s5","s3",6.84622747932221,2,300,0.2
"s5","s3",7.40571934883804,2,300,0.2
"s5","s3",6.5636929092236,2,300,0.2
"s5","s3",7.05070991678932,2,300,0.2
"s5","s3",6.72191603456884,2,300,0.2
"s5","s3",7.25623666162868,2,300,0.2
"s5","s3",7.39752327420658,2,300,0.2
"s5","s3",7.42034129474519,2,300,0.2
"s5","s3",7.33319123394067,2,300,0.2
"s5","s3",7.08268115922121,2,300,0.2
"s5","s3",7.25594261835528,2,300,0.2
"s5","s3",6.64366503101785,2,300,0.2
"s5","s3",6.672592088418,2,300,0.2
"s5","s3",7.05070991678932,2,300,0.2
"s5","s3",6.74796848047454,2,300,0.2
"s5","s3",6.7461604644736,2,300,0.2
"s5","s3",6.39136124909237,2,300,0.2
"s5","s3",6.5765178940939,2,300,0.2
"s5","s3",6.92773357656029,2,300,0.2
"s5","s3",6.53636640871935,2,300,0.2
"s5","s3",7.60896532115284,2,300,0.2
"s5","s3",7.04895508594521,2,300,0.2
"s5","s3",6.49743116096236,2,300,0.2
"s5","s3",7.07962135996063,2,300,0.2
"s5","s3",6.6979449016957,2,300,0.2
"s5","s3",7.33903880079339,2,300,0.2
"s5","s3",7.08027895198757,2,300,0.2
"s5","s3",7.50556176622413,2,300,0.2
"s5","s3",6.99328586580392,2,300,0.2
"s5","s3",7.36325866062152,2,300,0.2
"s5","s3",7.46533529652208,2,300,0.2
"s5","s3",7.33002651009964,2,300,0.2
"s5","s3",7.44309489001287,2,300,0.2
"s5","s3",7.3629940862737,2,300,0.2
"s5","s3",7.79164920124236,2,300,0.2
"s5","s3",7.1784784609214,2,300,0.2
"s5","s3",6.8579208146827,2,300,0.2
"s5","s3",6.5304870272608,2,300,0.2
"s5","s3",6.41247226160003,2,300,0.2
"s5","s3",7.69539601160358,2,300,0.2
"s5","s3",7.26637366786881,2,300,0.2
"s5","s3",6.59140085322305,2,300,0.2
"s5","s3",7.77526122367667,2,300,0.2
"s5","s3",6.74640340270824,2,300,0.2
"s5","s3",7.95488923108507,2,300,0.2
"s5","s3",6.96630127746164,2,300,0.2
"s5","s3",6.89953549811824,2,300,0.2
"s5","s3",7.40371886528151,2,300,0.2
"s5","s3",7.41556252249805,2,300,0.2
"s5","s3",7.35292846604057,2,300,0.2
"s5","s3",6.70955861442449,2,300,0.2
"s5","s3",7.60964067469357,2,300,0.2
"s5","s3",7.13985916551947,2,300,0.2
"s5","s3",7.23109518294115,2,300,0.2
"s5","s3",6.80714679388619,2,300,0.2
"s5","s3",7.00690469942884,2,300,0.2
"s5","s3",7.03354307106802,2,300,0.2
"s5","s3",6.89421902464204,2,300,0.2
"s5","s3",6.5858964320289,2,300,0.2
"s5","s3",7.00319665363685,2,300,0.2
"s5","s3",7.04082421089674,2,300,0.2
"s5","s3",7.4193432927237,2,300,0.2
"s5","s3",6.59913574446711,2,300,0.2
"s5","s3",7.16586731059269,2,300,0.2
"s5","s3",6.98737850730819,2,300,0.2
"s5","s3",6.9449913510293,2,300,0.2
"s5","s3",7.16574643949593,2,300,0.2
"s5","s3",7.02276012001022,2,300,0.2
"s5","s3",7.20543144623219,2,300,0.2
"s5","s3",6.88304811054627,2,300,0.2
"s5","s3",7.49724604899332,2,300,0.2
"s5","s3",7.16439601311379,2,300,0.2
"s5","s3",7.18384298682647,2,300,0.2
"s5","s3",7.16144094865454,2,300,0.2
"s5","s3",7.74951470983058,2,300,0.2
"s5","s3",6.85065363310515,2,300,0.2
"s5","s3",7.54439721177258,2,300,0.2
"s5","s3",6.56638705480287,2,300,0.2
"s5","s3",7.15619959959464,2,300,0.2
"s5","s3",7.35859114064213,2,300,0.2
"s5","s3",7.32051565346494,2,300,0.2
"s5","s3",6.60000714319617,2,300,0.2
"s5","s3",7.09375614229151,2,300,0.2
"s5","s3",7.47764977157455,2,300,0.2
"s5","s3",7.3366073220057,2,300,0.2
"s5","s3",7.53733245450409,2,300,0.2
"s5","s3",6.93389856673657,2,300,0.2
"s5","s3",8.04839704827999,2,300,0.2
"s5","s3",6.81137342659912,2,300,0.2
"s5","s3",6.92132975136411,2,300,0.2
"s5","s3",6.8445498275692,2,300,0.2
"s5","s3",7.35395618446977,2,300,0.2
"s5","s3",6.83616483867262,2,300,0.2
"s5","s3",7.02713728665944,2,300,0.2
"s5","s3",7.27730594447705,2,300,0.2
"s5","s3",7.21728967853326,2,300,0.2
"s5","s3",6.95413138679783,2,300,0.2
"s5","s3",6.69214812133427,2,300,0.2
"s5","s3",7.31914293612306,2,300,0.2
"s5","s3",7.69527793449117,2,300,0.2
"s5","s3",7.38823972623565,2,300,0.2
"s5","s3",6.67146649096841,2,300,0.2
"s5","s3",6.42577709093025,2,300,0.2
"s5","s3",6.21442079679396,2,300,0.2
"s5","s3",7.34232570697068,2,300,0.2
"s5","s3",7.05540768573741,2,300,0.2
"s5","s3",7.64914436585323,2,300,0.2
"s5","s3",7.24503302777019,2,300,0.2
"s5","s3",7.51712453630113,2,300,0.2
"s5","s3",7.24723206821298,2,300,0.2
"s5","s3",6.64401487108336,2,300,0.2
"s5","s3",6.55301984229802,2,300,0.2
"s5","s3",6.95838690211595,2,300,0.2
"s5","s3",7.35409139655121,2,300,0.2
"s5","s3",6.66131353710438,2,300,0.2
"s5","s3",7.36248827797859,2,300,0.2
"s5","s3",7.34055801269561,2,300,0.2
"s5","s3",7.13368092224504,2,300,0.2
"s5","s3",6.55447888832501,2,300,0.2
"s5","s3",7.76139023244178,2,300,0.2
"s5","s3",7.02713728665944,2,300,0.2
"s5","s3",7.23239037471342,2,300,0.2
"s5","s3",7.14252479743314,2,300,0.2
"s5","s3",7.20188030252126,2,300,0.2
"s5","s3",7.61374394250485,2,300,0.2
"s5","s3",7.03126211321505,2,300,0.2
"s5","s3",6.8445498275692,2,300,0.2
"s5","s3",6.92940018790853,2,300,0.2
"s5","s3",6.3982462540839,2,300,0.2
"s5","s3",7.17613146315779,2,300,0.2
"s5","s3",7.18506651226163,2,300,0.2
"s5","s3",7.12384345584584,2,300,0.2
"s5","s3",6.87179398562526,2,300,0.2
"s5","s3",7.83772476931405,2,300,0.2
"s5","s3",7.56499172294754,2,300,0.2
"s5","s3",7.3843856715014,2,300,0.2
"s5","s3",6.85295104129688,2,300,0.2
"s5","s3",7.12384345584584,2,300,0.2
"s5","s3",7.29953339738321,2,300,0.2
"s5","s3",7.78035387309831,2,300,0.2
"s5","s3",7.17952795960508,2,300,0.2
"s5","s3",6.94501712171922,2,300,0.2
"s5","s3",6.8174173882027,2,300,0.2
"s5","s3",7.32578686610383,2,300,0.2
"s5","s3",7.08620956178801,2,300,0.2
"s5","s3",6.70257618543292,2,300,0.2
"s5","s3",6.9257837982668,2,300,0.2
"s5","s3",7.01154699338389,2,300,0.2
"s5","s3",7.27484648235293,2,300,0.2
"s5","s3",6.88943419424769,2,300,0.2
"s5","s3",7.14838556258204,2,300,0.2
"s5","s3",7.35943129798612,2,300,0.2
"s5","s3",6.60696718618783,2,300,0.2
"s5","s3",7.45429333595575,2,300,0.2
"s5","s3",7.04454687851685,2,300,0.2
"s5","s3",7.17781353148149,2,300,0.2
"s5","s3",7.25594261835528,2,300,0.2
"s5","s3",6.64410494467791,2,300,0.2
"s5","s3",6.83943603154908,2,300,0.2
"s5","s3",7.60176159976491,2,300,0.2
"s5","s3",6.95443979703177,2,300,0.2
"s5","s3",7.25594261835528,2,300,0.2
"s5","s3",7.21067558435905,2,300,0.2
"s5","s3",7.20107297275898,2,300,0.2
"s5","s3",6.94403542853294,2,300,0.2
"s5","s3",7.15457830328498,2,300,0.2
"s5","s3",7.16834339017586,2,300,0.2
"s5","s3",7.41486653045866,2,300,0.2
"s5","s3",6.93528441230348,2,300,0.2
"s5","s3",6.93100946575646,2,300,0.2
"s5","s3",6.89040541162706,2,300,0.2
"s5","s3",6.94194964602582,2,300,0.2
"s5","s3",7.44468145541539,2,300,0.2
"s5","s3",7.16196883307106,2,300,0.2
"s5","s3",6.99303134754435,2,300,0.2
"s5","s3",7.13073402054977,2,300,0.2
"s5","s3",7.7951595569742,2,300,0.2
"s5","s3",6.58866844046869,2,300,0.2
"s5","s3",7.21802881877775,2,300,0.2
"s5","s3",6.35918690044255,2,300,0.2
"s5","s3",7.25424694662945,2,300,0.2
"s5","s3",7.24454110991775,2,300,0.2
"s5","s3",6.50050484364449,2,300,0.2
"s5","s3",7.03159832413059,2,300,0.2
"s5","s3",7.23109518294115,2,300,0.2
"s5","s3",6.63367250584508,2,300,0.2
"s5","s3",7.44003818099388,2,300,0.2
"s5","s3",6.53636640871935,2,300,0.2
"s5","s3",6.85519620115606,2,300,0.2
"s5","s3",6.98411182533442,2,300,0.2
"s5","s3",6.89095804930002,2,300,0.2
"s5","s3",6.94905944452042,2,300,0.2
"s5","s3",7.50260351441275,2,300,0.2
"s5","s3",6.83595307125308,2,300,0.2
"s5","s3",7.17941872233403,2,300,0.2
"s5","s3",7.53629074439662,2,300,0.2
"s5","s3",7.00572543543942,2,300,0.2
"s5","s3",7.66628661049069,2,300,0.2
"s5","s3",7.43287080175662,2,300,0.2
"s5","s3",8.10534612811494,2,300,0.2
"s5","s3",6.64724070020034,2,300,0.2
"s5","s3",7.24243174141394,2,300,0.2
"s5","s3",7.56664591500761,2,300,0.2
"s5","s4",7.48394385607168,2,300,0.2
"s5","s4",7.01610769692014,2,300,0.2
"s5","s4",6.46935400580195,2,300,0.2
"s5","s4",7.04626030255229,2,300,0.2
"s5","s4",7.10014354943094,2,300,0.2
"s5","s4",6.96196819211237,2,300,0.2
"s5","s4",6.25438473307156,2,300,0.2
"s5","s4",7.38376831153578,2,300,0.2
"s5","s4",6.91097186742486,2,300,0.2
"s5","s4",6.9371425611769,2,300,0.2
"s5","s4",6.77833687920484,2,300,0.2
"s5","s4",6.87176844530341,2,300,0.2
"s5","s4",7.16399147850605,2,300,0.2
"s5","s4",7.17795340202025,2,300,0.2
"s5","s4",7.05083271660247,2,300,0.2
"s5","s4",7.69148398931775,2,300,0.2
"s5","s4",7.21592874048134,2,300,0.2
"s5","s4",6.86809805488802,2,300,0.2
"s5","s4",6.63028726697039,2,300,0.2
"s5","s4",7.23131629747152,2,300,0.2
"s5","s4",7.10783249302659,2,300,0.2
"s5","s4",7.27543377419835,2,300,0.2
"s5","s4",7.36051339715858,2,300,0.2
"s5","s4",7.13864026154186,2,300,0.2
"s5","s4",7.35445910050911,2,300,0.2
"s5","s4",6.81421386840417,2,300,0.2
"s5","s4",7.27318846707533,2,300,0.2
"s5","s4",6.87568058964047,2,300,0.2
"s5","s4",7.38704444306813,2,300,0.2
"s5","s4",6.74669440971679,2,300,0.2
"s5","s4",7.2882700979599,2,300,0.2
"s5","s4",6.91135901836446,2,300,0.2
"s5","s4",7.06613271402708,2,300,0.2
"s5","s4",7.3047495939938,2,300,0.2
"s5","s4",6.72009083850978,2,300,0.2
"s5","s4",6.65966401630524,2,300,0.2
"s5","s4",6.68267293005864,2,300,0.2
"s5","s4",6.49127644954504,2,300,0.2
"s5","s4",7.35398607261399,2,300,0.2
"s5","s4",7.08728468969421,2,300,0.2
"s5","s4",6.09063044612282,2,300,0.2
"s5","s4",7.31519907730504,2,300,0.2
"s5","s4",7.7105870371696,2,300,0.2
"s5","s4",6.74140304751191,2,300,0.2
"s5","s4",6.66746641343687,2,300,0.2
"s5","s4",7.20514068793329,2,300,0.2
"s5","s4",7.61790459125436,2,300,0.2
"s5","s4",7.34072898758463,2,300,0.2
"s5","s4",6.94159721299161,2,300,0.2
"s5","s4",7.34375939192314,2,300,0.2
"s5","s4",6.92394224336215,2,300,0.2
"s5","s4",7.38221770700603,2,300,0.2
"s5","s4",6.98738469018944,2,300,0.2
"s5","s4",6.20976111354436,2,300,0.2
"s5","s4",7.34747083649097,2,300,0.2
"s5","s4",7.02568606266933,2,300,0.2
"s5","s4",6.67732389169484,2,300,0.2
"s5","s4",7.05390405868179,2,300,0.2
"s5","s4",7.05927402001208,2,300,0.2
"s5","s4",7.15612127186725,2,300,0.2
"s5","s4",6.67163589602877,2,300,0.2
"s5","s4",7.15587155411295,2,300,0.2
"s5","s4",7.2962265600535,2,300,0.2
"s5","s4",6.88661749534782,2,300,0.2
"s5","s4",6.77472623761247,2,300,0.2
"s5","s4",6.92763641702482,2,300,0.2
"s5","s4",7.03944990718836,2,300,0.2
"s5","s4",7.18726071992079,2,300,0.2
"s5","s4",7.1080121150777,2,300,0.2
"s5","s4",6.78172405436669,2,300,0.2
"s5","s4",6.50487691689545,2,300,0.2
"s5","s4",6.39917992934156,2,300,0.2
"s5","s4",6.44513543223812,2,300,0.2
"s5","s4",6.99725714992812,2,300,0.2
"s5","s4",7.38129378798445,2,300,0.2
"s5","s4",7.62822665260986,2,300,0.2
"s5","s4",7.55145012345886,2,300,0.2
"s5","s4",7.04238182817671,2,300,0.2
"s5","s4",7.31218544382864,2,300,0.2
"s5","s4",6.6009791042615,2,300,0.2
"s5","s4",7.18691376205858,2,300,0.2
"s5","s4",7.19971269074867,2,300,0.2
"s5","s4",7.39515766827919,2,300,0.2
"s5","s4",7.61599053750473,2,300,0.2
"s5","s4",7.40221251151315,2,300,0.2
"s5","s4",6.47162465817627,2,300,0.2
"s5","s4",7.01181364042968,2,300,0.2
"s5","s4",6.78861467900364,2,300,0.2
"s5","s4",7.10552997274945,2,300,0.2
"s5","s4",6.66223610761161,2,300,0.2
"s5","s4",6.87577408576527,2,300,0.2
"s5","s4",7.24484253897315,2,300,0.2
"s5","s4",7.44318385228161,2,300,0.2
"s5","s4",6.74934714234811,2,300,0.2
"s5","s4",6.66966577159957,2,300,0.2
"s5","s4",7.30551016554598,2,300,0.2
"s5","s4",7.57300938638107,2,300,0.2
"s5","s4",6.93321823464743,2,300,0.2
"s5","s4",6.90490673707389,2,300,0.2
"s5","s4",6.82893364572627,2,300,0.2
"s5","s4",6.92286879499024,2,300,0.2
"s5","s4",7.02409130679521,2,300,0.2
"s5","s4",6.97468495422342,2,300,0.2
"s5","s4",7.5016052615503,2,300,0.2
"s5","s4",6.79178716708572,2,300,0.2
"s5","s4",7.00573799849233,2,300,0.2
"s5","s4",6.58403162452007,2,300,0.2
"s5","s4",7.46213196309812,2,300,0.2
"s5","s4",6.83166020387365,2,300,0.2
"s5","s4",7.21954912789536,2,300,0.2
"s5","s4",7.17920006361851,2,300,0.2
"s5","s4",6.79978442588572,2,300,0.2
"s5","s4",7.60834654174926,2,300,0.2
"s5","s4",7.09243707769715,2,300,0.2
"s5","s4",6.82181123246388,2,300,0.2
"s5","s4",7.03136019762568,2,300,0.2
"s5","s4",7.21078844961509,2,300,0.2
"s5","s4",6.8250810511785,2,300,0.2
"s5","s4",7.830755316698,2,300,0.2
"s5","s4",6.8878102503908,2,300,0.2
"s5","s4",6.86931673063661,2,300,0.2
"s5","s4",6.77322973396397,2,300,0.2
"s5","s4",6.98390380384214,2,300,0.2
"s5","s4",7.91865461337801,2,300,0.2
"s5","s4",6.52930564889938,2,300,0.2
"s5","s4",7.25294942217901,2,300,0.2
"s5","s4",7.09281439344977,2,300,0.2
"s5","s4",7.27100257276442,2,300,0.2
"s5","s4",6.94690511558333,2,300,0.2
"s5","s4",7.2623536502997,2,300,0.2
"s5","s4",6.9594951930992,2,300,0.2
"s5","s4",6.74097522515489,2,300,0.2
"s5","s4",7.51808348704755,2,300,0.2
"s5","s4",6.66356521487106,2,300,0.2
"s5","s4",7.22826678140572,2,300,0.2
"s5","s4",6.80859903102277,2,300,0.2
"s5","s4",7.25896668051203,2,300,0.2
"s5","s4",6.87678669391438,2,300,0.2
"s5","s4",6.97948344194761,2,300,0.2
"s5","s4",6.72543127207454,2,300,0.2
"s5","s4",6.52334631878566,2,300,0.2
"s5","s4",7.24877051719369,2,300,0.2
"s5","s4",7.06660145362309,2,300,0.2
"s5","s4",7.06227965885509,2,300,0.2
"s5","s4",6.96233826005709,2,300,0.2
"s5","s4",7.02298594944136,2,300,0.2
"s5","s4",7.17909505239629,2,300,0.2
"s5","s4",7.33707666134709,2,300,0.2
"s5","s4",6.78998185194964,2,300,0.2
"s5","s4",6.9633940611721,2,300,0.2
"s5","s4",6.85358009683146,2,300,0.2
"s5","s4",6.85082565803385,2,300,0.2
"s5","s4",6.87813262455026,2,300,0.2
"s5","s4",7.12975364821056,2,300,0.2
"s5","s4",6.76235886289292,2,300,0.2
"s5","s4",6.8533800745852,2,300,0.2
"s5","s4",7.22185046872733,2,300,0.2
"s5","s4",7.24325197878477,2,300,0.2
"s5","s4",6.59034387162376,2,300,0.2
"s5","s4",6.49514269229763,2,300,0.2
"s5","s4",7.0451292342168,2,300,0.2
"s5","s4",7.217893376269,2,300,0.2
"s5","s4",7.0170975434303,2,300,0.2
"s5","s4",7.67457965182456,2,300,0.2
"s5","s4",7.12217190014007,2,300,0.2
"s5","s4",6.79248952299969,2,300,0.2
"s5","s4",7.18206347696037,2,300,0.2
"s5","s4",6.96532797292733,2,300,0.2
"s5","s4",7.36492679455881,2,300,0.2
"s5","s4",7.12689807988506,2,300,0.2
"s5","s4",7.44172967072301,2,300,0.2
"s5","s4",7.37028354354615,2,300,0.2
"s5","s4",7.10382317858748,2,300,0.2
"s5","s4",6.54135203832153,2,300,0.2
"s5","s4",6.6354045003483,2,300,0.2
"s5","s4",7.56665773043537,2,300,0.2
"s5","s4",6.8450992504298,2,300,0.2
"s5","s4",7.18447535325947,2,300,0.2
"s5","s4",6.72867145566548,2,300,0.2
"s5","s4",6.30102479999795,2,300,0.2
"s5","s4",6.78536832827444,2,300,0.2
"s5","s4",7.57700974685804,2,300,0.2
"s5","s4",6.95989963436573,2,300,0.2
"s5","s4",7.11888102233839,2,300,0.2
"s5","s4",6.83987092906229,2,300,0.2
"s5","s4",6.58005968693132,2,300,0.2
"s5","s4",7.35780679033994,2,300,0.2
"s5","s4",7.21357379284758,2,300,0.2
"s5","s4",7.11547073258184,2,300,0.2
"s5","s4",7.41562921519271,2,300,0.2
"s5","s4",6.82535770944749,2,300,0.2
"s5","s4",6.81930035021896,2,300,0.2
"s5","s4",6.89324875487931,2,300,0.2
"s5","s4",6.73704862171817,2,300,0.2
"s5","s4",6.86028289171417,2,300,0.2
"s5","s4",6.51400608697464,2,300,0.2
"s5","s4",6.8671382819329,2,300,0.2
"s5","s4",7.59291804267268,2,300,0.2
"s5","s4",7.12892218457262,2,300,0.2
"s5","s4",7.14175639854868,2,300,0.2
"s5","s4",7.29112965707942,2,300,0.2
"s5","s4",6.98212938584049,2,300,0.2
"s5","s4",6.73301500084122,2,300,0.2
"s5","s4",7.23000436673916,2,300,0.2
"s5","s4",7.26042100763755,2,300,0.2
"s5","s4",7.12734233157795,2,300,0.2
"s5","s4",6.55352426969985,2,300,0.2
"s5","s4",7.29149130058178,2,300,0.2
"s5","s4",6.31724299869848,2,300,0.2
"s5","s4",7.12492272443791,2,300,0.2
"s5","s4",7.08358739033076,2,300,0.2
"s5","s4",7.16163843755494,2,300,0.2
"s5","s4",6.91491928115107,2,300,0.2
"s5","s4",6.8463649954189,2,300,0.2
"s5","s4",6.73164326785468,2,300,0.2
"s5","s4",7.15926063713636,2,300,0.2
"s5","s4",7.30115818228126,2,300,0.2
"s5","s4",7.73894707893375,2,300,0.2
"s5","s4",7.44851663733509,2,300,0.2
"s5","s4",7.59176667229521,2,300,0.2
"s5","s4",6.87507977209962,2,300,0.2
"s5","s4",7.0458351369342,2,300,0.2
"s5","s4",6.98126370122417,2,300,0.2
"s5","s4",7.14109516730226,2,300,0.2
"s5","s4",7.31743947299438,2,300,0.2
"s5","s4",7.17518220067106,2,300,0.2
"s5","s4",7.1147568807005,2,300,0.2
"s5","s4",6.84726086509947,2,300,0.2
"s5","s4",7.090968004853,2,300,0.2
"s5","s4",6.78536832827444,2,300,0.2
"s5","s4",7.02462815082332,2,300,0.2
"s5","s4",7.63960372094424,2,300,0.2
"s5","s4",7.02331992763527,2,300,0.2
"s5","s4",6.67577196611312,2,300,0.2
"s5","s4",7.30250707413811,2,300,0.2
"s5","s4",6.97406064413751,2,300,0.2
"s5","s4",7.25559941020856,2,300,0.2
"s5","s4",6.66294298894718,2,300,0.2
"s5","s4",6.70113919987784,2,300,0.2
"s5","s4",6.96065737047936,2,300,0.2
"s5","s4",7.39192586500116,2,300,0.2
"s5","s4",7.00966881454393,2,300,0.2
"s5","s4",6.94869291710101,2,300,0.2
"s5","s4",7.33364163322458,2,300,0.2
"s5","s4",6.98280061469119,2,300,0.2
"s5","s4",6.78435163551592,2,300,0.2
"s5","s4",7.23103001830816,2,300,0.2
"s5","s4",6.88253045983254,2,300,0.2
"s5","s4",7.10996370080346,2,300,0.2
"s5","s4",6.71054325655521,2,300,0.2
"s5","s4",7.55068473470182,2,300,0.2
"s5","s4",6.69608137219628,2,300,0.2
"s5","s4",7.27943981395682,2,300,0.2
"s5","s4",6.59529457628044,2,300,0.2
"s5","s4",7.59281699784131,2,300,0.2
"s5","s4",6.38925518946741,2,300,0.2
"s5","s4",7.0705296645135,2,300,0.2
"s5","s4",6.96347835114085,2,300,0.2
"s5","s4",7.41377865451498,2,300,0.2
"s5","s4",6.89560504870023,2,300,0.2
"s5","s4",6.87658249080755,2,300,0.2
"s5","s4",7.1438691831577,2,300,0.2
"s5","s4",6.53886083002199,2,300,0.2
"s5","s4",7.83415533756877,2,300,0.2
"s5","s4",6.94597350254835,2,300,0.2
"s5","s4",6.89388765996293,2,300,0.2
"s5","s4",7.17647667067712,2,300,0.2
"s5","s4",6.79406110898261,2,300,0.2
"s5","s4",7.03191180040846,2,300,0.2
"s5","s4",7.03514580208783,2,300,0.2
"s5","s4",6.75734154320784,2,300,0.2
"s5","s4",7.4911838791482,2,300,0.2
"s5","s4",7.21821223787168,2,300,0.2
"s5","s4",6.92739130846547,2,300,0.2
"s5","s4",6.64493591250293,2,300,0.2
"s5","s4",7.60691627213539,2,300,0.2
"s5","s4",7.36249814211698,2,300,0.2
"s5","s4",6.90490673707389,2,300,0.2
"s5","s4",6.61330933849996,2,300,0.2
"s5","s4",6.64720486289568,2,300,0.2
"s5","s4",6.97092500284279,2,300,0.2
"s5","s4",7.28289738006504,2,300,0.2
"s5","s4",6.61268551472901,2,300,0.2
"s5","s4",7.30874843555498,2,300,0.2
"s5","s4",6.96386982686121,2,300,0.2
"s5","s4",7.14011395253278,2,300,0.2
"s5","s4",6.58245057495721,2,300,0.2
"s5","s4",6.80108920062494,2,300,0.2
"s5","s4",6.95385014965977,2,300,0.2
"s5","s4",6.82573235821247,2,300,0.2
"s5","s4",6.65216720688957,2,300,0.2
"s5","s4",7.2521952849165,2,300,0.2
"s5","s4",6.79443694235992,2,300,0.2
"s5","s4",7.06001607534526,2,300,0.2
"s5","s4",6.87713394997832,2,300,0.2
"s5","s4",6.6995529905886,2,300,0.2
"s5","s4",7.41915198439727,2,300,0.2
"s5","s4",7.02146966632513,2,300,0.2
"s5","s4",7.50040550402542,2,300,0.2
"s5","s4",7.04919386478475,2,300,0.2
"s5","s4",6.99480677969164,2,300,0.2
"s5","s4",7.34471774304677,2,300,0.2
"s5","s4",7.10582256730285,2,300,0.2
"s5","s4",6.41141596291469,2,300,0.2
"s5","s4",7.34303435843475,2,300,0.2
"s5","s4",6.65259596030513,2,300,0.2
"s5","s4",7.10439162022055,2,300,0.2
"s5","s4",7.00670757356091,2,300,0.2
"s5","s4",7.43992041193724,2,300,0.2
"s5","s4",6.69713519235067,2,300,0.2
"s5","s4",7.42791187659265,2,300,0.2
"s5","s4",6.6193404395724,2,300,0.2
"s5","s4",6.65966401630524,2,300,0.2
"s5","s4",7.11230280986923,2,300,0.2
"s5","s4",6.90095850623035,2,300,0.2
"s5","s4",7.05782543553949,2,300,0.2
"s5","s4",7.42452903930496,2,300,0.2
"s5","s4",6.53274890165008,2,300,0.2
"s5","s4",7.67196639119715,2,300,0.2
"s5","s4",6.97986441215363,2,300,0.2
"s5","s4",6.96002562998115,2,300,0.2
"s5","s4",7.55122622050865,2,300,0.2
"s5","s4",7.03889153593625,2,300,0.2
"s5","s4",6.72827372106758,2,300,0.2
"s5","s4",7.21206610259819,2,300,0.2
"s5","s4",6.70786057150494,2,300,0.2
"s5","s4",6.60586383975532,2,300,0.2
"s5","s4",6.67116384924391,2,300,0.2
"s5","s4",7.27012767636655,2,300,0.2
"s5","s4",6.72359087311114,2,300,0.2
"s5","s4",6.88774612632732,2,300,0.2
"s5","s4",7.1898562145235,2,300,0.2
"s5","s4",6.65963467591774,2,300,0.2
"s5","s4",6.6593549637908,2,300,0.2
"s5","s4",6.83581014016225,2,300,0.2
"s5","s4",7.13965494388597,2,300,0.2
"s5","s4",7.21767807332709,2,300,0.2
"s5","s4",6.94783672861831,2,300,0.2
"s5","s4",7.03201967790452,2,300,0.2
"s5","s4",7.1945299079376,2,300,0.2
"s5","s4",7.66311658383341,2,300,0.2
"s5","s4",6.96347835114085,2,300,0.2
"s5","s4",6.59938764370688,2,300,0.2
"s5","s4",7.06238143083974,2,300,0.2
"s5","s4",7.09448022539789,2,300,0.2
"s5","s4",7.17179490226461,2,300,0.2
"s5","s4",7.05032315025902,2,300,0.2
"s5","s4",7.13764282436613,2,300,0.2
"s5","s4",6.82285655200548,2,300,0.2
"s5","s4",7.54210750073244,2,300,0.2
"s5","s4",7.12285052947111,2,300,0.2
"s5","s4",6.79257145910171,2,300,0.2
"s5","s4",6.75436953897181,2,300,0.2
"s5","s4",7.53811664216573,2,300,0.2
"s5","s4",6.62624134416453,2,300,0.2
"s5","s4",7.28464767607289,2,300,0.2
"s5","s4",6.72060284390882,2,300,0.2
"s5","s4",6.91912179623981,2,300,0.2
"s5","s4",6.93023918416719,2,300,0.2
"s5","s4",6.9833546717254,2,300,0.2
"s5","s4",7.18852363876425,2,300,0.2
"s5","s4",6.97101015508174,2,300,0.2
"s5","s4",6.74356887120845,2,300,0.2
"s5","s4",6.80752108773066,2,300,0.2
"s5","s4",7.48516418875687,2,300,0.2
"s5","s4",6.3217036867407,2,300,0.2
"s5","s4",7.09177063720321,2,300,0.2
"s5","s4",6.80872166959699,2,300,0.2
"s5","s4",7.38036941606953,2,300,0.2
"s5","s4",6.83861481296721,2,300,0.2
"s5","s4",6.77562731199963,2,300,0.2
"s5","s4",6.86927456186218,2,300,0.2
"s5","s4",7.26020618402751,2,300,0.2
"s5","s4",7.21637490766628,2,300,0.2
"s5","s4",6.75540226881814,2,300,0.2
"s5","s4",6.59971340511953,2,300,0.2
"s5","s4",6.96822257290748,2,300,0.2
"s5","s4",7.39374957584292,2,300,0.2
"s5","s4",7.78163921611164,2,300,0.2
"s5","s4",6.74365582193548,2,300,0.2
"s5","s4",6.87648983325935,2,300,0.2
"s5","s4",7.10298364255493,2,300,0.2
"s5","s4",7.08496106447623,2,300,0.2
"s5","s4",6.68075839914109,2,300,0.2
"s5","s4",6.51689488238466,2,300,0.2
"s5","s4",7.55255216937338,2,300,0.2
"s5","s4",7.75007465599782,2,300,0.2
"s5","s4",7.08744207677051,2,300,0.2
"s5","s4",7.00509300055597,2,300,0.2
"s5","s4",7.19436598386122,2,300,0.2
"s5","s4",6.4707673033618,2,300,0.2
"s5","s4",7.41943179530956,2,300,0.2
"s5","s4",6.9750720468997,2,300,0.2
"s5","s4",6.94944990503729,2,300,0.2
"s5","s4",6.50495530918863,2,300,0.2
"s5","s4",7.21349788942936,2,300,0.2
"s5","s4",6.81023483846565,2,300,0.2
"s5","s4",6.68010988648422,2,300,0.2
"s5","s4",7.34798257557241,2,300,0.2
"s5","s4",7.33342206089731,2,300,0.2
"s5","s4",6.76188704400503,2,300,0.2
"s5","s4",7.00920543310926,2,300,0.2
"s5","s4",7.12430972277815,2,300,0.2
"s5","s4",6.81216466682008,2,300,0.2
"s5","s4",7.08839791583323,2,300,0.2
"s5","s4",6.51970971238745,2,300,0.2
"s5","s4",7.66069335844003,2,300,0.2
"s5","s4",7.23472261295697,2,300,0.2
"s5","s4",6.81544564146086,2,300,0.2
"s5","s4",7.05703570472593,2,300,0.2
"s5","s4",6.48377548041691,2,300,0.2
"s5","s4",6.92050498221514,2,300,0.2
"s5","s4",7.64043971124013,2,300,0.2
"s5","s4",7.43200844786278,2,300,0.2
"s5","s4",7.08136052152776,2,300,0.2
"s5","s4",7.00944904324342,2,300,0.2
"s5","s4",6.84670369651161,2,300,0.2
"s5","s4",6.42799188514148,2,300,0.2
"s5","s4",7.1548452677882,2,300,0.2
"s5","s4",7.09667622992913,2,300,0.2
"s5","s4",7.55091410929489,2,300,0.2
"s5","s4",7.01965817141512,2,300,0.2
"s5","s4",7.10000509907367,2,300,0.2
"s5","s4",7.06389279065831,2,300,0.2
"s5","s4",6.64329090007897,2,300,0.2
"s5","s4",7.20212686935379,2,300,0.2
"s5","s4",6.66253830716669,2,300,0.2
"s5","s4",7.42695035646931,2,300,0.2
"s5","s4",7.24877051719369,2,300,0.2
"s5","s4",6.75115935355225,2,300,0.2
"s5","s4",6.85071077988158,2,300,0.2
"s5","s4",6.67161725126444,2,300,0.2
"s5","s4",7.24958892760964,2,300,0.2
"s5","s4",6.8346846939769,2,300,0.2
"s5","s4",7.04871594101369,2,300,0.2
"s5","s4",7.88725612507009,2,300,0.2
"s5","s4",6.83116311464204,2,300,0.2
"s5","s4",6.89536885332524,2,300,0.2
"s5","s4",7.24562963348157,2,300,0.2
"s5","s4",7.14531310951947,2,300,0.2
"s5","s4",7.18590090090294,2,300,0.2
"s5","s4",6.44498512774831,2,300,0.2
"s5","s4",6.99135734818319,2,300,0.2
"s5","s4",7.32961264663834,2,300,0.2
"s5","s4",6.89751957082393,2,300,0.2
"s5","s4",7.2332179273152,2,300,0.2
"s5","s4",7.05934937438277,2,300,0.2
"s5","s4",6.91848588887322,2,300,0.2
"s5","s4",6.93900017570886,2,300,0.2
"s5","s4",6.86076835542426,2,300,0.2
"s5","s4",6.97584904537092,2,300,0.2
"s5","s4",7.37212855049862,2,300,0.2
"s5","s4",6.9503873986923,2,300,0.2
"s5","s4",6.80117323341583,2,300,0.2
"s5","s4",7.04741585668154,2,300,0.2
"s5","s4",7.25368503669256,2,300,0.2
"s5","s4",6.75443653906024,2,300,0.2
"s5","s4",7.08128294213046,2,300,0.2
"s5","s4",7.31858724163393,2,300,0.2
"s5","s4",7.10947591108732,2,300,0.2
"s5","s4",6.80245146251941,2,300,0.2
"s5","s4",6.93855978021753,2,300,0.2
"s5","s4",6.24585356541169,2,300,0.2
"s5","s4",7.09175656908542,2,300,0.2
"s5","s4",7.10357516843458,2,300,0.2
"s5","s4",6.70113919987784,2,300,0.2
"s5","s4",7.27531560281545,2,300,0.2
"s5","s4",6.65329592771423,2,300,0.2
"s5","s4",6.90095850623035,2,300,0.2
"s5","s4",6.72134667120542,2,300,0.2
"s5","s4",7.14754613537937,2,300,0.2
"s5","s4",7.14720781459792,2,300,0.2
"s5","s4",7.06844255232498,2,300,0.2
"s5","s4",7.51623937930802,2,300,0.2
"s5","s4",7.19971269074867,2,300,0.2
"s5","s4",7.09074280465936,2,300,0.2
"s5","s4",7.28925577322983,2,300,0.2
"s5","s4",6.70062480760057,2,300,0.2
"s5","s4",7.10116518017631,2,300,0.2
"s5","s4",6.8663665872812,2,300,0.2
"s5","s4",6.52157048181292,2,300,0.2
"s5","s4",6.72050290048652,2,300,0.2
"s5","s4",6.47901249250273,2,300,0.2
"s5","s4",6.42837654654909,2,300,0.2
"s5","s4",7.34303435843475,2,300,0.2
"s5","s4",7.19869887551997,2,300,0.2
"s5","s4",7.36042850087481,2,300,0.2
"s5","s4",6.59933824090473,2,300,0.2
"s5","s4",6.85875417817645,2,300,0.2
"s5","s4",6.60700136538857,2,300,0.2
"s5","s4",6.87015452693799,2,300,0.2
"s5","s4",7.22840133172699,2,300,0.2
"s5","s4",6.93105351611487,2,300,0.2
"s5","s4",7.14026252488841,2,300,0.2
"s5","s4",7.17975568403196,2,300,0.2
"s5","s4",7.67103359487211,2,300,0.2
"s5","s4",6.53778405098571,2,300,0.2
"s5","s4",7.12492272443791,2,300,0.2
"s5","s4",7.297400499068,2,300,0.2
"s5","s4",7.24648948716148,2,300,0.2
"s5","s4",7.10298364255493,2,300,0.2
"s5","s4",6.90538945887408,2,300,0.2
"s5","s4",6.93156966576464,2,300,0.2
"s5","s4",7.13965494388597,2,300,0.2
"s5","s4",6.93975303111814,2,300,0.2
"s5","s4",6.94287743017881,2,300,0.2
"s5","s4",7.03904241270505,2,300,0.2
"s5","s4",7.1005220776637,2,300,0.2
"s5","s4",7.13965494388597,2,300,0.2
"s5","s4",7.23327831284752,2,300,0.2
"s5","s4",6.52773002202234,2,300,0.2
"s5","s4",7.13176704603878,2,300,0.2
"s5","s4",6.68564230164129,2,300,0.2
"s5","s4",6.94990735907197,2,300,0.2
"s5","s4",7.17056231172587,2,300,0.2
"s5","s4",6.60581385279642,2,300,0.2
"s5","s4",6.82282874564636,2,300,0.2
"s5","s4",7.01180536845831,2,300,0.2
"s5","s4",7.19768699253885,2,300,0.2
"s5","s4",6.77751237677299,2,300,0.2
"s5","s4",6.71267526570975,2,300,0.2
"s5","s4",7.27318846707533,2,300,0.2
"s5","s4",6.83598175495229,2,300,0.2
"s5","s4",7.19678348643723,2,300,0.2
"s5","s4",8.1914302899619,2,300,0.2
"s5","s4",6.98220425266007,2,300,0.2
"s5","s4",6.5550936937913,2,300,0.2
"s5","s4",6.84829938505095,2,300,0.2
"s5","s4",6.90985605839043,2,300,0.2
"s5","s4",7.09659324246545,2,300,0.2
"s5","s4",6.63901694198068,2,300,0.2
"s5","s4",7.17441162896634,2,300,0.2
"s5","s4",7.09313165442667,2,300,0.2
"s5","s4",7.11957709743777,2,300,0.2
"s5","s4",6.88395841667085,2,300,0.2
"s5","s4",6.81179326660196,2,300,0.2
"s5","s4",6.59663727885341,2,300,0.2
"s5","s4",6.80699530761749,2,300,0.2
"s5","s4",6.82570426977168,2,300,0.2
"s5","s4",7.23820365995547,2,300,0.2
"s5","s4",6.75783058063092,2,300,0.2
"s5","s4",6.92763641702482,2,300,0.2
"s5","s4",7.03574182043565,2,300,0.2
"s5","s4",7.39002038945776,2,300,0.2
"s5","s4",7.14365523154422,2,300,0.2
"s5","s4",7.03223429378012,2,300,0.2
"s5","s4",7.13818108478362,2,300,0.2
"s5","s4",7.1712142453793,2,300,0.2
"s5","s4",6.29148724523053,2,300,0.2
"s5","s4",6.62261440732513,2,300,0.2
"s5","s4",7.03846706986173,2,300,0.2
"s5","s4",7.5622148487365,2,300,0.2
"s5","s4",7.21917974697798,2,300,0.2
"s5","s4",6.98738469018944,2,300,0.2
"s5","s4",7.12329388437792,2,300,0.2
"s5","s4",7.23966472045632,2,300,0.2
"s5","s4",6.23960684151312,2,300,0.2
"s5","s4",7.13664066186501,2,300,0.2
"s5","s4",6.58232992154993,2,300,0.2
"s5","s4",7.12029557150413,2,300,0.2
"s5","s4",6.90095850623035,2,300,0.2
"s5","s4",7.03164221026026,2,300,0.2
"s5","s4",6.86445549871112,2,300,0.2
"s5","s4",6.93939076675906,2,300,0.2
"s5","s4",6.74545546471133,2,300,0.2
"s5","s4",7.38875852421429,2,300,0.2
"s5","s4",6.87674687183895,2,300,0.2
"s5","s4",6.67435684524467,2,300,0.2
"s5","s4",7.57077376210991,2,300,0.2
"s5","s4",6.77322973396397,2,300,0.2
"s5","s4",6.51646388867709,2,300,0.2
"s5","s4",7.23977333813431,2,300,0.2
"s5","s4",6.83926479325912,2,300,0.2
"s5","s4",7.61221801090576,2,300,0.2
"s5","s4",7.10227364805159,2,300,0.2
"s5","s4",7.01586836998726,2,300,0.2
"s5","s4",7.15121935426555,2,300,0.2
"s5","s4",7.13579357353341,2,300,0.2
"s5","s4",7.50449956363376,2,300,0.2
"s5","s4",7.27807014078624,2,300,0.2
"s5","s4",7.15178743278188,2,300,0.2
"s5","s4",6.90140269534413,2,300,0.2
"s5","s4",6.71782823987077,2,300,0.2
"s5","s4",7.47032810776656,2,300,0.2
"s5","s4",7.50796446452936,2,300,0.2
"s5","s4",6.87577408576527,2,300,0.2
"s5","s4",7.31122065486705,2,300,0.2
"s5","s4",7.10999251007257,2,300,0.2
"s5","s4",6.95989963436573,2,300,0.2
"s5","s4",6.3149337064122,2,300,0.2
"s5","s4",6.89537119834321,2,300,0.2
"s5","s4",7.03535466805871,2,300,0.2
"s5","s4",7.13818108478362,2,300,0.2
"s5","s4",7.36892481289279,2,300,0.2
"s5","s4",7.15070580915976,2,300,0.2
"s5","s4",7.10961070377459,2,300,0.2
"s5","s4",6.90373671834773,2,300,0.2
"s5","s4",6.8311834141613,2,300,0.2
"s5","s4",6.89411826482667,2,300,0.2
"s5","s4",6.80176757997886,2,300,0.2
"s5","s4",7.70270250346188,2,300,0.2
"s5","s4",7.4182230251548,2,300,0.2
"s5","s4",7.15066422125636,2,300,0.2
"s5","s4",6.38848430743181,2,300,0.2
"s5","s4",6.7423681370488,2,300,0.2
"s5","s4",7.79149832080783,2,300,0.2
"s5","s4",7.08423743860676,2,300,0.2
"s5","s4",6.98723806260992,2,300,0.2
"s5","s4",6.77851299195225,2,300,0.2
"s5","s4",6.6193404395724,2,300,0.2
"s5","s4",6.50553660334361,2,300,0.2
"s5","s4",6.87823514678146,2,300,0.2
"s5","s4",7.10344755338035,2,300,0.2
"s5","s4",7.6632260784213,2,300,0.2
"s5","s4",7.07635407963636,2,300,0.2
"s5","s4",7.13818108478362,2,300,0.2
"s5","s4",6.82565617210827,2,300,0.2
"s5","s4",6.96889731335484,2,300,0.2
"s5","s4",7.24560040922141,2,300,0.2
"s5","s4",7.19013515532593,2,300,0.2
"s5","s4",6.11302132686555,2,300,0.2
"s5","s4",6.87492983483364,2,300,0.2
"s5","s4",7.00318070739739,2,300,0.2
"s5","s4",7.30181326153106,2,300,0.2
"s5","s4",6.79576074429899,2,300,0.2
"s5","s4",7.02213496664811,2,300,0.2
"s5","s4",7.7002396042148,2,300,0.2
"s5","s4",6.55785791591746,2,300,0.2
"s5","s4",7.0213682800589,2,300,0.2
"s5","s4",6.82482232724499,2,300,0.2
"s5","s4",7.39476644341326,2,300,0.2
"s5","s4",7.14106724412045,2,300,0.2
"s5","s4",6.79590703101397,2,300,0.2
"s5","s4",7.28579073101633,2,300,0.2
"s5","s4",6.8157213743639,2,300,0.2
"s5","s4",6.9987132589259,2,300,0.2
"s5","s4",6.99360668167328,2,300,0.2
"s5","s4",7.23327831284752,2,300,0.2
"s5","s4",7.08219552819759,2,300,0.2
"s5","s4",7.12803263632878,2,300,0.2
"s5","s4",7.37245943421814,2,300,0.2
"s5","s4",7.25799878765827,2,300,0.2
"s5","s4",6.71460831558909,2,300,0.2
"s5","s4",7.00152044090858,2,300,0.2
"s5","s4",6.79820321380416,2,300,0.2
"s5","s4",6.73174647807996,2,300,0.2
"s5","s4",7.39838369694293,2,300,0.2
"s5","s4",6.9764923867226,2,300,0.2
"s5","s4",6.4840182648183,2,300,0.2
"s5","s4",7.04828388886103,2,300,0.2
"s5","s4",6.93579008912395,2,300,0.2
"s5","s4",6.86659682699243,2,300,0.2
"s5","s4",7.45815058292066,2,300,0.2
"s5","s4",6.92407473431379,2,300,0.2
"s5","s4",6.44657076286082,2,300,0.2
"s5","s4",7.59188969326542,2,300,0.2
"s5","s4",7.20600295873258,2,300,0.2
"s5","s4",7.39297055595004,2,300,0.2
"s5","s4",6.91452850898771,2,300,0.2
"s5","s4",6.50487691689545,2,300,0.2
"s5","s4",6.79860067633977,2,300,0.2
"s5","s4",6.41749546150459,2,300,0.2
"s5","s4",7.28787011076831,2,300,0.2
"s5","s4",6.66229422148518,2,300,0.2
"s5","s4",7.4564968860266,2,300,0.2
"s5","s4",6.94394362482822,2,300,0.2
"s5","s4",7.18037584044731,2,300,0.2
"s5","s4",7.0369774936311,2,300,0.2
"s5","s4",6.89342767580177,2,300,0.2
"s5","s4",6.64487798023201,2,300,0.2
"s5","s4",7.10874576286924,2,300,0.2
"s5","s4",7.02510618011675,2,300,0.2
"s5","s4",7.27241540163467,2,300,0.2
"s5","s4",6.83158810506534,2,300,0.2
"s5","s4",7.22479341279296,2,300,0.2
"s5","s4",6.77350570969212,2,300,0.2
"s5","s4",6.86008522390401,2,300,0.2
"s5","s4",6.72138079816045,2,300,0.2
"s5","s4",7.11730032893537,2,300,0.2
"s5","s4",6.88302007126791,2,300,0.2
"s5","s4",7.12877123090477,2,300,0.2
"s5","s4",6.86400227813694,2,300,0.2
"s5","s4",6.95565535651269,2,300,0.2
"s5","s4",7.39992984645337,2,300,0.2
"s5","s4",6.69250537868538,2,300,0.2
"s5","s4",7.0419760418082,2,300,0.2
"s5","s4",7.43374083914412,2,300,0.2
"s5","s4",7.19678348643723,2,300,0.2
"s5","s4",6.73044474978104,2,300,0.2
"s5","s4",6.7781317692973,2,300,0.2
"s5","s4",7.27106217866856,2,300,0.2
"s5","s4",7.09474135946995,2,300,0.2
"s5","s4",7.22964674839892,2,300,0.2
"s5","s4",6.85067413295573,2,300,0.2
"s5","s4",6.50722295539168,2,300,0.2
"s5","s4",6.82935998596319,2,300,0.2
"s5","s4",7.60100580244449,2,300,0.2
"s5","s4",6.81672384556646,2,300,0.2
"s5","s4",6.77442694566196,2,300,0.2
"s5","s4",7.4156407115913,2,300,0.2
"s5","s4",6.36012728600829,2,300,0.2
"s5","s4",7.21379688571801,2,300,0.2
"s5","s4",7.13399381117628,2,300,0.2
"s5","s4",6.92948442665389,2,300,0.2
"s5","s4",6.91821283675506,2,300,0.2
"s5","s4",6.86773615327553,2,300,0.2
"s5","s4",6.86130489130385,2,300,0.2
"s5","s4",6.73301500084122,2,300,0.2
"s5","s4",7.28895112681528,2,300,0.2
"s5","s4",7.28363569650482,2,300,0.2
"s5","s4",6.91097186742486,2,300,0.2
"s5","s4",7.4234905559827,2,300,0.2
"s5","s4",7.13977773432079,2,300,0.2
"s5","s4",6.75009948894473,2,300,0.2
"s5","s4",7.2038294460929,2,300,0.2
"s5","s4",6.99499272453295,2,300,0.2
"s5","s4",6.93476554254882,2,300,0.2
"s5","s4",6.76672214903985,2,300,0.2
"s5","s4",7.18992599977102,2,300,0.2
"s5","s4",6.94005052103813,2,300,0.2
"s5","s4",7.06600063047092,2,300,0.2
"s5","s4",6.80503222718309,2,300,0.2
"s5","s4",6.93971382739306,2,300,0.2
"s5","s4",6.93984705706796,2,300,0.2
"s5","s4",6.7562554700941,2,300,0.2
"s5","s4",6.81462995379138,2,300,0.2
"s5","s4",7.40989828033574,2,300,0.2
"s5","s4",7.56370142755229,2,300,0.2
"s5","s4",7.04419119571131,2,300,0.2
"s5","s4",6.73877812676704,2,300,0.2
"s5","s4",6.66466746439841,2,300,0.2
"s5","s4",7.18363833874342,2,300,0.2
"s5","s4",7.25588718419884,2,300,0.2
"s5","s4",6.79764172551482,2,300,0.2
"s5","s4",7.33471629665623,2,300,0.2
"s5","s4",6.61772634246164,2,300,0.2
"s5","s4",6.78494646690618,2,300,0.2
"s5","s4",7.18998512563955,2,300,0.2
"s5","s4",7.38706988211293,2,300,0.2
"s5","s4",7.07061607399666,2,300,0.2
"s5","s4",7.01400217435142,2,300,0.2
"s5","s4",6.90589370470909,2,300,0.2
"s5","s4",7.02331992763527,2,300,0.2
"s5","s4",6.84439636204274,2,300,0.2
"s5","s4",7.12349821595038,2,300,0.2
"s5","s4",7.15477193731925,2,300,0.2
"s5","s4",6.99604930878252,2,300,0.2
"s5","s4",7.54610566177693,2,300,0.2
"s5","s4",6.81769023063448,2,300,0.2
"s5","s4",7.1076394791821,2,300,0.2
"s5","s4",6.84812913457108,2,300,0.2
"s5","s4",6.87416143742952,2,300,0.2
"s5","s4",6.69608137219628,2,300,0.2
"s5","s4",6.41117078273859,2,300,0.2
"s5","s4",6.93935700155096,2,300,0.2
"s5","s4",7.03598385729312,2,300,0.2
"s5","s4",7.62275042244914,2,300,0.2
"s5","s4",6.91123336927205,2,300,0.2
"s5","s4",6.99659929354053,2,300,0.2
"s5","s4",6.80426167626231,2,300,0.2
"s5","s4",7.00920543310926,2,300,0.2
"s5","s4",7.03663666062036,2,300,0.2
"s5","s4",6.82136173178461,2,300,0.2
"s5","s4",7.17191419685772,2,300,0.2
"s5","s4",6.93984705706796,2,300,0.2
"s5","s4",7.08435020127976,2,300,0.2
"s5","s4",6.87169640037382,2,300,0.2
"s5","s4",7.47236858670324,2,300,0.2
"s5","s4",7.67135652498089,2,300,0.2
"s5","s4",7.20459629409994,2,300,0.2
"s5","s4",7.10941438437358,2,300,0.2
"s5","s4",6.62121836593738,2,300,0.2
"s5","s4",6.89739310898875,2,300,0.2
"s5","s4",6.96522130653457,2,300,0.2
"s5","s4",7.28217893863148,2,300,0.2
"s5","s4",6.38357202909935,2,300,0.2
"s5","s4",6.98953708853579,2,300,0.2
"s5","s4",7.57586624989212,2,300,0.2
"s5","s4",7.09448022539789,2,300,0.2
"s5","s4",6.58748954797724,2,300,0.2
"s5","s4",6.92668775540245,2,300,0.2
"s5","s4",6.76325118551358,2,300,0.2
"s5","s4",6.27984466501611,2,300,0.2
"s5","s4",7.2998299295066,2,300,0.2
"s5","s4",6.86248722775259,2,300,0.2
"s5","s4",7.25559941020856,2,300,0.2
"s5","s4",6.5928192239521,2,300,0.2
"s5","s4",6.39001008226177,2,300,0.2
"s5","s4",7.0450900152503,2,300,0.2
"s5","s4",7.18406888968556,2,300,0.2
"s5","s4",6.79248952299969,2,300,0.2
"s5","s4",6.67672136419634,2,300,0.2
"s5","s4",7.03735127790947,2,300,0.2
"s5","s4",7.76986599761594,2,300,0.2
"s5","s4",7.08365212091879,2,300,0.2
"s5","s4",7.64869301068689,2,300,0.2
"s5","s4",6.97254977226103,2,300,0.2
"s5","s4",6.3931058845174,2,300,0.2
"s5","s4",6.86931673063661,2,300,0.2
"s5","s4",6.67854943534535,2,300,0.2
"s5","s4",6.96212019062332,2,300,0.2
"s5","s4",6.8037155943441,2,300,0.2
"s5","s4",6.79178716708572,2,300,0.2
"s5","s4",7.217893376269,2,300,0.2
"s5","s4",7.09604014975979,2,300,0.2
"s5","s4",7.55742767277926,2,300,0.2
"s5","s4",6.96603743447251,2,300,0.2
"s5","s4",7.47647781804241,2,300,0.2
"s5","s4",7.26836336126448,2,300,0.2
"s5","s4",6.56195601105105,2,300,0.2
"s5","s4",6.90252792857073,2,300,0.2
"s5","s4",7.11537264587038,2,300,0.2
"s5","s4",6.87212328273513,2,300,0.2
"s5","s4",7.2609533446699,2,300,0.2
"s5","s4",6.96488715156531,2,300,0.2
"s5","s4",6.73044474978104,2,300,0.2
"s5","s4",7.03990099176729,2,300,0.2
"s5","s4",6.76628415417877,2,300,0.2
"s5","s4",7.25931739950616,2,300,0.2
"s5","s4",7.58090676929167,2,300,0.2
"s5","s4",7.28899720383458,2,300,0.2
"s5","s4",7.57424649267759,2,300,0.2
"s5","s4",7.51479035468568,2,300,0.2
"s5","s4",6.71395977637576,2,300,0.2
"s5","s4",6.95776962699713,2,300,0.2
"s5","s4",6.93971382739306,2,300,0.2
"s5","s4",6.97406064413751,2,300,0.2
"s5","s4",7.36709182700152,2,300,0.2
"s5","s4",7.26087147268044,2,300,0.2
"s5","s4",6.4411579911286,2,300,0.2
"s5","s4",6.95317202846688,2,300,0.2
"s5","s4",6.83169098888597,2,300,0.2
"s5","s4",7.15312569951013,2,300,0.2
"s5","s4",7.0226844782527,2,300,0.2
"s5","s4",6.48938940932994,2,300,0.2
"s5","s4",7.28668107245693,2,300,0.2
"s5","s4",6.76791456317315,2,300,0.2
"s5","s4",7.25799878765827,2,300,0.2
"s5","s4",6.90753628631754,2,300,0.2
"s5","s4",7.33636660160482,2,300,0.2
"s5","s4",7.21782367722267,2,300,0.2
"s5","s4",7.33683510847206,2,300,0.2
"s5","s4",7.03337232947342,2,300,0.2
"s5","s4",7.73711904418645,2,300,0.2
"s5","s4",6.79887253743151,2,300,0.2
"s5","s4",7.29915799301231,2,300,0.2
"s5","s4",7.57246417506759,2,300,0.2
"s5","s4",7.43200844786278,2,300,0.2
"s5","s4",6.99685857283054,2,300,0.2
"s5","s4",6.75734154320784,2,300,0.2
"s5","s4",6.4482916474832,2,300,0.2
"s5","s4",6.79055210100167,2,300,0.2
"s5","s4",7.44851663733509,2,300,0.2
"s5","s4",6.94842945883245,2,300,0.2
"s5","s4",7.13604465442675,2,300,0.2
"s5","s4",7.08428637412204,2,300,0.2
"s5","s4",7.18605478177123,2,300,0.2
"s5","s4",7.18098165266568,2,300,0.2
"s5","s4",7.12217190014007,2,300,0.2
"s5","s4",7.26500174498079,2,300,0.2
"s5","s4",6.91771687633913,2,300,0.2
"s5","s4",7.82814126388802,2,300,0.2
"s5","s4",7.00088469342698,2,300,0.2
"s5","s4",7.24343969252334,2,300,0.2
"s5","s4",6.60666235046646,2,300,0.2
"s5","s4",6.86038054702416,2,300,0.2
"s5","s4",7.38000231024068,2,300,0.2
"s5","s4",6.60244693293589,2,300,0.2
"s5","s4",7.22316453633726,2,300,0.2
"s5","s4",6.95590292099895,2,300,0.2
"s5","s4",7.09399708948124,2,300,0.2
"s5","s4",6.98533553130172,2,300,0.2
"s5","s4",6.91756359510995,2,300,0.2
"s5","s4",7.29262796970214,2,300,0.2
"s5","s4",6.8450992504298,2,300,0.2
"s5","s4",7.49022809611571,2,300,0.2
"s5","s4",6.87219755488171,2,300,0.2
"s5","s4",6.70434594662419,2,300,0.2
"s5","s4",7.17642251350175,2,300,0.2
"s5","s4",7.41122843964069,2,300,0.2
"s5","s4",6.53151766658766,2,300,0.2
"s5","s4",7.35081537926027,2,300,0.2
"s5","s4",7.21298649274953,2,300,0.2
"s5","s4",7.01763038000105,2,300,0.2
"s5","s4",7.03620318887723,2,300,0.2
"s5","s4",7.14093368404181,2,300,0.2
"s5","s4",7.0707952470577,2,300,0.2
"s5","s4",7.33515918017156,2,300,0.2
"s5","s4",7.09659324246545,2,300,0.2
"s5","s4",6.89583889905725,2,300,0.2
"s5","s4",6.89445025060161,2,300,0.2
"s5","s4",6.98809829780879,2,300,0.2
"s5","s4",7.38631379068772,2,300,0.2
"s5","s4",7.67740538020465,2,300,0.2
"s5","s4",6.91116544289466,2,300,0.2
"s5","s4",7.39945369661562,2,300,0.2
"s5","s4",7.42452903930496,2,300,0.2
"s5","s4",6.95853554626861,2,300,0.2
"s5","s4",6.98533553130172,2,300,0.2
"s5","s4",7.31806703942053,2,300,0.2
"s5","s4",7.63894408778775,2,300,0.2
"s5","s4",7.15477193731925,2,300,0.2
"s5","s4",7.41658188885096,2,300,0.2
"s5","s4",7.17922679071268,2,300,0.2
"s5","s4",7.20728422150538,2,300,0.2
"s5","s4",7.38631379068772,2,300,0.2
"s5","s4",7.0984146625197,2,300,0.2
"s5","s4",7.17410196354762,2,300,0.2
"s5","s4",7.05194778276902,2,300,0.2
"s5","s4",7.77309089673005,2,300,0.2
"s5","s4",7.22133708042199,2,300,0.2
"s5","s4",7.24688921585243,2,300,0.2
"s5","s4",7.32279177201352,2,300,0.2
"s5","s4",6.93212695100222,2,300,0.2
"s5","s4",7.11813483422318,2,300,0.2
"s5","s4",7.19492853490405,2,300,0.2
"s5","s4",7.22964674839892,2,300,0.2
"s5","s4",6.8436507649684,2,300,0.2
"s5","s4",6.76855687717864,2,300,0.2
"s5","s4",7.1455146989103,2,300,0.2
"s5","s4",6.98373245857111,2,300,0.2
"s5","s4",7.23767624676022,2,300,0.2
"s5","s4",7.28528455543338,2,300,0.2
"s5","s4",7.20269427738335,2,300,0.2
"s5","s4",6.92258540834167,2,300,0.2
"s5","s4",7.37926704733493,2,300,0.2
"s5","s4",7.01210250673856,2,300,0.2
"s5","s4",7.09277598083924,2,300,0.2
"s5","s4",6.74792512206511,2,300,0.2
"s5","s4",7.32915643213238,2,300,0.2
"s5","s4",6.93997487833414,2,300,0.2
"s5","s4",7.1644822539022,2,300,0.2
"s5","s4",7.19231789537956,2,300,0.2
"s5","s4",6.74878033500738,2,300,0.2
"s5","s4",7.12808529058573,2,300,0.2
"s5","s4",7.09074280465936,2,300,0.2
"s5","s4",7.49009015487673,2,300,0.2
"s5","s4",7.05583915704459,2,300,0.2
"s5","s4",7.63344529935148,2,300,0.2
"s5","s4",7.27720399384943,2,300,0.2
"s5","s4",6.92269546122154,2,300,0.2
"s5","s4",7.03164221026026,2,300,0.2
"s5","s4",7.21482374496219,2,300,0.2
"s5","s4",6.82565617210827,2,300,0.2
"s5","s4",6.92668775540245,2,300,0.2
"s5","s4",6.65454235568239,2,300,0.2
"s5","s4",7.04839485631055,2,300,0.2
"s5","s4",7.06503463353489,2,300,0.2
"s5","s4",6.98280061469119,2,300,0.2
"s5","s4",7.19398729917431,2,300,0.2
"s5","s4",6.93052024124811,2,300,0.2
"s5","s4",6.83575032407439,2,300,0.2
"s5","s4",7.04745483400569,2,300,0.2
"s5","s4",7.03991059948756,2,300,0.2
"s5","s4",6.71485745092524,2,300,0.2
"s5","s4",6.58059249285219,2,300,0.2
"s5","s4",6.83294381911316,2,300,0.2
"s5","s4",7.27916557713169,2,300,0.2
"s5","s4",7.21206610259819,2,300,0.2
"s5","s4",6.77397952950987,2,300,0.2
"s5","s4",6.80503222718309,2,300,0.2
"s5","s4",6.64494711600918,2,300,0.2
"s5","s4",6.99406720977709,2,300,0.2
"s5","s4",6.30079827258945,2,300,0.2
"s5","s4",6.77542109973193,2,300,0.2
"s5","s4",7.13715610400577,2,300,0.2
"s5","s4",7.20120274045985,2,300,0.2
"s5","s4",7.61495005169804,2,300,0.2
"s5","s4",6.85862260693875,2,300,0.2
"s5","s4",7.04170331079474,2,300,0.2
"s5","s4",6.80859903102277,2,300,0.2
"s5","s4",6.97529390218169,2,300,0.2
"s5","s4",6.65019817657341,2,300,0.2
"s5","s4",6.91766914459151,2,300,0.2
"s5","s4",6.11999121527677,2,300,0.2
"s5","s4",6.71638305210976,2,300,0.2
"s5","s4",7.03192210934137,2,300,0.2
"s5","s4",6.78235009205925,2,300,0.2
"s5","s4",7.04184773986622,2,300,0.2
"s5","s4",7.15393022643947,2,300,0.2
"s5","s4",7.11741874782831,2,300,0.2
"s5","s4",7.06655283092724,2,300,0.2
"s5","s4",7.28736504273073,2,300,0.2
"s5","s4",7.44887465341958,2,300,0.2
"s5","s4",7.40456133434345,2,300,0.2
"s5","s4",6.93971382739306,2,300,0.2
"s5","s4",7.17157979755736,2,300,0.2
"s5","s4",7.0360853505203,2,300,0.2
"s5","s4",7.30574390870183,2,300,0.2
"s5","s4",6.68117811803482,2,300,0.2
"s5","s4",6.67977497899585,2,300,0.2
"s5","s4",7.02409130679521,2,300,0.2
"s5","s4",6.47787644101251,2,300,0.2
"s5","s4",7.22744424344418,2,300,0.2
"s5","s4",6.87418248282985,2,300,0.2
"s5","s4",6.81757447887802,2,300,0.2
"s5","s4",7.54334532100278,2,300,0.2
"s5","s4",7.09813536876642,2,300,0.2
"s5","s4",6.79891576298638,2,300,0.2
